0.0100000 0.9733612 0.0013978 0.0000115 0.0000058 0.0000013 0.0000104 0.0000026 0.0000000 0.9747907
0.0300803 0.9219937 0.0072903 0.0000457 0.0000614 0.0000095 0.0000013 0.0000000 0.0000000 0.9294020
0.0501606 0.8733370 0.0147098 0.0001139 0.0000058 0.0000139 0.0000158 0.0000000 0.0000000 0.8881962
0.0702410 0.8272481 0.0229375 0.0004060 0.0000145 0.0001246 0.0000003 0.0000012 0.0000000 0.8507322
0.0903213 0.7835915 0.0311531 0.0006677 0.0000022 0.0000042 0.0000041 0.0000000 0.0000000 0.8154226
0.1104016 0.7422387 0.0403891 0.0010098 0.0000056 0.0000182 0.0000012 0.0000037 0.0000001 0.7836664
0.1304819 0.7030683 0.0488289 0.0019830 0.0000135 0.0000008 0.0000069 0.0000000 0.0000000 0.7539014
0.1505622 0.6659651 0.0570864 0.0026958 0.0000784 0.0000187 0.0000017 0.0000033 0.0000000 0.7258493
0.1706426 0.6308199 0.0651970 0.0034985 0.0001418 0.0000093 0.0000004 0.0000098 0.0000013 0.6996780
0.1907229 0.5975294 0.0724481 0.0043837 0.0001514 0.0000179 0.0000045 0.0000097 0.0000000 0.6745446
0.2108032 0.5659958 0.0800729 0.0057133 0.0002555 0.0000030 0.0000095 0.0000006 0.0000010 0.6520516
0.2308835 0.5361263 0.0860357 0.0064336 0.0002847 0.0000069 0.0000000 0.0000000 0.0000000 0.6288871
0.2509639 0.5078331 0.0923297 0.0087787 0.0004761 0.0000029 0.0000001 0.0000001 0.0000076 0.6094284
0.2710442 0.4810331 0.0977480 0.0102849 0.0005879 0.0000369 0.0000048 0.0000166 0.0000000 0.5897122
0.2911245 0.4556473 0.1023577 0.0113173 0.0006972 0.0000523 0.0000028 0.0000005 0.0000000 0.5700752
0.3112048 0.4316013 0.1071679 0.0133471 0.0010940 0.0000285 0.0000001 0.0000001 0.0000000 0.5532391
0.3312851 0.4088243 0.1107310 0.0157335 0.0014340 0.0001562 0.0000114 0.0000000 0.0000000 0.5368905
0.3513655 0.3872492 0.1142760 0.0176950 0.0019342 0.0002356 0.0000028 0.0000000 0.0000000 0.5213928
0.3714458 0.3668128 0.1171273 0.0183815 0.0021673 0.0001487 0.0000436 0.0000000 0.0000000 0.5046811
0.3915261 0.3474549 0.1200549 0.0218598 0.0025348 0.0003286 0.0000380 0.0000230 0.0000000 0.4922940
0.4116064 0.3291185 0.1219042 0.0230316 0.0031844 0.0002531 0.0000456 0.0000003 0.0000000 0.4775377
0.4316867 0.3117498 0.1239633 0.0254639 0.0034440 0.0004223 0.0000161 0.0000014 0.0000002 0.4650610
0.4517671 0.2952978 0.1243231 0.0262966 0.0038550 0.0005501 0.0000458 0.0000030 0.0000115 0.4503829
0.4718474 0.2797139 0.1263569 0.0280458 0.0052082 0.0006170 0.0000634 0.0000017 0.0000030 0.4400099
0.4919277 0.2649525 0.1267856 0.0310329 0.0051575 0.0005403 0.0000771 0.0000016 0.0000000 0.4285475
0.5120080 0.2509700 0.1266641 0.0317027 0.0059275 0.0009681 0.0003276 0.0000243 0.0000000 0.4165842
0.5320884 0.2377255 0.1269193 0.0331525 0.0063853 0.0010454 0.0002348 0.0000051 0.0000000 0.4054679
0.5521687 0.2251799 0.1268782 0.0367773 0.0065520 0.0010971 0.0002357 0.0001232 0.0000043 0.3968478
0.5722490 0.2132965 0.1261824 0.0382751 0.0073130 0.0013863 0.0001412 0.0000045 0.0000020 0.3866010
0.5923293 0.2020401 0.1251895 0.0388309 0.0080415 0.0012553 0.0002299 0.0000363 0.0000423 0.3756658
0.6124096 0.1913778 0.1244732 0.0410937 0.0093602 0.0013958 0.0001267 0.0000566 0.0000012 0.3678852
0.6324900 0.1812781 0.1230923 0.0422891 0.0103342 0.0023450 0.0003480 0.0000123 0.0000001 0.3596991
0.6525703 0.1717115 0.1223759 0.0442185 0.0109914 0.0019751 0.0001913 0.0000118 0.0000020 0.3514775
0.6726506 0.1626497 0.1206762 0.0460316 0.0119896 0.0024956 0.0003292 0.0000120 0.0000000 0.3441840
0.6927309 0.1540661 0.1192049 0.0461570 0.0127368 0.0023809 0.0003299 0.0000718 0.0000266 0.3349739
0.7128112 0.1459355 0.1170985 0.0468400 0.0126095 0.0027349 0.0003841 0.0000101 0.0000000 0.3256126
0.7328916 0.1382340 0.1153970 0.0486479 0.0137161 0.0029279 0.0004972 0.0000948 0.0000023 0.3195172
0.7529719 0.1309389 0.1131677 0.0494472 0.0151263 0.0030082 0.0004256 0.0001035 0.0000080 0.3122254
0.7730522 0.1240289 0.1119005 0.0505516 0.0163591 0.0035895 0.0004413 0.0001290 0.0000036 0.3070034
0.7931325 0.1174834 0.1091046 0.0508759 0.0161806 0.0037800 0.0007144 0.0000588 0.0000000 0.2981978
0.8132129 0.1112835 0.1066204 0.0523887 0.0176724 0.0038948 0.0007076 0.0000755 0.0000004 0.2926433
0.8332932 0.1054107 0.1048875 0.0525196 0.0180632 0.0048018 0.0008185 0.0000796 0.0000016 0.2865824
0.8533735 0.0998478 0.1030881 0.0535475 0.0197989 0.0054311 0.0009943 0.0001591 0.0000124 0.2828791
0.8734538 0.0945785 0.1004038 0.0539077 0.0196177 0.0051615 0.0013009 0.0001953 0.0000245 0.2751898
0.8935341 0.0895873 0.0983034 0.0540101 0.0207006 0.0061338 0.0018471 0.0005250 0.0001410 0.2712484
0.9136145 0.0848594 0.0955730 0.0541442 0.0212202 0.0063600 0.0016621 0.0002144 0.0000105 0.2640438
0.9336948 0.0803811 0.0937021 0.0543730 0.0218695 0.0069720 0.0016760 0.0002616 0.0000726 0.2593078
0.9537751 0.0761391 0.0912840 0.0562031 0.0230771 0.0068952 0.0017137 0.0003335 0.0000389 0.2556846
0.9738554 0.0721210 0.0887150 0.0549324 0.0233403 0.0075116 0.0019369 0.0005076 0.0001266 0.2491913
0.9939357 0.0683150 0.0868748 0.0561296 0.0239656 0.0080801 0.0024500 0.0005413 0.0001705 0.2465269
1.0140161 0.0647098 0.0843456 0.0558735 0.0244523 0.0077786 0.0018339 0.0003830 0.0000780 0.2394547
1.0340964 0.0612948 0.0820409 0.0557234 0.0254208 0.0086832 0.0025918 0.0005479 0.0001475 0.2364502
1.0541767 0.0580601 0.0796643 0.0553353 0.0260234 0.0097446 0.0027307 0.0008053 0.0001874 0.2325512
1.0742570 0.0549960 0.0778706 0.0558860 0.0267819 0.0098403 0.0031135 0.0006585 0.0000818 0.2292288
1.0943373 0.0520937 0.0752714 0.0548915 0.0276204 0.0100090 0.0033583 0.0009823 0.0001953 0.2244219
1.1144177 0.0493446 0.0727931 0.0530772 0.0271680 0.0101061 0.0033212 0.0010099 0.0001929 0.2170129
1.1344980 0.0467405 0.0709606 0.0539178 0.0284214 0.0108217 0.0034977 0.0008331 0.0003436 0.2155364
1.1545783 0.0442738 0.0685272 0.0534419 0.0286907 0.0118928 0.0033986 0.0007182 0.0001339 0.2110772
1.1746586 0.0419374 0.0666254 0.0523420 0.0281140 0.0115715 0.0039590 0.0010453 0.0002110 0.2058056
1.1947390 0.0397242 0.0650507 0.0528039 0.0297057 0.0128999 0.0048332 0.0011223 0.0003774 0.2065172
1.2148193 0.0376278 0.0621138 0.0523298 0.0299363 0.0128740 0.0044813 0.0010783 0.0002554 0.2006967
1.2348996 0.0356421 0.0605689 0.0504752 0.0292792 0.0128875 0.0047581 0.0013701 0.0005898 0.1955708
1.2549799 0.0337611 0.0585528 0.0512414 0.0303222 0.0146895 0.0052267 0.0014898 0.0003047 0.1955882
1.2750602 0.0319794 0.0567652 0.0504149 0.0305971 0.0143945 0.0057328 0.0016194 0.0004433 0.1919466
1.2951406 0.0302918 0.0549427 0.0499574 0.0308091 0.0144733 0.0061038 0.0023016 0.0007548 0.1896344
1.3152209 0.0286932 0.0533124 0.0495345 0.0313873 0.0151579 0.0061295 0.0018350 0.0004202 0.1864700
1.3353012 0.0271789 0.0514474 0.0490811 0.0310286 0.0151708 0.0060013 0.0020130 0.0004823 0.1824035
1.3553815 0.0257446 0.0498436 0.0481619 0.0309257 0.0159730 0.0063134 0.0020566 0.0007261 0.1797450
1.3754618 0.0243860 0.0476920 0.0465720 0.0315029 0.0154845 0.0064909 0.0025922 0.0006868 0.1754073
1.3955422 0.0230990 0.0460286 0.0464218 0.0323903 0.0170035 0.0068757 0.0022324 0.0007418 0.1747931
1.4156225 0.0218800 0.0441954 0.0460113 0.0322705 0.0170780 0.0070809 0.0023774 0.0009947 0.1718883
1.4357028 0.0207254 0.0428741 0.0445201 0.0317325 0.0174885 0.0073718 0.0026670 0.0008755 0.1682549
1.4557831 0.0196316 0.0416365 0.0448478 0.0312184 0.0165882 0.0076642 0.0031738 0.0008699 0.1656304
1.4758635 0.0185956 0.0402173 0.0431621 0.0324060 0.0179995 0.0081225 0.0029649 0.0009951 0.1644628
1.4959438 0.0176142 0.0389639 0.0428185 0.0317550 0.0174473 0.0083712 0.0032459 0.0009609 0.1611770
1.5160241 0.0166847 0.0372042 0.0415360 0.0317837 0.0185924 0.0083928 0.0034063 0.0011324 0.1587326
1.5361044 0.0158042 0.0359210 0.0413382 0.0312063 0.0186021 0.0088007 0.0032978 0.0012172 0.1561874
1.5561847 0.0149701 0.0348441 0.0406336 0.0320404 0.0187237 0.0098229 0.0042536 0.0013334 0.1566219
1.5762651 0.0141801 0.0332311 0.0392416 0.0318282 0.0190224 0.0098580 0.0037763 0.0015042 0.1526419
1.5963454 0.0134318 0.0322733 0.0383537 0.0315631 0.0195819 0.0093384 0.0037564 0.0014862 0.1497848