0.0100000 0.9782402 0.0014223 0.0000002 0.0000087 0.0000502 0.0002662 0.0000372 0.0000000 0.9800251
0.0300803 0.9359655 0.0073019 0.0000495 0.0000096 0.0000000 0.0000000 0.0000000 0.0000000 0.9433265
0.0501606 0.8955176 0.0148036 0.0001192 0.0000319 0.0000045 0.0000484 0.0000160 0.0000011 0.9105423
0.0702410 0.8568177 0.0236422 0.0003164 0.0000020 0.0000091 0.0000026 0.0000196 0.0000014 0.8808111
0.0903213 0.8197902 0.0327689 0.0005966 0.0000190 0.0000074 0.0000024 0.0000152 0.0000006 0.8532003
0.1104016 0.7843629 0.0421712 0.0010686 0.0000083 0.0000029 0.0000059 0.0000749 0.0000000 0.8276946
0.1304819 0.7504665 0.0517111 0.0019742 0.0000225 0.0000070 0.0000035 0.0000088 0.0001524 0.8043460
0.1505622 0.7180350 0.0614881 0.0025363 0.0000315 0.0000043 0.0000016 0.0000000 0.0000000 0.7820968
0.1706426 0.6870050 0.0708008 0.0034674 0.0001435 0.0000168 0.0000029 0.0000000 0.0000000 0.7614364
0.1907229 0.6573160 0.0794528 0.0046211 0.0001269 0.0000030 0.0000073 0.0000019 0.0000001 0.7415291
0.2108032 0.6289100 0.0874317 0.0064735 0.0002905 0.0001245 0.0000020 0.0000102 0.0000015 0.7232440
0.2308835 0.6017316 0.0960919 0.0088673 0.0004830 0.0000183 0.0000233 0.0000017 0.0000000 0.7072172
0.2509639 0.5757277 0.1040445 0.0089762 0.0007223 0.0000407 0.0000106 0.0000043 0.0000616 0.6895878
0.2710442 0.5508475 0.1112843 0.0117338 0.0009286 0.0000559 0.0000013 0.0000000 0.0000000 0.6748515
0.2911245 0.5270426 0.1178857 0.0133862 0.0009835 0.0000570 0.0000053 0.0000439 0.0000003 0.6594045
0.3112048 0.5042664 0.1239504 0.0164766 0.0012915 0.0000325 0.0000465 0.0000029 0.0000001 0.6460670
0.3312851 0.4824745 0.1301782 0.0181447 0.0016395 0.0001006 0.0000754 0.0000869 0.0000032 0.6327028
0.3513655 0.4616243 0.1351858 0.0195824 0.0019325 0.0001082 0.0000054 0.0000129 0.0000003 0.6184518
0.3714458 0.4416751 0.1403377 0.0223959 0.0026065 0.0001196 0.0000744 0.0000298 0.0000024 0.6072413
0.3915261 0.4225881 0.1445040 0.0262049 0.0030171 0.0005546 0.0000919 0.0000002 0.0000000 0.5969609
0.4116064 0.4043259 0.1491625 0.0284634 0.0031955 0.0002238 0.0000570 0.0000026 0.0000001 0.5854307
0.4316867 0.3868529 0.1516640 0.0305632 0.0039926 0.0005163 0.0001207 0.0000035 0.0000000 0.5737131
0.4517671 0.3701350 0.1546497 0.0334170 0.0052282 0.0008053 0.0001648 0.0000500 0.0000063 0.5644560
0.4718474 0.3541395 0.1574490 0.0347652 0.0054778 0.0008893 0.0000695 0.0000022 0.0000000 0.5527927
0.4919277 0.3388354 0.1611272 0.0384495 0.0056807 0.0007486 0.0000151 0.0000000 0.0000000 0.5448565
0.5120080 0.3241925 0.1624547 0.0403982 0.0069270 0.0009480 0.0000580 0.0000002 0.0000000 0.5349786
0.5320884 0.3101825 0.1639912 0.0446227 0.0086238 0.0011658 0.0003454 0.0000017 0.0000000 0.5289332
0.5521687 0.2967779 0.1646669 0.0446699 0.0086671 0.0012937 0.0001943 0.0000269 0.0000004 0.5162972
0.5722490 0.2839526 0.1657886 0.0495205 0.0095378 0.0016513 0.0001018 0.0000164 0.0000003 0.5105695
0.5923293 0.2716816 0.1674011 0.0529790 0.0109718 0.0018419 0.0004042 0.0000348 0.0000004 0.5053147
0.6124096 0.2599408 0.1675349 0.0553415 0.0116884 0.0021937 0.0001239 0.0000867 0.0000000 0.4969098
0.6324900 0.2487075 0.1676540 0.0566843 0.0134438 0.0019726 0.0002029 0.0000375 0.0000000 0.4887025
0.6525703 0.2379595 0.1678792 0.0613769 0.0147607 0.0026869 0.0004534 0.0000445 0.0000142 0.4851754
0.6726506 0.2276761 0.1662820 0.0628069 0.0155499 0.0030115 0.0004334 0.0000189 0.0000001 0.4757788
0.6927309 0.2178370 0.1655829 0.0648524 0.0159160 0.0028794 0.0004910 0.0002304 0.0000082 0.4677974
0.7128112 0.2084232 0.1658503 0.0660115 0.0180712 0.0035415 0.0007036 0.0001734 0.0000839 0.4628586
0.7328916 0.1994161 0.1645643 0.0680315 0.0193406 0.0039497 0.0006067 0.0000657 0.0000010 0.4559755
0.7529719 0.1907984 0.1630120 0.0714046 0.0209611 0.0052489 0.0007962 0.0000940 0.0000031 0.4523183
0.7730522 0.1825530 0.1619089 0.0704546 0.0216544 0.0046170 0.0011424 0.0001862 0.0001395 0.4426560
0.7931325 0.1746639 0.1611864 0.0761090 0.0238906 0.0058352 0.0011018 0.0000252 0.0000005 0.4428125
0.8132129 0.1671158 0.1590939 0.0760987 0.0241798 0.0062922 0.0014019 0.0001855 0.0000246 0.4343924
0.8332932 0.1598939 0.1576138 0.0774231 0.0257858 0.0064147 0.0010396 0.0001112 0.0000234 0.4283056
0.8533735 0.1529840 0.1554586 0.0794429 0.0277711 0.0071957 0.0016632 0.0004046 0.0001015 0.4250217
0.8734538 0.1463728 0.1530931 0.0809290 0.0279233 0.0071993 0.0016249 0.0001899 0.0000116 0.4173439
0.8935341 0.1400473 0.1513307 0.0823188 0.0310282 0.0082026 0.0015845 0.0003088 0.0000129 0.4148339
0.9136145 0.1339951 0.1494453 0.0846195 0.0318567 0.0087550 0.0020098 0.0003258 0.0000370 0.4110444
0.9336948 0.1282045 0.1469369 0.0845654 0.0326657 0.0096597 0.0021565 0.0003445 0.0000347 0.4045678
0.9537751 0.1226641 0.1438495 0.0869655 0.0367762 0.0123184 0.0031934 0.0005690 0.0001362 0.4064723
0.9738554 0.1173632 0.1435373 0.0875077 0.0356972 0.0104404 0.0030272 0.0008977 0.0001161 0.3985869
0.9939357 0.1122913 0.1400926 0.0891305 0.0379362 0.0121936 0.0031847 0.0006477 0.0001098 0.3955865
1.0140161 0.1074386 0.1370834 0.0904413 0.0405315 0.0133666 0.0037231 0.0007180 0.0002757 0.3935783
1.0340964 0.1027957 0.1345714 0.0880128 0.0402492 0.0131697 0.0035368 0.0007147 0.0001730 0.3832233
1.0541767 0.0983533 0.1329350 0.0908557 0.0404563 0.0140602 0.0042265 0.0009918 0.0001432 0.3820221
1.0742570 0.0941030 0.1305683 0.0899536 0.0432610 0.0156180 0.0041092 0.0006775 0.0000329 0.3783236
1.0943373 0.0900363 0.1276013 0.0909467 0.0434414 0.0166489 0.0046742 0.0014617 0.0003208 0.3751313
1.1144177 0.0861454 0.1258256 0.0915428 0.0448810 0.0178784 0.0055731 0.0014090 0.0002739 0.3735292
1.1344980 0.0824226 0.1233208 0.0920073 0.0465289 0.0191230 0.0060695 0.0018403 0.0003583 0.3716708
1.1545783 0.0788607 0.1200424 0.0926626 0.0469961 0.0188155 0.0051170 0.0014770 0.0003676 0.3643388
1.1746586 0.0754527 0.1176327 0.0930478 0.0482752 0.0193801 0.0063605 0.0020122 0.0004351 0.3625962
1.1947390 0.0721920 0.1145705 0.0919762 0.0505927 0.0212577 0.0072952 0.0021733 0.0004611 0.3605187
1.2148193 0.0690722 0.1135035 0.0927651 0.0509599 0.0214163 0.0074394 0.0023279 0.0004239 0.3579082
1.2348996 0.0660873 0.1095609 0.0937640 0.0525036 0.0226609 0.0078186 0.0020632 0.0006396 0.3550981
1.2549799 0.0632313 0.1071709 0.0909529 0.0515371 0.0242976 0.0090651 0.0029725 0.0006951 0.3499224
1.2750602 0.0604988 0.1051556 0.0899699 0.0524120 0.0233607 0.0080251 0.0020564 0.0006286 0.3421070
1.2951406 0.0578843 0.1027587 0.0894994 0.0542405 0.0242023 0.0089729 0.0025188 0.0006052 0.3406822
1.3152209 0.0553828 0.0999512 0.0893389 0.0552846 0.0257856 0.0098638 0.0032558 0.0008334 0.3396962
1.3353012 0.0529894 0.0972801 0.0894015 0.0569885 0.0259695 0.0104135 0.0033410 0.0009561 0.3373396
1.3553815 0.0506995 0.0954493 0.0895859 0.0578394 0.0291412 0.0120653 0.0037864 0.0009778 0.3395447
1.3754618 0.0485085 0.0935540 0.0894562 0.0579330 0.0283277 0.0120372 0.0044076 0.0011534 0.3353776
1.3955422 0.0464122 0.0903753 0.0864490 0.0570528 0.0296649 0.0110544 0.0035375 0.0011397 0.3256858
1.4156225 0.0444065 0.0883925 0.0874957 0.0593649 0.0298204 0.0132794 0.0049134 0.0013056 0.3289784
1.4357028 0.0424875 0.0862014 0.0867932 0.0606426 0.0311801 0.0147102 0.0055900 0.0016029 0.3292078
1.4557831 0.0406514 0.0843009 0.0878441 0.0601044 0.0301613 0.0134543 0.0045497 0.0015047 0.3225707
1.4758635 0.0388946 0.0816498 0.0849506 0.0602376 0.0315343 0.0136620 0.0055710 0.0019940 0.3184940
1.4959438 0.0372138 0.0792348 0.0839461 0.0603552 0.0342667 0.0155920 0.0057351 0.0021166 0.3184603
1.5160241 0.0356056 0.0776582 0.0837861 0.0615519 0.0344786 0.0166282 0.0064927 0.0020907 0.3182920
1.5361044 0.0340669 0.0751815 0.0849696 0.0635095 0.0358212 0.0170780 0.0066993 0.0020689 0.3193948
1.5561847 0.0325947 0.0728447 0.0823630 0.0627649 0.0375727 0.0182522 0.0079250 0.0027125 0.3170296
1.5762651 0.0311861 0.0711436 0.0829910 0.0634294 0.0374231 0.0179540 0.0065345 0.0032390 0.3139009
1.5963454 0.0298384 0.0691686 0.0817608 0.0633653 0.0387512 0.0180520 0.0079754 0.0032523 0.3121640
1.6164257 0.0285489 0.0675901 0.0801626 0.0648483 0.0379022 0.0186074 0.0075357 0.0030845 0.3082796
1.6365060 0.0273152 0.0652784 0.0801829 0.0645258 0.0399170 0.0191851 0.0093277 0.0037072 0.3094393
1.6565863 0.0261347 0.0629114 0.0760322 0.0635204 0.0402557 0.0199103 0.0075990 0.0027144 0.2990782
1.6766667 0.0250053 0.0622283 0.0776971 0.0632047 0.0412304 0.0212087 0.0093835 0.0032132 0.3031712
1.6967470 0.0239247 0.0597413 0.0756781 0.0650678 0.0408203 0.0207496 0.0086843 0.0031376 0.2978037
1.7168273 0.0228908 0.0585909 0.0742351 0.0638351 0.0434755 0.0234334 0.0105927 0.0036555 0.3007089
1.7369076 0.0219016 0.0560908 0.0726529 0.0610309 0.0388365 0.0204085 0.0089900 0.0029205 0.2828316
1.7569880 0.0209551 0.0547293 0.0715748 0.0625689 0.0431117 0.0234649 0.0107538 0.0044280 0.2915865
1.7770683 0.0200495 0.0526697 0.0704106 0.0628359 0.0439171 0.0244455 0.0120721 0.0056465 0.2920469
1.7971486 0.0191831 0.0511389 0.0692638 0.0633700 0.0444709 0.0244806 0.0111154 0.0043570 0.2873796
1.8172289 0.0183541 0.0503672 0.0670522 0.0624473 0.0437365 0.0219679 0.0103667 0.0050044 0.2792964
1.8373092 0.0175609 0.0482075 0.0677593 0.0642913 0.0466547 0.0272786 0.0134074 0.0059954 0.2911551
1.8573896 0.0168020 0.0472022 0.0672457 0.0652078 0.0476043 0.0275059 0.0136113 0.0067149 0.2918941
1.8774699 0.0160759 0.0457964 0.0636790 0.0623330 0.0457607 0.0270670 0.0141597 0.0060042 0.2808759
1.8975502 0.0153812 0.0444110 0.0636097 0.0622638 0.0457345 0.0273025 0.0135266 0.0051501 0.2773793
1.9176305 0.0147165 0.0426411 0.0632059 0.0611019 0.0478518 0.0303412 0.0159694 0.0073739 0.2832015
1.9377108 0.0140805 0.0421912 0.0630857 0.0644276 0.0499310 0.0323406 0.0159687 0.0074516 0.2894770
1.9577912 0.0134720 0.0400719 0.0609734 0.0607767 0.0476596 0.0289215 0.0160110 0.0079674 0.2758534
1.9778715 0.0128898 0.0394602 0.0597224 0.0606407 0.0477853 0.0295488 0.0154287 0.0079216 0.2733976
1.9979518 0.0123328 0.0374075 0.0578903 0.0606819 0.0482621 0.0309300 0.0163262 0.0073094 0.2711402
2.0180321 0.0117998 0.0361902 0.0559494 0.0593058 0.0476224 0.0302756 0.0159202 0.0075007 0.2645641
2.0381124 0.0112899 0.0356045 0.0561318 0.0600714 0.0487036 0.0314125 0.0164581 0.0077110 0.2673828
2.0581928 0.0108020 0.0348525 0.0553410 0.0600771 0.0485861 0.0317853 0.0178321 0.0092473 0.2685234
2.0782731 0.0103352 0.0329826 0.0524185 0.0569866 0.0494370 0.0337427 0.0188029 0.0089815 0.2636871
2.0983534 0.0098886 0.0323310 0.0514020 0.0553839 0.0455501 0.0312940 0.0175757 0.0080702 0.2514955
2.1184337 0.0094612 0.0310700 0.0513739 0.0582098 0.0505176 0.0356045 0.0207995 0.0108918 0.2679283
2.1385141 0.0090523 0.0301299 0.0514743 0.0577767 0.0501011 0.0363422 0.0212764 0.0111642 0.2673172
2.1585944 0.0086612 0.0290926 0.0476384 0.0544907 0.0469255 0.0327487 0.0180677 0.0093802 0.2470049
2.1786747 0.0082869 0.0284976 0.0479387 0.0565061 0.0500058 0.0363144 0.0224977 0.0122350 0.2622822
2.1987550 0.0079287 0.0275261 0.0466973 0.0536762 0.0469952 0.0329641 0.0195753 0.0095265 0.2448896
2.2188353 0.0075861 0.0264968 0.0454672 0.0531484 0.0495246 0.0359183 0.0212986 0.0106671 0.2501071
2.2389157 0.0072583 0.0256396 0.0459101 0.0559666 0.0514804 0.0377531 0.0231851 0.0125482 0.2597414
2.2589960 0.0069446 0.0249541 0.0446899 0.0537204 0.0491488 0.0355950 0.0224280 0.0134877 0.2509684
2.2790763 0.0066445 0.0238388 0.0422153 0.0526570 0.0495718 0.0372030 0.0231913 0.0133148 0.2486365
2.2991566 0.0063573 0.0230035 0.0410555 0.0512075 0.0479285 0.0351174 0.0222700 0.0133763 0.2403160
2.3192369 0.0060826 0.0220010 0.0400228 0.0497377 0.0480329 0.0360763 0.0228186 0.0126177 0.2373896
2.3393173 0.0058197 0.0216059 0.0405780 0.0490254 0.0472047 0.0361679 0.0239060 0.0133817 0.2376892
2.3593976 0.0055682 0.0211039 0.0396064 0.0500918 0.0476059 0.0378197 0.0231614 0.0131332 0.2380906
2.3794779 0.0053276 0.0199873 0.0379665 0.0484128 0.0479239 0.0382335 0.0261677 0.0143070 0.2383262
2.3995582 0.0050974 0.0195359 0.0375318 0.0487555 0.0468263 0.0375484 0.0255365 0.0139040 0.2347358
2.4196386 0.0048771 0.0188330 0.0352190 0.0458023 0.0452484 0.0377419 0.0273576 0.0149997 0.2300789
2.4397189 0.0046663 0.0184325 0.0367975 0.0489468 0.0488571 0.0383504 0.0255405 0.0162639 0.2378550
2.4597992 0.0044647 0.0179378 0.0350705 0.0479112 0.0474540 0.0398985 0.0272266 0.0172281 0.2371914
2.4798795 0.0042717 0.0170267 0.0337833 0.0454034 0.0475350 0.0412112 0.0295607 0.0177276 0.2365198
2.4999598 0.0040871 0.0166758 0.0330877 0.0447967 0.0464552 0.0388406 0.0266487 0.0150482 0.2256401
2.5200402 0.0039105 0.0160609 0.0332650 0.0457805 0.0475757 0.0386298 0.0268082 0.0165136 0.2285443
2.5401205 0.0037415 0.0155059 0.0329279 0.0453884 0.0493528 0.0403960 0.0282272 0.0171821 0.2327217
2.5602008 0.0035798 0.0152468 0.0320263 0.0453427 0.0490394 0.0417642 0.0304361 0.0195387 0.2369740
2.5802811 0.0034251 0.0140944 0.0299090 0.0428937 0.0460889 0.0398498 0.0286197 0.0173292 0.2222099
2.6003614 0.0032771 0.0137804 0.0291075 0.0412549 0.0468756 0.0425017 0.0300545 0.0202078 0.2270595
2.6204418 0.0031355 0.0131423 0.0285265 0.0405820 0.0449228 0.0395880 0.0290437 0.0174025 0.2163432
2.6405221 0.0030000 0.0131034 0.0269181 0.0394936 0.0446509 0.0402055 0.0308354 0.0191815 0.2173885
2.6606024 0.0028703 0.0124554 0.0283851 0.0423295 0.0462429 0.0410389 0.0302196 0.0209297 0.2244714
2.6806827 0.0027463 0.0118146 0.0256611 0.0364486 0.0413109 0.0359803 0.0276692 0.0192743 0.2009054
2.7007631 0.0026276 0.0115521 0.0257186 0.0394052 0.0443813 0.0403703 0.0306442 0.0202278 0.2149273
2.7208434 0.0025141 0.0114264 0.0247252 0.0364873 0.0412639 0.0368154 0.0286166 0.0191957 0.2010446
2.7409237 0.0024054 0.0109093 0.0254446 0.0384884 0.0445005 0.0413582 0.0323288 0.0215016 0.2169368
2.7610040 0.0023015 0.0104149 0.0233397 0.0354667 0.0418223 0.0375766 0.0292972 0.0204339 0.2006527
2.7810843 0.0022020 0.0100372 0.0231319 0.0355530 0.0405995 0.0389399 0.0299543 0.0203672 0.2007849
2.8011647 0.0021068 0.0097938 0.0234641 0.0382214 0.0433607 0.0420498 0.0335765 0.0231886 0.2157617
2.8212450 0.0020158 0.0093965 0.0216021 0.0337736 0.0397504 0.0394767 0.0315271 0.0225572 0.2000993
2.8413253 0.0019287 0.0091624 0.0219943 0.0350914 0.0403355 0.0392696 0.0319847 0.0226863 0.2024528
2.8614056 0.0018453 0.0086458 0.0216508 0.0335243 0.0410044 0.0410996 0.0331940 0.0241509 0.2051151
2.8814859 0.0017656 0.0084320 0.0196711 0.0317185 0.0379472 0.0381264 0.0322694 0.0241145 0.1940446
2.9015663 0.0016893 0.0079928 0.0188508 0.0304655 0.0380195 0.0387504 0.0327135 0.0251156 0.1935974
2.9216466 0.0016163 0.0078582 0.0194681 0.0313313 0.0395758 0.0386511 0.0327660 0.0233308 0.1945976
2.9417269 0.0015464 0.0074864 0.0187372 0.0298732 0.0377773 0.0377089 0.0311226 0.0217792 0.1860313
2.9618072 0.0014796 0.0074535 0.0185532 0.0309178 0.0371784 0.0383471 0.0326341 0.0266020 0.1931658
2.9818876 0.0014157 0.0070503 0.0178822 0.0302576 0.0379120 0.0381415 0.0333633 0.0252170 0.1912395
3.0019679 0.0013545 0.0066361 0.0161888 0.0280708 0.0353800 0.0366861 0.0310692 0.0224463 0.1778318
3.0220482 0.0012960 0.0067041 0.0171145 0.0300259 0.0388326 0.0398604 0.0354277 0.0268879 0.1961491
3.0421285 0.0012400 0.0064636 0.0162937 0.0278126 0.0354332 0.0382022 0.0346109 0.0257044 0.1857606
3.0622088 0.0011864 0.0060081 0.0159052 0.0275924 0.0361672 0.0376061 0.0337739 0.0259593 0.1841985
3.0822892 0.0011351 0.0058762 0.0149968 0.0257926 0.0342302 0.0350999 0.0305383 0.0226357 0.1703047
3.1023695 0.0010860 0.0056801 0.0153691 0.0268053 0.0369696 0.0410353 0.0367632 0.0287228 0.1924315
3.1224498 0.0010391 0.0055497 0.0146119 0.0248968 0.0326549 0.0351184 0.0316140 0.0231226 0.1686075
3.1425301 0.0009942 0.0053637 0.0144836 0.0255046 0.0347349 0.0376979 0.0352078 0.0293851 0.1833719
3.1626104 0.0009512 0.0051112 0.0138167 0.0255428 0.0340885 0.0379068 0.0349312 0.0285852 0.1809338
3.1826908 0.0009101 0.0048326 0.0133382 0.0247044 0.0327431 0.0353659 0.0330058 0.0262194 0.1711195
3.2027711 0.0008708 0.0047909 0.0123744 0.0219408 0.0301615 0.0337992 0.0303927 0.0254001 0.1597303
3.2228514 0.0008332 0.0044558 0.0126241 0.0230917 0.0320055 0.0362140 0.0340396 0.0287116 0.1719755
3.2429317 0.0007972 0.0043171 0.0119906 0.0216702 0.0308814 0.0352171 0.0324111 0.0256013 0.1628860
3.2630120 0.0007627 0.0043752 0.0115035 0.0206189 0.0282394 0.0314378 0.0296394 0.0256160 0.1521929
3.2830924 0.0007298 0.0040194 0.0116134 0.0204329 0.0290196 0.0321761 0.0298048 0.0241032 0.1518991
3.3031727 0.0006982 0.0038941 0.0113248 0.0208879 0.0307954 0.0358278 0.0348626 0.0316001 0.1698909
3.3232530 0.0006680 0.0038459 0.0110388 0.0214570 0.0312645 0.0362454 0.0365657 0.0313977 0.1724830
3.3433333 0.0006392 0.0036010 0.0101468 0.0199209 0.0279727 0.0332329 0.0320275 0.0283705 0.1559114
3.3634137 0.0006116 0.0035245 0.0100316 0.0186702 0.0268023 0.0304832 0.0302782 0.0248394 0.1452411
3.3834940 0.0005851 0.0032796 0.0097163 0.0192055 0.0287911 0.0346286 0.0340478 0.0286174 0.1588716
3.4035743 0.0005598 0.0032314 0.0097592 0.0191443 0.0286583 0.0327185 0.0314849 0.0274341 0.1529904
3.4236546 0.0005356 0.0030539 0.0088479 0.0173250 0.0259644 0.0311374 0.0301159 0.0264550 0.1434352
3.4437349 0.0005125 0.0030728 0.0094841 0.0181831 0.0271125 0.0318223 0.0326700 0.0283929 0.1512503
3.4638153 0.0004903 0.0028689 0.0083689 0.0159810 0.0238985 0.0293004 0.0294980 0.0260712 0.1364772
3.4838956 0.0004692 0.0027944 0.0084194 0.0174920 0.0273163 0.0330810 0.0339181 0.0317779 0.1552682
3.5039759 0.0004489 0.0026226 0.0078780 0.0160367 0.0239914 0.0294607 0.0311105 0.0275363 0.1390852
3.5240562 0.0004295 0.0026559 0.0080399 0.0167264 0.0264504 0.0334987 0.0341322 0.0327861 0.1547192
3.5441365 0.0004109 0.0024295 0.0072729 0.0150534 0.0238516 0.0298975 0.0306562 0.0270795 0.1366515
3.5642169 0.0003932 0.0024412 0.0076554 0.0164921 0.0252609 0.0315017 0.0325759 0.0289149 0.1452353
3.5842972 0.0003762 0.0022358 0.0074838 0.0155835 0.0231687 0.0295453 0.0319576 0.0284543 0.1388052
3.6043775 0.0003599 0.0021709 0.0069899 0.0146407 0.0221734 0.0279546 0.0304303 0.0273656 0.1320854
3.6244578 0.0003444 0.0022008 0.0068732 0.0141728 0.0221284 0.0280620 0.0303122 0.0289583 0.1330521
3.6445382 0.0003295 0.0020577 0.0064683 0.0138840 0.0216926 0.0283045 0.0304819 0.0275446 0.1307630
3.6646185 0.0003152 0.0019667 0.0062078 0.0131863 0.0204896 0.0274770 0.0288636 0.0270543 0.1255606
3.6846988 0.0003016 0.0019184 0.0062643 0.0131448 0.0207580 0.0268479 0.0285839 0.0264433 0.1242622
3.7047791 0.0002886 0.0018054 0.0055769 0.0121070 0.0191224 0.0248437 0.0276756 0.0278509 0.1192705
3.7248594 0.0002761 0.0017125 0.0054158 0.0117329 0.0191031 0.0254704 0.0279675 0.0258278 0.1175060
3.7449398 0.0002642 0.0017465 0.0053592 0.0120178 0.0207512 0.0274878 0.0303430 0.0299639 0.1279338
3.7650201 0.0002528 0.0016401 0.0051915 0.0109373 0.0183842 0.0243889 0.0268979 0.0260228 0.1137154
3.7851004 0.0002418 0.0016183 0.0051598 0.0111208 0.0190305 0.0251746 0.0287856 0.0275938 0.1187252
3.8051807 0.0002314 0.0015151 0.0048906 0.0102562 0.0172796 0.0221995 0.0249134 0.0240457 0.1053314
3.8252610 0.0002214 0.0015105 0.0046681 0.0100565 0.0171129 0.0235260 0.0265690 0.0261478 0.1098122
3.8453414 0.0002118 0.0013850 0.0047304 0.0112106 0.0187538 0.0262057 0.0299503 0.0277502 0.1201979
3.8654217 0.0002027 0.0013685 0.0045821 0.0107577 0.0185453 0.0254344 0.0308978 0.0307304 0.1225189
3.8855020 0.0001939 0.0012579 0.0041495 0.0095179 0.0165731 0.0235613 0.0273739 0.0275188 0.1101462
3.9055823 0.0001855 0.0012328 0.0039298 0.0092684 0.0162350 0.0227073 0.0275834 0.0288746 0.1100168
3.9256627 0.0001775 0.0011874 0.0040944 0.0098201 0.0177935 0.0246016 0.0285723 0.0286941 0.1149408
3.9457430 0.0001698 0.0011336 0.0039824 0.0094628 0.0163437 0.0231547 0.0263643 0.0265317 0.1071431
3.9658233 0.0001625 0.0011514 0.0040140 0.0091972 0.0162245 0.0230668 0.0283584 0.0305027 0.1126775
3.9859036 0.0001555 0.0011039 0.0037165 0.0090801 0.0158065 0.0231842 0.0276218 0.0284715 0.1091400
4.0059839 0.0001488 0.0010677 0.0034432 0.0085521 0.0153531 0.0216808 0.0260056 0.0273217 0.1035729
4.0260643 0.0001423 0.0009897 0.0036860 0.0084903 0.0154122 0.0219433 0.0263712 0.0264046 0.1034397
4.0461446 0.0001362 0.0009655 0.0035917 0.0086181 0.0157910 0.0233844 0.0283026 0.0310093 0.1117987
4.0662249 0.0001303 0.0009477 0.0036676 0.0087997 0.0153767 0.0221490 0.0275368 0.0295854 0.1081931
4.0863052 0.0001247 0.0008757 0.0038433 0.0093983 0.0172535 0.0259926 0.0312783 0.0325751 0.1213414
4.1063855 0.0001193 0.0008749 0.0032324 0.0079408 0.0149390 0.0212827 0.0263810 0.0279147 0.1026848
4.1264659 0.0001141 0.0008083 0.0029745 0.0073275 0.0131899 0.0190788 0.0240974 0.0248999 0.0924905
4.1465462 0.0001092 0.0007215 0.0026796 0.0066636 0.0126430 0.0203223 0.0257564 0.0279575 0.0968530
4.1666265 0.0001045 0.0007649 0.0028085 0.0069336 0.0132674 0.0205727 0.0261628 0.0287989 0.0994132
4.1867068 0.0001000 0.0007604 0.0027364 0.0069059 0.0127468 0.0201451 0.0254281 0.0285078 0.0973306
4.2067871 0.0000956 0.0007265 0.0029466 0.0068939 0.0124314 0.0190574 0.0238441 0.0258589 0.0918544
4.2268675 0.0000915 0.0007021 0.0027522 0.0070179 0.0126389 0.0187843 0.0234421 0.0265551 0.0919841
4.2469478 0.0000876 0.0006613 0.0026385 0.0068358 0.0131116 0.0201887 0.0268686 0.0306714 0.1010635
4.2670281 0.0000838 0.0006280 0.0023032 0.0057909 0.0106569 0.0154675 0.0204134 0.0227616 0.0781052
4.2871084 0.0000801 0.0005969 0.0024552 0.0060731 0.0112856 0.0178624 0.0225994 0.0246843 0.0856371
4.3071888 0.0000767 0.0005836 0.0021843 0.0055576 0.0107481 0.0174117 0.0239162 0.0279388 0.0884171
4.3272691 0.0000734 0.0005730 0.0020650 0.0048696 0.0091299 0.0145377 0.0192383 0.0224893 0.0729762
4.3473494 0.0000702 0.0005083 0.0018867 0.0047824 0.0090563 0.0135907 0.0177494 0.0202079 0.0678519
4.3674297 0.0000672 0.0005280 0.0018383 0.0048590 0.0094674 0.0151405 0.0201278 0.0230594 0.0750876
4.3875100 0.0000643 0.0005609 0.0020127 0.0050762 0.0096289 0.0153295 0.0206241 0.0235641 0.0768608
4.4075904 0.0000615 0.0004817 0.0020760 0.0055195 0.0113959 0.0177100 0.0244671 0.0283647 0.0900764
4.4276707 0.0000588 0.0004762 0.0018718 0.0045064 0.0092979 0.0152601 0.0202092 0.0236062 0.0752867
4.4477510 0.0000563 0.0004354 0.0017344 0.0046738 0.0090064 0.0145485 0.0200199 0.0233826 0.0738574
4.4678313 0.0000539 0.0004235 0.0016527 0.0042752 0.0093621 0.0151777 0.0206604 0.0233587 0.0749642
4.4879116 0.0000515 0.0004492 0.0016013 0.0042444 0.0086674 0.0135991 0.0187168 0.0225089 0.0698386
4.5079920 0.0000493 0.0004199 0.0016145 0.0042621 0.0086149 0.0143438 0.0199852 0.0237585 0.0730482
4.5280723 0.0000472 0.0003751 0.0014376 0.0036431 0.0072590 0.0122221 0.0171540 0.0203549 0.0624930
4.5481526 0.0000451 0.0003862 0.0012764 0.0035953 0.0073305 0.0121509 0.0171798 0.0204320 0.0623963
4.5682329 0.0000432 0.0003485 0.0014813 0.0036194 0.0071879 0.0118473 0.0163665 0.0194396 0.0603338
4.5883133 0.0000413 0.0003468 0.0014863 0.0040248 0.0084422 0.0137705 0.0196133 0.0240892 0.0718144
4.6083936 0.0000395 0.0003157 0.0011810 0.0033351 0.0071788 0.0119008 0.0160683 0.0193164 0.0593356
4.6284739 0.0000378 0.0003665 0.0014997 0.0042204 0.0087448 0.0147287 0.0207042 0.0246506 0.0749527
4.6485542 0.0000362 0.0003135 0.0014268 0.0042134 0.0091711 0.0159159 0.0226410 0.0284312 0.0821491
4.6686345 0.0000346 0.0002771 0.0012849 0.0035472 0.0081154 0.0136450 0.0197648 0.0236741 0.0703431
4.6887149 0.0000331 0.0002931 0.0012153 0.0032761 0.0063921 0.0107481 0.0161805 0.0204202 0.0585587
4.7087952 0.0000317 0.0002644 0.0011956 0.0031687 0.0070832 0.0120633 0.0174101 0.0216077 0.0628247
4.7288755 0.0000303 0.0002517 0.0010919 0.0030283 0.0066307 0.0122040 0.0178964 0.0222294 0.0633626
4.7489558 0.0000290 0.0002317 0.0010317 0.0031858 0.0065955 0.0114953 0.0163567 0.0203608 0.0592866
4.7690361 0.0000278 0.0002528 0.0009920 0.0026129 0.0055748 0.0097413 0.0138018 0.0173978 0.0504012
4.7891165 0.0000266 0.0002458 0.0010714 0.0030093 0.0064338 0.0111643 0.0169189 0.0220363 0.0609064
4.8091968 0.0000254 0.0002117 0.0009277 0.0027321 0.0057619 0.0099203 0.0141380 0.0175713 0.0512884
4.8292771 0.0000243 0.0002096 0.0009426 0.0027544 0.0057077 0.0094813 0.0136911 0.0169235 0.0497345
4.8493574 0.0000233 0.0001893 0.0007716 0.0021337 0.0046551 0.0077187 0.0108677 0.0139533 0.0403126
4.8694378 0.0000223 0.0002005 0.0009261 0.0028957 0.0065022 0.0109136 0.0163857 0.0210870 0.0589331
4.8895181 0.0000213 0.0001804 0.0007379 0.0021642 0.0050198 0.0085599 0.0129722 0.0160364 0.0456921
4.9095984 0.0000204 0.0001948 0.0008995 0.0024921 0.0054322 0.0097221 0.0152741 0.0202883 0.0543235
4.9296787 0.0000195 0.0001861 0.0007378 0.0022400 0.0049688 0.0092598 0.0149087 0.0202864 0.0526070
4.9497590 0.0000187 0.0002014 0.0009971 0.0030251 0.0071102 0.0127043 0.0189147 0.0246878 0.0676592
4.9698394 0.0000178 0.0001813 0.0007769 0.0023749 0.0050979 0.0091580 0.0135407 0.0177497 0.0488973
4.9899197 0.0000171 0.0001688 0.0007225 0.0020705 0.0046033 0.0085186 0.0128374 0.0167446 0.0456828
5.0100000 0.0000163 0.0001342 0.0005516 0.0016261 0.0038232 0.0071012 0.0117685 0.0163835 0.0414047