-------- p=0.217 a=2.000 mu=-2.200 N=20000000 time=2017-02-23 07:05:08 --------
0.0100000 0.9780091 0.0014391 0.0000004 0.0000000 0.0000000 0.0000000 0.0000000 0.0000000 0.9794486
0.0300803 0.9353004 0.0074050 0.0000323 0.0000000 0.0000000 0.0000000 0.0000000 0.0000000 0.9427377
0.0501606 0.8944568 0.0150111 0.0001467 0.0000031 0.0000000 0.0000000 0.0000000 0.0000000 0.9096177
0.0702410 0.8553968 0.0238538 0.0003432 0.0000000 0.0000000 0.0000000 0.0000000 0.0000000 0.8795939
0.0903213 0.8180424 0.0329836 0.0005273 0.0000505 0.0000000 0.0000000 0.0000000 0.0000000 0.8516038
0.1104016 0.7823193 0.0424042 0.0010413 0.0000093 0.0000000 0.0000000 0.0000000 0.0000000 0.8257742
0.1304819 0.7481562 0.0519815 0.0016798 0.0000845 0.0000086 0.0000000 0.0000000 0.0000000 0.8019107
0.1505622 0.7154850 0.0612089 0.0026279 0.0000645 0.0000001 0.0000000 0.0000000 0.0000000 0.7793865
0.1706426 0.6842405 0.0703802 0.0038648 0.0001713 0.0000005 0.0000000 0.0000000 0.0000000 0.7586572
0.1907229 0.6543604 0.0789808 0.0049293 0.0001887 0.0000027 0.0000000 0.0000000 0.0000000 0.7384619
0.2108032 0.6257851 0.0870722 0.0063235 0.0003368 0.0000038 0.0000000 0.0000000 0.0000000 0.7195214
0.2308835 0.5984577 0.0953928 0.0079349 0.0005549 0.0000378 0.0000032 0.0000000 0.0000000 0.7023812
0.2509638 0.5723237 0.1034535 0.0094093 0.0007869 0.0000315 0.0000002 0.0000000 0.0000000 0.6860050
0.2710442 0.5473309 0.1105055 0.0108218 0.0006597 0.0000296 0.0000001 0.0000000 0.0000000 0.6693475
0.2911245 0.5234295 0.1169101 0.0134648 0.0010087 0.0000689 0.0000003 0.0000000 0.0000000 0.6548822
0.3112048 0.5005718 0.1231887 0.0153861 0.0013510 0.0000459 0.0000003 0.0000000 0.0000000 0.6405437
0.3312851 0.4787124 0.1284873 0.0180935 0.0017100 0.0001364 0.0000053 0.0000000 0.0000000 0.6271448
0.3513654 0.4578075 0.1342332 0.0204988 0.0020165 0.0001002 0.0000009 0.0000000 0.0000000 0.6146570
0.3714458 0.4378155 0.1387346 0.0219388 0.0024036 0.0002604 0.0000094 0.0000000 0.0000000 0.6011622
0.3915261 0.4186965 0.1430094 0.0252193 0.0026518 0.0002682 0.0000036 0.0000000 0.0000000 0.5898487
0.4116064 0.4004125 0.1468376 0.0276990 0.0036206 0.0003818 0.0000495 0.0000000 0.0000000 0.5790009
0.4316867 0.3829268 0.1506523 0.0299464 0.0042176 0.0004421 0.0000151 0.0000001 0.0000000 0.5682006
0.4517670 0.3662048 0.1537184 0.0336212 0.0049552 0.0005681 0.0000162 0.0000001 0.0000000 0.5590842
0.4718474 0.3502130 0.1559868 0.0355602 0.0056276 0.0006580 0.0001358 0.0000171 0.0000000 0.5481984
0.4919277 0.3349196 0.1584826 0.0374759 0.0058371 0.0008314 0.0000631 0.0000012 0.0000000 0.5376107
0.5120080 0.3202939 0.1599972 0.0414289 0.0067109 0.0009760 0.0000583 0.0000003 0.0000000 0.5294657
0.5320883 0.3063070 0.1619275 0.0437211 0.0078643 0.0009954 0.0000889 0.0000012 0.0000000 0.5209055
0.5521687 0.2929309 0.1629121 0.0459106 0.0088123 0.0016507 0.0001813 0.0000011 0.0000000 0.5123991
0.5722489 0.2801389 0.1645542 0.0485853 0.0102748 0.0017029 0.0001611 0.0000065 0.0000000 0.5054237
0.5923293 0.2679055 0.1644179 0.0517416 0.0108029 0.0016159 0.0002038 0.0000149 0.0000001 0.4967026
0.6124096 0.2562064 0.1651189 0.0544818 0.0121501 0.0021576 0.0002614 0.0000754 0.0000001 0.4904517
0.6324899 0.2450181 0.1650104 0.0558161 0.0128071 0.0026725 0.0004828 0.0000979 0.0000002 0.4819051
0.6525702 0.2343184 0.1644519 0.0582000 0.0140118 0.0024069 0.0003907 0.0000499 0.0000001 0.4738297
0.6726506 0.2240859 0.1642285 0.0599533 0.0158156 0.0029215 0.0005178 0.0000587 0.0000000 0.4675815
0.6927309 0.2143003 0.1636319 0.0629069 0.0158844 0.0031483 0.0005478 0.0000448 0.0000024 0.4604668
0.7128112 0.2049420 0.1630467 0.0649371 0.0181990 0.0039205 0.0006039 0.0000531 0.0000065 0.4557088
0.7328916 0.1959924 0.1615166 0.0676069 0.0185192 0.0041477 0.0006261 0.0000989 0.0000010 0.4485088
0.7529718 0.1874337 0.1604108 0.0688891 0.0201285 0.0047847 0.0006532 0.0001749 0.0000480 0.4425228
0.7730522 0.1792486 0.1593312 0.0722620 0.0214020 0.0048874 0.0009122 0.0000897 0.0000022 0.4381353
0.7931325 0.1714210 0.1576516 0.0725517 0.0231726 0.0055386 0.0009504 0.0001492 0.0000147 0.4314499
0.8132128 0.1639352 0.1553895 0.0736133 0.0251122 0.0061728 0.0012181 0.0001036 0.0000083 0.4255532
0.8332931 0.1567763 0.1538575 0.0769239 0.0255224 0.0072624 0.0016475 0.0002317 0.0000088 0.4222306
0.8533735 0.1499301 0.1524272 0.0789906 0.0277769 0.0072127 0.0016236 0.0002486 0.0000560 0.4182656
0.8734538 0.1433828 0.1507895 0.0801983 0.0287234 0.0076701 0.0017116 0.0002881 0.0000470 0.4128107
0.8935341 0.1371214 0.1481943 0.0823023 0.0298757 0.0088179 0.0021454 0.0003954 0.0000834 0.4089357
0.9136144 0.1311334 0.1458278 0.0828255 0.0311309 0.0088954 0.0018844 0.0004096 0.0000750 0.4021821
0.9336947 0.1254070 0.1439118 0.0843061 0.0336490 0.0097143 0.0021944 0.0004634 0.0000662 0.3997122
0.9537750 0.1199306 0.1413452 0.0845340 0.0341080 0.0105063 0.0025005 0.0005034 0.0001141 0.3935421
0.9738554 0.1146933 0.1392619 0.0851121 0.0353202 0.0114763 0.0030107 0.0008555 0.0001237 0.3898538
0.9939357 0.1096848 0.1368830 0.0873095 0.0381043 0.0119919 0.0032007 0.0008192 0.0001816 0.3881750
1.0140160 0.1048949 0.1352738 0.0864207 0.0386751 0.0131019 0.0034252 0.0009532 0.0003688 0.3831136
1.0340964 0.1003143 0.1318619 0.0877743 0.0387654 0.0132908 0.0039046 0.0008501 0.0002274 0.3769889
1.0541767 0.0959337 0.1293855 0.0894100 0.0406057 0.0135783 0.0038568 0.0009687 0.0001742 0.3739129
1.0742570 0.0917443 0.1272875 0.0893000 0.0428808 0.0156553 0.0040541 0.0009089 0.0001908 0.3720216
1.0943373 0.0877379 0.1244844 0.0896270 0.0434199 0.0164349 0.0045110 0.0011039 0.0002525 0.3675715
1.1144177 0.0839065 0.1214752 0.0898640 0.0455892 0.0168617 0.0052966 0.0012285 0.0001869 0.3644087
1.1344979 0.0802424 0.1196295 0.0894971 0.0459974 0.0172132 0.0055687 0.0015177 0.0003032 0.3599691
1.1545782 0.0767383 0.1172151 0.0891824 0.0469564 0.0188784 0.0066148 0.0016723 0.0004051 0.3576627
1.1746585 0.0733872 0.1143262 0.0900908 0.0477157 0.0191114 0.0059340 0.0017380 0.0005472 0.3528504
1.1947389 0.0701825 0.1112942 0.0898437 0.0488622 0.0205496 0.0069149 0.0019781 0.0005590 0.3501842
1.2148192 0.0671177 0.1093669 0.0894635 0.0486483 0.0207701 0.0075291 0.0018493 0.0004294 0.3451742
1.2348995 0.0641867 0.1070673 0.0906015 0.0502783 0.0210803 0.0069418 0.0020330 0.0005545 0.3427434
1.2549798 0.0613837 0.1043689 0.0907274 0.0524496 0.0230046 0.0086364 0.0023910 0.0004452 0.3434068
1.2750602 0.0587032 0.1016935 0.0897175 0.0522485 0.0241984 0.0085578 0.0024527 0.0005312 0.3381029
1.2951405 0.0561397 0.0993598 0.0880558 0.0527981 0.0247126 0.0085996 0.0029083 0.0006726 0.3332464
1.3152208 0.0536881 0.0974433 0.0891336 0.0551259 0.0255726 0.0100289 0.0034550 0.0010217 0.3354691
1.3353012 0.0513436 0.0946028 0.0881347 0.0559401 0.0267034 0.0105496 0.0034634 0.0010440 0.3317816
1.3553815 0.0491015 0.0919688 0.0864596 0.0554013 0.0272769 0.0111536 0.0037968 0.0009618 0.3261202
1.3754618 0.0469573 0.0896474 0.0874311 0.0566202 0.0288265 0.0114112 0.0039517 0.0011972 0.3260425
1.3955421 0.0449067 0.0876330 0.0874523 0.0563742 0.0281726 0.0120715 0.0039293 0.0013961 0.3219357
1.4156225 0.0429457 0.0852669 0.0850583 0.0583376 0.0299035 0.0124363 0.0046255 0.0012873 0.3198611
1.4357028 0.0410703 0.0831507 0.0848106 0.0586813 0.0307431 0.0133255 0.0043310 0.0014317 0.3175442
1.4557831 0.0392768 0.0816991 0.0849871 0.0596761 0.0315490 0.0142965 0.0055278 0.0019200 0.3189325
1.4758633 0.0375616 0.0788415 0.0835361 0.0593131 0.0320857 0.0137090 0.0047149 0.0016275 0.3113894
1.4959437 0.0359213 0.0769930 0.0831260 0.0595998 0.0324464 0.0146556 0.0057893 0.0019808 0.3105122
1.5160240 0.0343527 0.0742124 0.0801407 0.0587442 0.0337609 0.0158186 0.0059175 0.0021362 0.3050831
1.5361043 0.0328525 0.0723706 0.0800331 0.0598263 0.0341901 0.0157886 0.0061754 0.0017078 0.3029444
1.5561846 0.0314179 0.0707911 0.0784789 0.0605929 0.0350850 0.0167040 0.0071864 0.0026315 0.3028878
1.5762650 0.0300459 0.0682896 0.0775621 0.0610696 0.0366367 0.0171178 0.0065639 0.0019738 0.2992594
1.5963453 0.0287338 0.0669416 0.0778275 0.0618908 0.0383639 0.0186780 0.0080702 0.0026617 0.3031675
1.6164256 0.0274790 0.0643219 0.0767190 0.0617584 0.0381715 0.0189006 0.0082766 0.0028291 0.2984562
1.6365060 0.0262791 0.0632066 0.0753778 0.0608610 0.0382722 0.0188593 0.0081308 0.0028429 0.2938296
1.6565863 0.0251315 0.0614562 0.0748023 0.0616707 0.0388985 0.0201129 0.0086355 0.0031511 0.2938588
1.6766666 0.0240340 0.0593357 0.0731849 0.0607424 0.0394099 0.0197779 0.0088407 0.0037693 0.2890948
1.6967469 0.0229845 0.0580229 0.0730380 0.0626500 0.0386408 0.0206041 0.0085409 0.0032012 0.2876822
1.7168273 0.0219808 0.0563643 0.0709072 0.0616536 0.0402259 0.0217506 0.0097677 0.0037716 0.2864217
1.7369076 0.0210209 0.0541113 0.0701970 0.0625367 0.0403005 0.0219734 0.0095375 0.0035876 0.2832650
1.7569879 0.0201029 0.0525966 0.0689579 0.0604464 0.0414311 0.0220874 0.0108032 0.0041162 0.2805418
1.7770681 0.0192251 0.0508970 0.0685971 0.0618685 0.0428118 0.0239946 0.0115757 0.0044509 0.2834207
1.7971485 0.0183855 0.0499071 0.0672658 0.0613116 0.0430761 0.0235960 0.0111935 0.0046584 0.2793938
1.8172288 0.0175826 0.0480523 0.0656896 0.0616045 0.0436164 0.0243802 0.0121933 0.0052809 0.2783998
1.8373091 0.0168148 0.0464037 0.0637882 0.0599403 0.0427565 0.0255466 0.0126077 0.0053847 0.2732424
1.8573895 0.0160805 0.0450560 0.0627648 0.0615853 0.0447150 0.0262156 0.0123642 0.0054653 0.2742468
1.8774698 0.0153783 0.0439893 0.0635543 0.0611072 0.0447482 0.0257143 0.0130290 0.0053799 0.2729005
1.8975501 0.0147068 0.0427429 0.0612834 0.0602192 0.0453099 0.0268404 0.0134925 0.0059078 0.2705029
1.9176304 0.0140645 0.0411309 0.0600152 0.0590026 0.0439245 0.0263367 0.0124650 0.0055191 0.2624586
1.9377108 0.0134503 0.0396399 0.0589625 0.0594062 0.0450550 0.0277217 0.0145011 0.0066527 0.2653893
1.9577911 0.0128630 0.0387340 0.0590927 0.0601706 0.0461194 0.0290720 0.0151556 0.0071434 0.2683508
1.9778714 0.0123013 0.0374027 0.0563925 0.0581777 0.0448828 0.0281949 0.0148056 0.0069098 0.2590673
1.9979517 0.0117641 0.0365250 0.0568480 0.0597089 0.0461082 0.0295813 0.0158612 0.0068714 0.2632681
2.0180321 0.0112504 0.0349107 0.0545908 0.0581229 0.0466590 0.0298737 0.0160921 0.0079135 0.2594130
2.0381124 0.0107591 0.0335885 0.0533036 0.0576405 0.0461658 0.0303204 0.0165877 0.0080016 0.2563671
2.0581927 0.0102892 0.0328712 0.0532791 0.0568095 0.0465824 0.0311853 0.0184515 0.0083625 0.2578307
2.0782731 0.0098399 0.0317382 0.0510837 0.0560875 0.0466331 0.0318947 0.0173043 0.0083551 0.2529366
2.0983534 0.0094102 0.0307578 0.0499623 0.0551208 0.0462406 0.0316166 0.0176590 0.0086699 0.2494372
2.1184337 0.0089993 0.0298423 0.0501816 0.0571543 0.0483068 0.0327213 0.0194785 0.0101206 0.2568047
2.1385140 0.0086063 0.0289122 0.0480548 0.0542377 0.0471551 0.0324800 0.0197016 0.0099150 0.2490626
2.1585944 0.0082305 0.0276477 0.0473384 0.0542756 0.0477113 0.0329522 0.0193924 0.0098464 0.2473944
2.1786747 0.0078710 0.0267840 0.0469003 0.0541236 0.0463910 0.0332364 0.0195953 0.0095809 0.2444824
2.1987550 0.0075273 0.0260446 0.0446728 0.0532152 0.0465809 0.0333292 0.0197803 0.0096584 0.2408087
2.2188354 0.0071986 0.0254170 0.0445162 0.0523638 0.0468940 0.0349295 0.0209461 0.0105949 0.2428602
2.2389157 0.0068843 0.0244833 0.0430312 0.0510672 0.0445292 0.0329685 0.0200243 0.0107810 0.2337690
2.2589958 0.0065836 0.0235481 0.0414413 0.0501640 0.0464842 0.0341941 0.0209292 0.0117745 0.2351190
2.2790761 0.0062961 0.0227737 0.0410507 0.0504393 0.0465685 0.0347555 0.0226474 0.0123914 0.2369227
2.2991564 0.0060212 0.0220938 0.0401566 0.0496674 0.0465901 0.0358721 0.0227337 0.0127479 0.2358828
2.3192368 0.0057582 0.0212818 0.0395887 0.0495796 0.0454565 0.0344279 0.0221644 0.0122692 0.2305265
2.3393171 0.0055068 0.0204889 0.0383995 0.0490188 0.0463264 0.0362735 0.0234730 0.0131276 0.2326144
2.3593974 0.0052663 0.0199083 0.0376761 0.0482734 0.0464240 0.0362816 0.0237631 0.0130376 0.2306305
2.3794777 0.0050363 0.0193594 0.0372325 0.0472790 0.0462592 0.0359057 0.0243186 0.0148121 0.2302029
2.3995581 0.0048164 0.0185187 0.0362933 0.0470683 0.0470609 0.0373567 0.0240116 0.0141322 0.2292580
2.4196384 0.0046061 0.0180547 0.0358261 0.0469419 0.0474455 0.0387512 0.0275084 0.0168645 0.2359984
2.4397187 0.0044049 0.0171371 0.0336047 0.0436661 0.0436262 0.0363926 0.0243995 0.0135412 0.2167723
2.4597991 0.0042126 0.0169297 0.0340598 0.0451835 0.0454724 0.0372152 0.0254694 0.0151705 0.2237131
2.4798794 0.0040286 0.0160139 0.0322715 0.0431909 0.0429581 0.0358187 0.0249508 0.0146306 0.2138631
2.4999597 0.0038527 0.0157216 0.0318329 0.0430264 0.0451234 0.0369650 0.0251841 0.0149562 0.2166623
2.5200400 0.0036844 0.0151406 0.0307372 0.0415871 0.0436201 0.0372151 0.0262950 0.0167299 0.2150095
2.5401204 0.0035235 0.0144590 0.0300184 0.0419571 0.0444232 0.0376003 0.0266800 0.0172567 0.2159183
2.5602007 0.0033697 0.0138530 0.0291699 0.0409950 0.0430980 0.0367858 0.0255209 0.0153007 0.2080929
2.5802810 0.0032225 0.0136113 0.0287537 0.0404567 0.0434374 0.0376983 0.0291183 0.0187047 0.2150029
2.6003613 0.0030818 0.0130037 0.0273686 0.0388586 0.0425346 0.0381063 0.0286388 0.0183533 0.2099457
2.6204417 0.0029472 0.0128145 0.0268922 0.0390241 0.0429176 0.0374988 0.0279694 0.0180346 0.2080984
2.6405220 0.0028185 0.0121527 0.0268790 0.0385724 0.0417697 0.0369993 0.0282384 0.0190053 0.2064352
2.6606023 0.0026954 0.0119208 0.0262442 0.0388693 0.0437356 0.0388116 0.0303782 0.0196085 0.2122636
2.6806827 0.0025777 0.0113020 0.0246470 0.0377646 0.0428410 0.0381823 0.0296867 0.0206558 0.2076573
2.7007630 0.0024652 0.0109167 0.0242286 0.0365919 0.0415275 0.0376840 0.0291084 0.0186517 0.2011740
2.7208433 0.0023575 0.0104953 0.0239380 0.0367519 0.0428106 0.0391941 0.0308847 0.0206880 0.2071202
2.7409236 0.0022546 0.0102810 0.0225614 0.0340944 0.0402328 0.0371840 0.0294283 0.0193001 0.1953365
2.7610040 0.0021561 0.0096224 0.0219770 0.0342556 0.0401241 0.0370455 0.0295163 0.0206098 0.1953068
2.7810843 0.0020620 0.0094471 0.0218686 0.0336468 0.0389070 0.0371841 0.0295552 0.0208345 0.1935053
2.8011646 0.0019719 0.0090229 0.0211466 0.0332230 0.0393287 0.0366623 0.0289729 0.0205429 0.1908713
2.8212450 0.0018858 0.0089247 0.0205544 0.0327507 0.0390813 0.0384986 0.0311925 0.0220187 0.1949066
2.8413253 0.0018034 0.0085809 0.0206970 0.0324873 0.0389565 0.0379243 0.0302864 0.0200366 0.1907725
2.8614056 0.0017247 0.0082138 0.0198934 0.0320324 0.0393082 0.0375705 0.0313782 0.0227781 0.1928993
2.8814859 0.0016494 0.0078623 0.0186413 0.0299746 0.0368128 0.0358633 0.0303161 0.0220079 0.1831279
2.9015663 0.0015774 0.0075097 0.0179946 0.0293241 0.0359588 0.0361544 0.0298385 0.0208352 0.1791925
2.9216464 0.0015085 0.0072370 0.0182307 0.0304777 0.0381358 0.0375662 0.0318142 0.0242298 0.1891997
2.9417267 0.0014426 0.0070850 0.0172670 0.0281186 0.0353570 0.0347725 0.0303817 0.0221653 0.1765898
2.9618070 0.0013796 0.0067585 0.0165393 0.0284248 0.0358461 0.0362886 0.0307469 0.0223514 0.1783351
2.9818873 0.0013194 0.0064720 0.0160548 0.0274216 0.0349660 0.0350126 0.0297758 0.0211388 0.1721608
3.0019677 0.0012617 0.0063615 0.0159939 0.0269794 0.0343882 0.0360368 0.0317610 0.0227015 0.1754841
3.0220480 0.0012066 0.0060226 0.0152384 0.0268427 0.0340091 0.0349597 0.0308408 0.0220845 0.1712045
3.0421283 0.0011539 0.0059801 0.0151935 0.0260937 0.0346389 0.0361858 0.0319886 0.0247486 0.1759831
3.0622087 0.0011036 0.0056974 0.0150815 0.0258260 0.0337972 0.0366256 0.0330775 0.0247115 0.1759202
3.0822890 0.0010554 0.0052424 0.0138904 0.0245915 0.0325400 0.0348695 0.0321870 0.0249020 0.1692782
3.1023693 0.0010093 0.0052685 0.0135943 0.0239178 0.0322417 0.0355587 0.0321611 0.0256289 0.1693803
3.1224496 0.0009652 0.0050513 0.0134881 0.0238648 0.0315932 0.0340901 0.0303888 0.0245344 0.1639760
3.1425300 0.0009231 0.0048692 0.0128924 0.0232567 0.0317103 0.0342746 0.0316828 0.0250002 0.1646092
3.1626103 0.0008827 0.0048122 0.0128568 0.0228874 0.0311863 0.0340144 0.0312312 0.0241035 0.1619746
3.1826906 0.0008442 0.0045865 0.0125843 0.0237829 0.0328449 0.0353816 0.0322558 0.0256290 0.1679092
3.2027709 0.0008073 0.0044302 0.0119628 0.0216052 0.0297167 0.0326730 0.0302004 0.0238487 0.1552442
3.2228513 0.0007721 0.0042614 0.0115532 0.0213710 0.0301154 0.0335550 0.0317676 0.0257018 0.1590975
3.2429316 0.0007384 0.0040507 0.0109736 0.0206782 0.0282830 0.0323334 0.0305929 0.0254508 0.1531011
3.2630119 0.0007061 0.0038341 0.0108435 0.0206095 0.0290865 0.0325995 0.0304395 0.0250769 0.1531956
3.2830923 0.0006753 0.0038070 0.0103157 0.0195670 0.0277132 0.0317039 0.0305624 0.0264032 0.1507476
3.3031726 0.0006458 0.0036147 0.0102068 0.0190915 0.0286344 0.0333150 0.0319168 0.0266343 0.1540591
3.3232529 0.0006176 0.0036435 0.0104236 0.0197996 0.0283252 0.0321729 0.0305465 0.0260719 0.1516009
3.3433332 0.0005906 0.0033165 0.0093978 0.0182561 0.0270419 0.0317748 0.0321738 0.0283541 0.1509056
3.3634136 0.0005648 0.0032328 0.0092697 0.0178408 0.0262021 0.0310064 0.0303696 0.0250301 0.1435163
3.3834939 0.0005402 0.0031672 0.0097044 0.0187149 0.0265508 0.0307775 0.0307406 0.0260180 0.1462137
3.4035742 0.0005166 0.0030263 0.0084650 0.0168884 0.0249474 0.0294372 0.0299346 0.0259033 0.1391188
3.4236546 0.0004940 0.0029947 0.0087546 0.0175162 0.0265078 0.0322695 0.0330452 0.0288932 0.1504752
3.4437349 0.0004724 0.0027956 0.0082077 0.0167278 0.0254095 0.0312783 0.0313827 0.0278517 0.1441258
3.4638152 0.0004518 0.0027959 0.0081937 0.0165346 0.0238123 0.0286686 0.0283871 0.0252173 0.1340613
3.4838955 0.0004321 0.0026232 0.0079578 0.0155703 0.0235524 0.0288516 0.0303407 0.0270877 0.1364157
3.5039759 0.0004132 0.0025343 0.0074644 0.0148699 0.0227499 0.0278243 0.0291675 0.0254554 0.1304791
3.5240562 0.0003952 0.0024086 0.0072918 0.0149150 0.0227405 0.0279474 0.0282939 0.0250090 0.1290013
3.5441363 0.0003779 0.0022993 0.0073063 0.0149288 0.0239849 0.0314304 0.0329077 0.0295593 0.1427947
3.5642166 0.0003614 0.0022466 0.0069043 0.0140022 0.0219900 0.0271897 0.0286195 0.0257577 0.1270714
3.5842969 0.0003456 0.0021192 0.0064818 0.0138075 0.0220771 0.0275975 0.0285210 0.0260748 0.1270246
3.6043773 0.0003305 0.0020810 0.0062504 0.0130459 0.0206293 0.0260925 0.0277292 0.0254977 0.1216564
3.6244576 0.0003161 0.0019467 0.0063814 0.0134830 0.0216633 0.0273525 0.0298001 0.0267432 0.1276864
3.6445379 0.0003023 0.0018988 0.0061249 0.0129204 0.0204828 0.0270276 0.0293212 0.0272860 0.1253640
3.6646183 0.0002891 0.0017566 0.0056422 0.0118985 0.0186100 0.0242399 0.0265134 0.0246328 0.1135824
3.6846986 0.0002765 0.0017546 0.0053457 0.0118111 0.0187531 0.0249622 0.0278895 0.0267221 0.1175147
3.7047789 0.0002644 0.0017211 0.0053924 0.0119186 0.0193176 0.0249608 0.0271356 0.0257719 0.1164825
3.7248592 0.0002529 0.0016547 0.0052022 0.0108749 0.0182025 0.0240075 0.0280342 0.0270785 0.1153074
3.7449396 0.0002418 0.0016170 0.0052313 0.0112978 0.0190181 0.0252050 0.0285418 0.0276903 0.1188431
3.7650199 0.0002313 0.0014919 0.0047128 0.0104337 0.0169885 0.0220439 0.0248811 0.0245845 0.1053677
3.7851002 0.0002212 0.0014246 0.0047520 0.0107873 0.0182574 0.0242469 0.0270034 0.0264255 0.1131183
3.8051805 0.0002115 0.0014294 0.0048968 0.0107307 0.0178267 0.0243372 0.0278355 0.0275065 0.1147742
3.8252609 0.0002023 0.0013923 0.0047062 0.0105971 0.0183050 0.0258629 0.0299100 0.0299057 0.1208814
3.8453412 0.0001934 0.0012897 0.0044392 0.0098156 0.0169162 0.0231982 0.0269703 0.0264980 0.1093205
3.8654215 0.0001850 0.0012326 0.0040282 0.0092826 0.0157711 0.0216887 0.0255764 0.0260020 0.1037666
3.8855019 0.0001769 0.0011692 0.0040054 0.0091109 0.0159034 0.0218018 0.0258118 0.0264490 0.1044284
3.9055822 0.0001692 0.0011964 0.0038644 0.0086165 0.0148546 0.0202963 0.0239709 0.0237621 0.0967304
3.9256625 0.0001618 0.0011160 0.0040334 0.0089643 0.0154641 0.0210701 0.0239272 0.0244226 0.0991596
3.9457428 0.0001547 0.0010456 0.0034783 0.0083175 0.0148616 0.0208472 0.0239988 0.0248521 0.0975559
3.9658232 0.0001480 0.0010127 0.0036258 0.0084603 0.0151275 0.0220443 0.0266456 0.0269183 0.1039824
3.9859035 0.0001415 0.0010170 0.0034141 0.0079221 0.0140384 0.0203749 0.0241003 0.0248399 0.0958481
4.0059838 0.0001353 0.0009796 0.0032842 0.0077297 0.0136287 0.0197550 0.0236244 0.0250781 0.0942152
4.0260644 0.0001294 0.0009004 0.0032023 0.0073449 0.0132457 0.0193179 0.0242506 0.0252260 0.0936172
4.0461445 0.0001238 0.0009264 0.0031903 0.0075487 0.0134153 0.0195066 0.0235677 0.0240763 0.0923550
4.0662251 0.0001184 0.0008440 0.0031028 0.0074121 0.0134841 0.0186973 0.0232952 0.0255765 0.0925304
4.0863051 0.0001132 0.0008104 0.0030207 0.0071403 0.0131521 0.0194507 0.0237810 0.0251939 0.0926623
4.1063857 0.0001082 0.0007629 0.0026940 0.0065468 0.0118219 0.0172743 0.0210650 0.0230719 0.0833451
4.1264658 0.0001035 0.0007462 0.0026812 0.0064940 0.0117498 0.0170784 0.0218793 0.0242920 0.0850245
4.1465464 0.0000990 0.0007558 0.0027631 0.0066388 0.0128364 0.0199832 0.0253503 0.0272032 0.0956298
4.1666265 0.0000947 0.0007278 0.0028100 0.0069880 0.0130009 0.0198654 0.0241821 0.0251477 0.0928166
4.1867070 0.0000905 0.0006741 0.0025607 0.0063007 0.0116931 0.0171879 0.0218280 0.0235089 0.0838439
4.2067871 0.0000866 0.0005963 0.0021863 0.0052783 0.0101662 0.0156928 0.0205248 0.0221369 0.0766683
4.2268677 0.0000828 0.0005997 0.0023603 0.0057368 0.0107672 0.0156359 0.0194484 0.0214582 0.0760892
4.2469478 0.0000792 0.0006060 0.0023171 0.0057250 0.0114029 0.0182055 0.0236965 0.0266484 0.0886806
4.2670283 0.0000757 0.0005980 0.0022992 0.0058550 0.0114268 0.0178230 0.0237559 0.0264956 0.0883292
4.2871084 0.0000724 0.0005683 0.0020869 0.0050982 0.0098763 0.0146184 0.0186235 0.0211973 0.0721414
4.3071890 0.0000693 0.0005358 0.0020302 0.0051625 0.0098163 0.0152992 0.0200806 0.0223540 0.0753478
4.3272691 0.0000662 0.0005103 0.0019827 0.0050527 0.0099201 0.0156090 0.0202396 0.0227997 0.0761804
4.3473496 0.0000633 0.0004987 0.0020905 0.0053586 0.0106457 0.0164576 0.0215279 0.0244772 0.0811195
4.3674297 0.0000606 0.0004811 0.0018815 0.0049686 0.0093573 0.0145709 0.0191156 0.0212866 0.0717220
4.3875103 0.0000579 0.0004716 0.0017633 0.0045736 0.0088989 0.0139143 0.0185185 0.0215354 0.0697334
4.4075904 0.0000554 0.0004395 0.0018194 0.0047761 0.0096278 0.0151530 0.0206420 0.0244056 0.0769188
4.4276710 0.0000530 0.0004158 0.0016208 0.0041243 0.0081822 0.0130342 0.0176682 0.0205218 0.0656203
4.4477510 0.0000507 0.0004044 0.0016310 0.0043478 0.0083744 0.0132667 0.0179547 0.0207838 0.0668135
4.4678316 0.0000485 0.0003815 0.0015328 0.0040491 0.0082129 0.0132175 0.0177120 0.0211003 0.0662545
4.4879117 0.0000463 0.0003796 0.0014266 0.0037674 0.0076890 0.0125315 0.0165201 0.0193677 0.0617282
4.5079918 0.0000443 0.0003442 0.0014453 0.0038973 0.0078255 0.0129083 0.0179321 0.0213040 0.0657012
4.5280724 0.0000424 0.0003655 0.0014668 0.0040762 0.0080871 0.0131818 0.0187764 0.0225354 0.0685316
4.5481524 0.0000405 0.0003270 0.0014053 0.0036683 0.0074119 0.0123367 0.0167836 0.0203078 0.0622811
4.5682330 0.0000388 0.0003119 0.0012307 0.0034329 0.0071490 0.0120244 0.0167675 0.0199874 0.0609425
4.5883131 0.0000371 0.0002921 0.0012153 0.0033401 0.0068227 0.0112208 0.0155211 0.0185243 0.0569735
4.6083937 0.0000355 0.0002792 0.0011498 0.0032455 0.0065350 0.0109752 0.0154910 0.0187349 0.0564461
4.6284738 0.0000339 0.0002895 0.0011609 0.0032772 0.0066836 0.0111062 0.0154927 0.0191905 0.0572345
4.6485543 0.0000324 0.0002750 0.0012536 0.0035245 0.0074952 0.0127965 0.0182199 0.0217903 0.0653874
4.6686344 0.0000310 0.0002579 0.0011021 0.0030836 0.0064718 0.0111139 0.0161055 0.0195370 0.0577026
4.6887150 0.0000297 0.0002304 0.0009773 0.0027168 0.0056070 0.0096072 0.0132883 0.0157001 0.0481567
4.7087951 0.0000284 0.0002318 0.0009512 0.0026403 0.0054683 0.0093246 0.0134750 0.0166636 0.0487831
4.7288756 0.0000271 0.0002216 0.0009292 0.0026731 0.0055994 0.0094801 0.0138900 0.0180358 0.0508565
4.7489557 0.0000259 0.0002168 0.0009058 0.0025005 0.0053615 0.0094490 0.0135877 0.0171047 0.0491519
4.7690363 0.0000248 0.0002170 0.0008822 0.0025404 0.0054444 0.0096955 0.0142749 0.0183887 0.0514680
4.7891164 0.0000237 0.0001863 0.0007691 0.0021564 0.0045238 0.0077331 0.0111101 0.0141162 0.0406188
4.8091969 0.0000227 0.0002104 0.0008333 0.0023878 0.0050823 0.0089663 0.0135455 0.0178175 0.0488658
4.8292770 0.0000217 0.0001899 0.0008058 0.0022569 0.0051476 0.0090376 0.0133642 0.0167852 0.0476088
4.8493576 0.0000207 0.0001720 0.0007236 0.0021726 0.0049171 0.0087759 0.0130510 0.0163918 0.0462247
4.8694377 0.0000198 0.0001754 0.0007624 0.0022574 0.0048364 0.0083091 0.0121906 0.0154637 0.0440149
4.8895183 0.0000190 0.0001775 0.0007856 0.0024680 0.0055207 0.0099190 0.0149170 0.0192061 0.0530129
4.9095984 0.0000181 0.0001696 0.0007174 0.0020996 0.0046392 0.0084123 0.0130993 0.0169557 0.0461113
4.9296789 0.0000174 0.0001468 0.0006185 0.0018076 0.0039168 0.0068236 0.0104494 0.0133731 0.0371532
4.9497590 0.0000166 0.0001482 0.0006767 0.0018965 0.0042428 0.0078369 0.0119378 0.0148977 0.0416532
4.9698396 0.0000159 0.0001402 0.0006388 0.0017549 0.0041264 0.0070861 0.0102765 0.0136572 0.0376959
4.9899197 0.0000152 0.0001310 0.0006069 0.0017494 0.0038299 0.0069478 0.0105607 0.0142587 0.0380995
5.0100002 0.0000145 0.0001204 0.0005145 0.0015213 0.0034886 0.0063539 0.0098483 0.0129780 0.0348396
