-------- p=0.435 a=1.000 mu=-2.200 N=20000000 time=2017-02-23 08:00:39 --------
0.0100000 0.9773161 0.0007511 0.0000000 0.0000000 0.0000000 0.0000000 0.0000000 0.0000000 0.9780671
0.0300803 0.9333082 0.0036476 0.0000184 0.0000000 0.0000000 0.0000000 0.0000000 0.0000000 0.9369742
0.0501606 0.8912819 0.0072654 0.0000994 0.0000000 0.0000000 0.0000000 0.0000000 0.0000000 0.8986468
0.0702410 0.8511481 0.0117628 0.0000956 0.0000000 0.0000000 0.0000000 0.0000000 0.0000000 0.8630064
0.0903213 0.8128215 0.0164383 0.0001824 0.0000002 0.0000000 0.0000000 0.0000000 0.0000000 0.8294424
0.1104016 0.7762207 0.0210285 0.0002832 0.0000004 0.0000000 0.0000000 0.0000000 0.0000000 0.7975328
0.1304819 0.7412679 0.0256763 0.0003801 0.0000040 0.0000000 0.0000000 0.0000000 0.0000000 0.7673283
0.1505622 0.7078891 0.0302390 0.0005783 0.0000021 0.0000000 0.0000000 0.0000000 0.0000000 0.7387085
0.1706426 0.6760134 0.0347692 0.0008313 0.0000211 0.0000000 0.0000000 0.0000000 0.0000000 0.7116350
0.1907229 0.6455729 0.0389904 0.0012201 0.0000250 0.0000000 0.0000000 0.0000000 0.0000000 0.6858083
0.2108032 0.6165032 0.0432018 0.0015509 0.0000297 0.0000165 0.0000000 0.0000000 0.0000000 0.6613022
0.2308835 0.5887425 0.0472021 0.0019876 0.0000322 0.0000000 0.0000000 0.0000000 0.0000000 0.6379645
0.2509638 0.5622318 0.0507636 0.0023202 0.0000702 0.0000003 0.0000000 0.0000000 0.0000000 0.6153860
0.2710442 0.5369149 0.0539897 0.0028411 0.0000676 0.0000000 0.0000000 0.0000000 0.0000000 0.5938133
0.2911245 0.5127380 0.0572013 0.0033589 0.0001318 0.0000015 0.0000000 0.0000000 0.0000000 0.5734315
0.3112048 0.4896497 0.0605712 0.0035077 0.0001498 0.0000004 0.0000000 0.0000000 0.0000000 0.5538788
0.3312851 0.4676011 0.0630960 0.0041732 0.0002235 0.0000008 0.0000000 0.0000000 0.0000000 0.5350946
0.3513654 0.4465453 0.0654560 0.0047884 0.0001893 0.0000078 0.0000001 0.0000000 0.0000000 0.5169870
0.3714458 0.4264377 0.0675880 0.0057820 0.0003133 0.0000024 0.0000000 0.0000000 0.0000000 0.5001233
0.3915261 0.4072355 0.0698911 0.0059826 0.0003538 0.0000049 0.0000000 0.0000000 0.0000000 0.4834679
0.4116064 0.3888980 0.0714891 0.0064438 0.0003678 0.0000085 0.0000000 0.0000000 0.0000000 0.4672071
0.4316867 0.3713861 0.0731649 0.0072800 0.0004615 0.0000325 0.0000001 0.0000000 0.0000000 0.4523251
0.4517670 0.3546629 0.0746069 0.0077914 0.0005427 0.0000182 0.0000000 0.0000000 0.0000000 0.4376220
0.4718474 0.3386926 0.0759585 0.0083859 0.0005929 0.0000758 0.0000000 0.0000000 0.0000000 0.4237058
0.4919277 0.3234415 0.0765172 0.0093265 0.0007505 0.0000302 0.0000001 0.0000000 0.0000000 0.4100661
0.5120080 0.3088772 0.0772165 0.0099276 0.0008204 0.0000647 0.0000007 0.0000000 0.0000000 0.3969070
0.5320883 0.2949686 0.0781918 0.0105349 0.0011761 0.0000567 0.0000038 0.0000000 0.0000000 0.3849319
0.5521687 0.2816864 0.0786891 0.0113717 0.0011603 0.0000921 0.0000113 0.0000000 0.0000000 0.3730108
0.5722489 0.2690023 0.0789784 0.0118987 0.0012538 0.0001187 0.0000071 0.0000000 0.0000000 0.3612590
0.5923293 0.2568893 0.0789431 0.0122690 0.0013161 0.0001051 0.0000005 0.0000000 0.0000000 0.3495230
0.6124096 0.2453217 0.0791733 0.0131137 0.0015572 0.0001521 0.0000144 0.0000001 0.0000000 0.3393324
0.6324899 0.2342750 0.0790541 0.0136000 0.0015949 0.0001391 0.0000042 0.0000000 0.0000000 0.3286674
0.6525702 0.2237258 0.0788330 0.0139289 0.0016605 0.0001742 0.0000050 0.0000000 0.0000000 0.3183275
0.6726506 0.2136516 0.0786890 0.0145749 0.0018474 0.0001828 0.0000024 0.0000000 0.0000000 0.3089481
0.6927309 0.2040310 0.0782934 0.0152222 0.0019456 0.0002075 0.0000533 0.0000001 0.0000000 0.2997531
0.7128112 0.1948436 0.0777487 0.0158569 0.0020162 0.0002667 0.0000153 0.0000002 0.0000000 0.2907476
0.7328916 0.1860699 0.0766832 0.0161693 0.0024087 0.0003052 0.0000169 0.0000061 0.0000020 0.2816614
0.7529718 0.1776913 0.0764926 0.0164775 0.0025867 0.0002658 0.0000236 0.0000000 0.0000000 0.2735375
0.7730522 0.1696900 0.0756517 0.0174707 0.0026079 0.0003395 0.0000390 0.0000000 0.0000000 0.2657988
0.7931325 0.1620490 0.0748269 0.0169590 0.0026344 0.0003054 0.0000297 0.0000003 0.0000000 0.2568046
0.8132128 0.1547520 0.0737585 0.0177862 0.0029685 0.0003404 0.0000443 0.0000002 0.0000000 0.2496501
0.8332931 0.1477836 0.0728492 0.0181124 0.0031308 0.0004248 0.0000329 0.0000005 0.0000000 0.2423342
0.8533735 0.1411290 0.0719296 0.0184811 0.0035042 0.0005016 0.0000447 0.0000004 0.0000000 0.2355906
0.8734538 0.1347741 0.0708264 0.0186115 0.0033811 0.0004593 0.0000458 0.0000018 0.0000000 0.2280999
0.8935341 0.1287053 0.0699034 0.0193086 0.0035527 0.0004505 0.0000661 0.0000037 0.0000000 0.2219903
0.9136144 0.1229098 0.0685794 0.0194486 0.0037533 0.0004902 0.0000890 0.0000312 0.0000013 0.2153027
0.9336947 0.1173752 0.0675568 0.0198933 0.0038737 0.0005421 0.0000726 0.0000451 0.0000005 0.2093593
0.9537750 0.1120899 0.0665127 0.0199250 0.0039149 0.0007486 0.0001223 0.0000057 0.0000000 0.2033193
0.9738554 0.1070426 0.0651957 0.0197381 0.0041720 0.0006109 0.0000483 0.0000033 0.0000000 0.1968109
0.9939357 0.1022225 0.0638277 0.0201896 0.0041897 0.0006665 0.0000733 0.0000075 0.0000000 0.1911768
1.0140160 0.0976195 0.0627252 0.0204562 0.0043568 0.0006448 0.0001053 0.0000052 0.0000000 0.1859129
1.0340964 0.0932238 0.0618361 0.0201582 0.0044445 0.0007716 0.0001115 0.0000040 0.0000001 0.1805497
1.0541767 0.0890260 0.0603659 0.0202087 0.0047997 0.0007405 0.0001388 0.0000083 0.0000000 0.1752879
1.0742570 0.0850172 0.0588727 0.0204188 0.0049052 0.0009154 0.0001097 0.0000173 0.0000006 0.1702568
1.0943373 0.0811889 0.0581194 0.0209779 0.0050364 0.0010593 0.0001582 0.0000427 0.0000054 0.1665883
1.1144177 0.0775330 0.0565641 0.0207018 0.0052223 0.0010339 0.0002189 0.0000415 0.0000085 0.1613240
1.1344979 0.0740418 0.0554215 0.0208328 0.0051272 0.0010959 0.0001301 0.0000056 0.0000001 0.1566550
1.1545782 0.0707077 0.0540405 0.0207678 0.0054775 0.0010650 0.0001439 0.0000176 0.0000003 0.1522204
1.1746585 0.0675238 0.0527096 0.0210455 0.0056840 0.0012065 0.0001986 0.0000277 0.0000001 0.1483959
1.1947389 0.0644832 0.0515687 0.0209958 0.0055929 0.0010725 0.0001597 0.0000261 0.0000003 0.1438993
1.2148192 0.0615796 0.0501157 0.0203415 0.0058841 0.0012629 0.0001926 0.0000578 0.0000031 0.1394373
1.2348995 0.0588067 0.0491924 0.0209253 0.0059308 0.0013032 0.0002173 0.0000418 0.0000097 0.1364272
1.2549798 0.0561587 0.0477904 0.0204790 0.0057438 0.0013374 0.0002980 0.0000363 0.0000068 0.1318504
1.2750602 0.0536299 0.0467040 0.0203461 0.0060476 0.0012763 0.0002003 0.0000208 0.0000096 0.1282346
1.2951405 0.0512150 0.0454848 0.0204388 0.0063376 0.0014244 0.0002922 0.0000824 0.0000151 0.1252903
1.3152208 0.0489088 0.0442796 0.0203376 0.0061715 0.0013961 0.0002416 0.0000202 0.0000019 0.1213572
1.3353012 0.0467065 0.0432306 0.0200838 0.0060811 0.0015960 0.0002904 0.0000407 0.0000132 0.1180424
1.3553815 0.0446033 0.0421113 0.0201311 0.0065011 0.0016330 0.0002915 0.0000453 0.0000099 0.1153265
1.3754618 0.0425949 0.0408782 0.0199911 0.0063153 0.0015052 0.0003021 0.0000367 0.0000024 0.1116259
1.3955421 0.0406768 0.0399879 0.0196221 0.0064277 0.0016684 0.0003091 0.0000537 0.0000118 0.1087575
1.4156225 0.0388452 0.0386295 0.0195990 0.0066867 0.0017734 0.0003377 0.0000657 0.0000416 0.1059787
1.4357028 0.0370960 0.0376696 0.0193012 0.0065819 0.0017304 0.0003696 0.0000780 0.0000068 0.1028335
1.4557831 0.0354256 0.0366324 0.0193074 0.0066286 0.0017444 0.0002872 0.0000484 0.0000100 0.1000841
1.4758633 0.0338304 0.0354976 0.0188599 0.0068115 0.0018939 0.0004113 0.0000667 0.0000083 0.0973796
1.4959437 0.0323071 0.0345481 0.0185917 0.0069543 0.0019948 0.0004571 0.0000531 0.0000069 0.0949131
1.5160240 0.0308523 0.0336566 0.0183935 0.0070716 0.0020451 0.0004554 0.0000785 0.0000238 0.0925768
1.5361043 0.0294630 0.0326560 0.0184587 0.0071402 0.0020323 0.0005300 0.0001258 0.0000333 0.0904393
1.5561846 0.0281363 0.0317215 0.0178858 0.0070403 0.0019640 0.0004590 0.0001072 0.0000331 0.0873473
1.5762650 0.0268694 0.0307442 0.0176117 0.0068330 0.0019756 0.0004516 0.0000969 0.0000050 0.0845873
1.5963453 0.0256595 0.0298548 0.0176716 0.0070301 0.0020198 0.0004935 0.0000902 0.0000219 0.0828415
1.6164256 0.0245040 0.0289593 0.0173116 0.0068668 0.0020460 0.0004994 0.0001411 0.0000173 0.0803454
1.6365060 0.0234006 0.0281043 0.0167551 0.0067891 0.0020957 0.0004699 0.0001005 0.0000349 0.0777502
1.6565863 0.0223469 0.0273090 0.0170311 0.0071432 0.0022781 0.0005685 0.0001428 0.0000259 0.0768454
1.6766666 0.0213406 0.0263750 0.0166498 0.0069206 0.0023338 0.0006531 0.0001423 0.0000239 0.0744391
1.6967469 0.0203797 0.0256926 0.0162609 0.0071471 0.0022701 0.0005811 0.0001428 0.0000189 0.0724933
1.7168273 0.0194620 0.0247928 0.0157979 0.0070253 0.0022993 0.0006233 0.0001254 0.0000163 0.0701423
1.7369076 0.0185856 0.0241534 0.0157648 0.0071467 0.0024100 0.0006405 0.0001941 0.0000144 0.0689096
1.7569879 0.0177487 0.0232638 0.0156733 0.0068120 0.0022436 0.0005570 0.0001660 0.0000291 0.0664934
1.7770681 0.0169495 0.0225973 0.0150355 0.0069125 0.0023048 0.0006234 0.0001502 0.0000299 0.0646030
1.7971485 0.0161863 0.0218057 0.0147898 0.0068251 0.0023611 0.0006674 0.0001561 0.0000306 0.0628221
1.8172288 0.0154575 0.0211241 0.0145285 0.0068535 0.0023487 0.0007060 0.0001492 0.0000218 0.0611893
1.8373091 0.0147614 0.0205030 0.0143068 0.0066229 0.0023721 0.0006247 0.0001807 0.0000330 0.0594044
1.8573895 0.0140967 0.0198774 0.0140268 0.0066624 0.0024663 0.0006968 0.0001533 0.0000258 0.0580056
1.8774698 0.0134619 0.0192130 0.0138543 0.0067876 0.0025419 0.0008025 0.0002320 0.0000482 0.0569415
1.8975501 0.0128558 0.0186096 0.0136958 0.0068466 0.0026676 0.0008102 0.0002301 0.0000434 0.0557590
1.9176304 0.0122769 0.0179947 0.0133673 0.0067447 0.0025165 0.0007083 0.0001546 0.0000272 0.0537902
1.9377108 0.0117241 0.0174436 0.0129916 0.0066052 0.0025701 0.0008009 0.0001797 0.0000263 0.0523415
1.9577911 0.0111961 0.0168796 0.0127692 0.0065761 0.0024903 0.0008373 0.0002386 0.0000778 0.0510651
1.9778714 0.0106920 0.0163191 0.0124315 0.0064424 0.0025333 0.0008283 0.0001818 0.0000351 0.0494635
1.9979517 0.0102105 0.0157859 0.0122850 0.0063079 0.0024968 0.0008831 0.0002579 0.0000675 0.0482946
2.0180321 0.0097508 0.0152682 0.0119541 0.0062633 0.0024921 0.0007985 0.0001889 0.0000383 0.0467541
2.0381124 0.0093117 0.0147859 0.0118714 0.0064636 0.0024728 0.0008255 0.0002441 0.0000348 0.0460097
2.0581927 0.0088924 0.0142695 0.0111497 0.0062039 0.0026252 0.0008379 0.0002489 0.0000437 0.0442713
2.0782731 0.0084920 0.0137677 0.0112292 0.0062936 0.0026327 0.0008894 0.0002217 0.0000442 0.0435704
2.0983534 0.0081096 0.0133120 0.0108656 0.0060216 0.0025842 0.0009085 0.0002389 0.0000552 0.0420956
2.1184337 0.0077444 0.0127972 0.0105812 0.0060243 0.0025349 0.0009255 0.0003045 0.0000903 0.0410022
2.1385140 0.0073957 0.0124645 0.0106299 0.0059630 0.0025298 0.0008512 0.0002483 0.0000482 0.0401306
2.1585944 0.0070627 0.0119916 0.0102059 0.0059536 0.0025219 0.0008543 0.0002720 0.0000788 0.0389408
2.1786747 0.0067446 0.0115898 0.0099846 0.0058011 0.0026071 0.0009300 0.0002914 0.0000846 0.0380333
2.1987550 0.0064409 0.0112020 0.0097364 0.0058476 0.0026181 0.0008705 0.0002640 0.0000888 0.0370683
2.2188354 0.0061509 0.0108214 0.0095657 0.0056288 0.0026517 0.0009330 0.0002519 0.0000609 0.0360644
2.2389157 0.0058739 0.0104374 0.0093081 0.0055271 0.0023879 0.0009013 0.0002476 0.0000594 0.0347427
2.2589958 0.0056094 0.0100904 0.0092144 0.0056940 0.0026294 0.0009952 0.0003088 0.0001035 0.0346451
2.2790761 0.0053568 0.0097437 0.0089216 0.0054214 0.0025961 0.0010354 0.0003532 0.0000983 0.0335266
2.2991564 0.0051156 0.0094370 0.0086363 0.0053487 0.0024315 0.0009578 0.0003254 0.0000914 0.0323437
2.3192368 0.0048853 0.0090906 0.0084866 0.0053631 0.0024870 0.0009380 0.0003391 0.0001104 0.0317001
2.3393171 0.0046653 0.0087592 0.0083087 0.0052348 0.0025624 0.0010290 0.0002814 0.0000775 0.0309182
2.3593974 0.0044552 0.0084323 0.0079860 0.0050734 0.0023493 0.0008899 0.0002800 0.0000685 0.0295347
2.3794777 0.0042546 0.0081241 0.0078732 0.0052236 0.0024779 0.0010193 0.0003752 0.0001227 0.0294707
2.3995581 0.0040630 0.0078481 0.0077003 0.0051489 0.0025694 0.0011074 0.0003983 0.0001370 0.0289723
2.4196384 0.0038801 0.0075738 0.0073782 0.0050153 0.0025393 0.0010083 0.0003289 0.0001104 0.0278342
2.4397187 0.0037053 0.0073115 0.0071368 0.0047516 0.0024576 0.0009891 0.0003465 0.0001224 0.0268208
2.4597991 0.0035385 0.0070504 0.0070268 0.0047296 0.0025013 0.0010384 0.0003493 0.0000944 0.0263287
2.4798794 0.0033792 0.0067992 0.0068210 0.0046125 0.0023799 0.0009958 0.0003449 0.0001018 0.0254343
2.4999597 0.0032270 0.0065351 0.0066363 0.0045002 0.0023482 0.0010014 0.0003950 0.0001230 0.0247662
2.5200400 0.0030817 0.0063093 0.0064358 0.0044065 0.0023630 0.0010179 0.0003636 0.0001005 0.0240783
2.5401204 0.0029429 0.0061116 0.0063352 0.0045116 0.0024014 0.0010688 0.0003892 0.0001270 0.0238876
2.5602007 0.0028104 0.0058645 0.0060550 0.0043114 0.0022923 0.0009712 0.0003574 0.0001162 0.0227784
2.5802810 0.0026839 0.0056755 0.0060233 0.0042367 0.0022989 0.0009889 0.0003659 0.0001381 0.0224111
2.6003613 0.0025630 0.0054475 0.0057556 0.0041752 0.0023095 0.0010872 0.0003776 0.0001200 0.0218357
2.6204417 0.0024476 0.0053034 0.0056944 0.0041113 0.0023142 0.0010103 0.0004337 0.0001446 0.0214595
2.6405220 0.0023374 0.0050503 0.0055645 0.0040811 0.0022028 0.0010199 0.0003543 0.0001128 0.0207230
2.6606023 0.0022321 0.0048995 0.0052594 0.0039207 0.0021752 0.0010001 0.0003769 0.0001247 0.0199887
2.6806827 0.0021316 0.0047007 0.0052421 0.0038791 0.0022241 0.0010184 0.0003678 0.0001427 0.0197066
2.7007630 0.0020356 0.0045356 0.0050893 0.0038379 0.0022006 0.0010841 0.0004124 0.0001438 0.0193394
2.7208433 0.0019440 0.0043636 0.0049601 0.0036707 0.0021506 0.0010374 0.0004411 0.0001382 0.0187055
2.7409236 0.0018564 0.0042450 0.0047939 0.0036559 0.0021092 0.0009823 0.0004150 0.0001444 0.0182022
2.7610040 0.0017728 0.0040542 0.0047134 0.0036363 0.0021093 0.0009995 0.0003743 0.0001211 0.0177809
2.7810843 0.0016930 0.0039293 0.0045113 0.0035228 0.0020925 0.0009928 0.0003967 0.0001288 0.0172672
2.8011646 0.0016168 0.0037708 0.0043872 0.0033963 0.0020297 0.0009572 0.0003767 0.0001294 0.0166641
2.8212450 0.0015440 0.0036162 0.0042221 0.0033511 0.0019967 0.0009999 0.0004112 0.0001446 0.0162858
2.8413253 0.0014744 0.0034935 0.0041591 0.0032169 0.0019751 0.0009650 0.0003952 0.0001484 0.0158277
2.8614056 0.0014081 0.0033458 0.0040281 0.0032500 0.0020137 0.0010303 0.0003870 0.0001537 0.0156166
2.8814859 0.0013447 0.0032347 0.0038466 0.0031316 0.0019315 0.0009945 0.0004099 0.0001428 0.0150363
2.9015663 0.0012841 0.0031103 0.0038460 0.0031900 0.0020912 0.0010387 0.0004553 0.0001636 0.0151791
2.9216464 0.0012263 0.0030069 0.0036596 0.0030202 0.0019272 0.0009603 0.0003691 0.0001414 0.0143110
2.9417267 0.0011711 0.0028922 0.0035677 0.0029879 0.0018484 0.0009356 0.0004219 0.0001572 0.0139819
2.9618070 0.0011183 0.0027738 0.0034855 0.0029470 0.0018087 0.0009307 0.0004052 0.0001639 0.0136331
2.9818873 0.0010680 0.0026783 0.0033945 0.0028868 0.0018628 0.0009882 0.0004564 0.0001795 0.0135145
3.0019677 0.0010199 0.0025930 0.0032935 0.0027947 0.0018640 0.0009813 0.0004138 0.0001552 0.0131154
3.0220480 0.0009740 0.0025008 0.0031570 0.0027106 0.0017813 0.0009259 0.0004132 0.0001577 0.0126204
3.0421283 0.0009301 0.0023872 0.0030362 0.0026747 0.0017598 0.0009370 0.0004021 0.0001721 0.0122992
3.0622087 0.0008882 0.0022897 0.0029693 0.0026392 0.0017116 0.0009207 0.0004186 0.0001551 0.0119924
3.0822890 0.0008482 0.0022110 0.0029443 0.0026717 0.0017455 0.0009266 0.0004190 0.0001581 0.0119243
3.1023693 0.0008100 0.0021253 0.0027698 0.0024625 0.0016656 0.0008973 0.0003985 0.0001443 0.0112733
3.1224496 0.0007736 0.0020613 0.0026954 0.0024171 0.0016791 0.0008940 0.0004229 0.0001543 0.0110976
3.1425300 0.0007387 0.0019701 0.0026355 0.0022950 0.0015726 0.0008682 0.0004268 0.0001717 0.0106787
3.1626103 0.0007055 0.0018948 0.0025924 0.0023419 0.0015764 0.0008598 0.0004110 0.0001710 0.0105527
3.1826906 0.0006737 0.0018241 0.0024565 0.0021949 0.0015329 0.0008348 0.0004116 0.0001646 0.0100931
3.2027709 0.0006434 0.0017522 0.0024588 0.0022716 0.0015788 0.0008880 0.0004184 0.0001710 0.0101820
3.2228513 0.0006144 0.0016968 0.0023534 0.0021365 0.0014660 0.0008020 0.0003653 0.0001540 0.0095885
