-------- p=0.652 a=2.000 mu=-2.200 N=20000000 time=2017-02-23 07:05:08 --------
0.0100000 0.9761621 0.0014856 0.0000000 0.0000000 0.0000000 0.0000000 0.0000000 0.0000000 0.9776477
0.0300803 0.9299972 0.0071724 0.0000211 0.0000000 0.0000000 0.0000000 0.0000000 0.0000000 0.9371906
0.0501606 0.8860155 0.0147652 0.0001539 0.0000000 0.0000000 0.0000000 0.0000000 0.0000000 0.9009346
0.0702410 0.8441138 0.0232853 0.0004018 0.0000395 0.0000000 0.0000000 0.0000000 0.0000000 0.8678405
0.0903213 0.8041938 0.0323154 0.0004985 0.0000044 0.0000000 0.0000000 0.0000000 0.0000000 0.8370121
0.1104016 0.7661616 0.0413434 0.0010332 0.0000274 0.0000000 0.0000000 0.0000000 0.0000000 0.8085656
0.1304819 0.7299281 0.0505395 0.0018477 0.0000383 0.0000000 0.0000000 0.0000000 0.0000000 0.7823535
0.1505622 0.6954082 0.0593805 0.0025746 0.0001259 0.0000000 0.0000000 0.0000000 0.0000000 0.7574891
0.1706426 0.6625207 0.0685079 0.0032439 0.0001136 0.0000039 0.0000000 0.0000000 0.0000000 0.7343901
0.1907229 0.6311886 0.0767387 0.0046809 0.0002709 0.0000002 0.0000000 0.0000000 0.0000000 0.7128793
0.2108032 0.6013383 0.0845377 0.0060810 0.0002561 0.0000061 0.0000005 0.0000000 0.0000000 0.6922198
0.2308835 0.5728997 0.0917411 0.0078579 0.0004897 0.0000185 0.0000000 0.0000000 0.0000000 0.6730069
0.2509638 0.5458060 0.0981805 0.0090359 0.0004444 0.0000215 0.0000000 0.0000000 0.0000000 0.6534882
0.2710442 0.5199935 0.1052206 0.0107761 0.0007888 0.0000553 0.0000001 0.0000000 0.0000000 0.6368344
0.2911245 0.4954019 0.1112056 0.0122643 0.0008297 0.0000804 0.0000000 0.0000000 0.0000000 0.6197819
0.3112048 0.4719732 0.1169013 0.0144933 0.0012644 0.0000855 0.0000014 0.0000000 0.0000000 0.6047192
0.3312851 0.4496525 0.1214688 0.0166597 0.0014877 0.0001388 0.0000134 0.0000000 0.0000000 0.5894209
0.3513654 0.4283874 0.1258100 0.0187025 0.0018798 0.0002052 0.0000025 0.0000000 0.0000000 0.5749874
0.3714458 0.4081280 0.1297579 0.0215029 0.0023128 0.0002275 0.0000028 0.0000000 0.0000000 0.5619319
0.3915261 0.3888267 0.1334724 0.0237006 0.0027741 0.0002470 0.0000022 0.0000000 0.0000000 0.5490231
0.4116064 0.3704382 0.1365430 0.0257742 0.0030501 0.0003794 0.0000441 0.0000006 0.0000000 0.5362296
0.4316867 0.3529194 0.1395374 0.0277134 0.0039771 0.0002499 0.0000082 0.0000000 0.0000000 0.5244054
0.4517670 0.3362290 0.1417368 0.0297951 0.0042874 0.0005552 0.0000443 0.0000003 0.0000000 0.5126481
0.4718474 0.3203280 0.1432137 0.0318724 0.0049738 0.0005008 0.0000125 0.0000012 0.0000000 0.5009024
0.4919277 0.3051790 0.1450505 0.0342777 0.0054862 0.0007970 0.0000635 0.0000004 0.0000000 0.4908543
0.5120080 0.2907464 0.1465734 0.0365944 0.0069148 0.0008636 0.0001285 0.0000238 0.0000003 0.4818451
0.5320883 0.2769963 0.1470994 0.0396740 0.0073410 0.0011953 0.0001629 0.0000016 0.0000000 0.4724705
0.5521687 0.2638965 0.1476060 0.0427455 0.0083450 0.0009882 0.0001315 0.0000103 0.0000000 0.4637231
0.5722489 0.2514163 0.1480481 0.0433976 0.0085141 0.0013322 0.0002050 0.0001080 0.0000014 0.4530226
0.5923293 0.2395262 0.1478991 0.0468705 0.0099891 0.0017117 0.0002148 0.0000126 0.0000000 0.4462241
0.6124096 0.2281985 0.1475673 0.0476854 0.0108292 0.0020391 0.0001942 0.0000175 0.0000002 0.4365314
0.6324899 0.2174065 0.1476213 0.0508599 0.0116380 0.0021761 0.0003118 0.0000541 0.0000016 0.4300693
0.6525702 0.2071248 0.1469069 0.0523808 0.0130069 0.0024493 0.0003600 0.0000962 0.0000145 0.4223394
0.6726506 0.1973294 0.1446686 0.0544480 0.0131618 0.0025579 0.0002721 0.0000336 0.0000006 0.4124721
0.6927309 0.1879973 0.1441570 0.0565694 0.0149053 0.0026984 0.0004031 0.0000196 0.0000010 0.4067512
0.7128112 0.1791064 0.1425866 0.0581269 0.0153299 0.0034109 0.0005150 0.0001218 0.0000068 0.3992043
0.7328916 0.1706361 0.1411513 0.0597367 0.0167708 0.0035198 0.0006244 0.0000223 0.0000013 0.3924627
0.7529718 0.1625663 0.1397069 0.0610458 0.0179272 0.0037161 0.0006229 0.0000369 0.0000001 0.3856222
0.7730522 0.1548782 0.1377112 0.0616382 0.0194713 0.0047373 0.0008945 0.0001708 0.0000724 0.3795737
0.7931325 0.1475537 0.1367998 0.0638400 0.0206434 0.0051201 0.0009031 0.0001301 0.0000014 0.3749916
0.8132128 0.1405755 0.1347110 0.0649019 0.0211757 0.0053953 0.0010732 0.0002034 0.0000313 0.3680674
0.8332931 0.1339274 0.1321370 0.0663603 0.0222911 0.0056176 0.0011059 0.0001774 0.0000052 0.3616220
0.8533735 0.1275937 0.1300258 0.0671768 0.0232048 0.0057994 0.0014153 0.0002790 0.0000100 0.3555048
0.8734538 0.1215595 0.1279445 0.0676615 0.0242664 0.0064716 0.0012337 0.0002662 0.0000551 0.3494583
0.8935341 0.1158107 0.1258420 0.0691075 0.0261570 0.0074856 0.0016936 0.0003931 0.0001080 0.3465974
0.9136144 0.1103337 0.1237043 0.0695271 0.0268275 0.0077052 0.0020127 0.0004021 0.0001046 0.3406171
0.9336947 0.1051158 0.1208583 0.0706978 0.0283646 0.0084729 0.0021676 0.0004342 0.0000376 0.3361488
0.9537750 0.1001446 0.1188839 0.0704955 0.0280153 0.0086657 0.0022858 0.0003782 0.0000745 0.3289435
0.9738554 0.0954085 0.1161353 0.0707300 0.0290885 0.0091597 0.0022999 0.0005275 0.0000582 0.3234077
0.9939357 0.0908965 0.1140559 0.0726795 0.0311444 0.0098043 0.0024976 0.0005861 0.0000897 0.3217539
1.0140160 0.0865978 0.1115931 0.0717418 0.0316278 0.0107983 0.0028655 0.0005894 0.0001096 0.3159233
1.0340964 0.0825023 0.1090231 0.0724944 0.0329892 0.0113934 0.0034132 0.0007617 0.0001711 0.3127486
1.0541767 0.0786006 0.1071767 0.0725734 0.0340756 0.0124927 0.0033917 0.0007536 0.0001132 0.3091775
1.0742570 0.0748834 0.1039572 0.0728707 0.0341043 0.0124327 0.0034472 0.0008144 0.0001308 0.3026406
1.0943373 0.0713420 0.1014374 0.0729337 0.0357915 0.0130492 0.0038635 0.0012126 0.0002551 0.2998851
1.1144177 0.0679681 0.0993690 0.0724047 0.0369849 0.0141457 0.0044431 0.0011848 0.0003489 0.2968492
1.1344979 0.0647537 0.0971179 0.0728210 0.0367521 0.0143278 0.0046139 0.0012727 0.0003526 0.2920119
1.1545782 0.0616914 0.0946189 0.0737542 0.0383603 0.0154155 0.0047869 0.0013038 0.0002545 0.2901854
1.1746585 0.0587739 0.0924880 0.0734300 0.0395917 0.0164790 0.0056316 0.0015598 0.0002420 0.2881959
1.1947389 0.0559943 0.0897849 0.0717277 0.0392285 0.0163451 0.0052736 0.0014214 0.0003243 0.2800999
1.2148192 0.0533462 0.0876256 0.0716871 0.0398714 0.0164944 0.0053847 0.0012642 0.0002598 0.2759335
1.2348995 0.0508234 0.0849550 0.0720675 0.0422023 0.0177256 0.0063417 0.0018372 0.0005345 0.2764871
1.2549798 0.0484198 0.0831020 0.0707961 0.0406873 0.0184087 0.0066245 0.0018479 0.0004147 0.2703009
1.2750602 0.0461299 0.0807655 0.0705166 0.0429640 0.0197744 0.0068341 0.0020550 0.0004660 0.2695056
1.2951405 0.0439483 0.0786397 0.0698420 0.0419263 0.0191382 0.0076213 0.0024701 0.0006606 0.2642464
1.3152208 0.0418699 0.0768072 0.0703535 0.0443599 0.0209382 0.0080180 0.0027446 0.0007366 0.2658279
1.3353012 0.0398898 0.0741736 0.0697838 0.0445707 0.0211418 0.0083447 0.0027166 0.0006966 0.2613177
1.3553815 0.0380033 0.0720595 0.0677040 0.0441728 0.0215551 0.0084666 0.0029932 0.0009316 0.2558861
1.3754618 0.0362060 0.0699315 0.0676563 0.0445579 0.0220661 0.0086375 0.0027373 0.0008669 0.2526595
1.3955421 0.0344938 0.0675744 0.0671071 0.0447782 0.0226458 0.0092147 0.0034857 0.0012907 0.2505904
1.4156225 0.0328625 0.0659439 0.0664935 0.0458322 0.0230100 0.0093197 0.0030071 0.0008173 0.2472863
1.4357028 0.0313083 0.0640515 0.0663330 0.0459759 0.0253433 0.0107494 0.0042224 0.0011864 0.2491703
1.4557831 0.0298277 0.0618425 0.0644119 0.0460010 0.0248170 0.0105960 0.0035667 0.0011146 0.2421774
1.4758633 0.0284171 0.0602751 0.0635901 0.0457631 0.0244245 0.0105711 0.0036932 0.0011508 0.2378850
1.4959437 0.0270732 0.0583764 0.0635793 0.0470463 0.0260055 0.0114433 0.0043265 0.0013048 0.2391552
1.5160240 0.0257928 0.0568018 0.0624582 0.0467187 0.0273559 0.0126066 0.0048914 0.0017128 0.2383381
1.5361043 0.0245730 0.0550462 0.0614873 0.0466596 0.0269658 0.0119588 0.0046102 0.0015625 0.2328634
1.5561846 0.0234109 0.0532297 0.0614856 0.0466389 0.0282258 0.0133426 0.0050748 0.0016975 0.2331060
1.5762650 0.0223038 0.0517712 0.0588700 0.0459130 0.0270343 0.0130958 0.0052318 0.0016950 0.2259149
1.5963453 0.0212490 0.0499975 0.0588373 0.0460041 0.0278259 0.0137018 0.0057103 0.0022721 0.2255980
1.6164256 0.0202441 0.0481158 0.0572802 0.0465334 0.0293980 0.0138976 0.0059946 0.0021256 0.2235893
1.6365060 0.0192867 0.0469206 0.0574333 0.0465825 0.0293756 0.0145060 0.0065037 0.0024776 0.2230860
1.6565863 0.0183746 0.0451484 0.0554348 0.0465619 0.0288614 0.0143108 0.0058796 0.0021670 0.2167385
1.6766666 0.0175056 0.0438383 0.0549854 0.0462368 0.0295180 0.0156770 0.0071638 0.0026589 0.2175837
1.6967469 0.0166777 0.0420813 0.0545840 0.0468312 0.0306392 0.0165257 0.0074621 0.0029551 0.2177563
1.7168273 0.0158890 0.0407731 0.0525086 0.0461176 0.0302904 0.0159565 0.0072559 0.0028503 0.2116414
1.7369076 0.0151375 0.0395866 0.0522329 0.0463653 0.0317388 0.0162483 0.0073451 0.0032498 0.2119043
1.7569879 0.0144217 0.0380732 0.0505549 0.0457472 0.0315817 0.0177149 0.0082257 0.0033388 0.2096581
1.7770681 0.0137396 0.0369189 0.0495531 0.0448986 0.0311457 0.0174413 0.0082720 0.0032589 0.2052283
1.7971485 0.0130899 0.0355738 0.0487163 0.0451082 0.0308088 0.0169420 0.0081132 0.0038728 0.2022249
1.8172288 0.0124708 0.0341502 0.0476286 0.0450904 0.0320837 0.0189386 0.0092500 0.0038457 0.2034580
1.8373091 0.0118810 0.0335009 0.0469570 0.0444488 0.0322506 0.0185494 0.0091968 0.0038029 0.2005874
1.8573895 0.0113192 0.0321186 0.0451789 0.0433631 0.0316415 0.0187968 0.0095251 0.0042523 0.1961956
1.8774698 0.0107838 0.0311882 0.0448310 0.0435407 0.0325136 0.0192698 0.0097015 0.0043428 0.1961715
1.8975501 0.0102738 0.0299998 0.0439661 0.0432897 0.0333421 0.0209527 0.0109328 0.0046147 0.1973717
1.9176304 0.0097880 0.0288471 0.0425320 0.0420933 0.0318184 0.0195371 0.0103989 0.0044488 0.1894635
1.9377108 0.0093251 0.0280046 0.0420392 0.0425819 0.0324043 0.0204753 0.0105673 0.0046875 0.1900851
1.9577911 0.0088841 0.0270844 0.0413910 0.0426126 0.0332442 0.0212766 0.0115216 0.0054643 0.1914787
1.9778714 0.0084639 0.0260805 0.0396036 0.0415595 0.0332592 0.0217341 0.0118168 0.0051166 0.1876342
1.9979517 0.0080636 0.0249993 0.0389181 0.0412692 0.0327023 0.0211162 0.0113823 0.0052664 0.1837176
2.0180321 0.0076823 0.0240849 0.0378113 0.0410145 0.0323444 0.0206261 0.0114431 0.0055056 0.1805122
2.0381124 0.0073190 0.0232909 0.0372013 0.0401510 0.0333876 0.0214483 0.0116222 0.0057727 0.1801930
2.0581927 0.0069729 0.0224696 0.0360980 0.0399379 0.0326617 0.0219282 0.0126727 0.0063525 0.1790933
2.0782731 0.0066431 0.0215678 0.0343441 0.0376313 0.0321936 0.0226063 0.0127425 0.0065757 0.1743043
2.0983534 0.0063289 0.0212093 0.0350470 0.0394769 0.0332674 0.0227886 0.0127400 0.0060976 0.1769557
2.1184337 0.0060296 0.0203592 0.0336263 0.0381203 0.0328897 0.0223301 0.0129506 0.0066283 0.1729342
2.1385140 0.0057445 0.0194862 0.0335344 0.0386021 0.0339690 0.0238175 0.0140993 0.0074265 0.1766796
2.1585944 0.0054728 0.0188344 0.0320859 0.0369370 0.0325496 0.0230722 0.0134089 0.0067546 0.1691154
2.1786747 0.0052140 0.0180172 0.0315582 0.0367581 0.0329671 0.0234028 0.0144405 0.0075444 0.1699024
2.1987550 0.0049674 0.0174671 0.0305151 0.0361001 0.0322566 0.0238874 0.0139054 0.0075419 0.1666410
2.2188354 0.0047325 0.0168366 0.0297156 0.0364214 0.0325176 0.0231483 0.0139976 0.0070897 0.1644593
2.2389157 0.0045087 0.0160973 0.0287144 0.0353176 0.0329297 0.0243706 0.0151765 0.0080997 0.1652146
2.2589958 0.0042954 0.0156056 0.0285432 0.0348161 0.0326675 0.0249452 0.0162960 0.0089668 0.1661358
2.2790761 0.0040923 0.0149966 0.0275404 0.0347240 0.0325341 0.0248591 0.0159878 0.0090419 0.1637762
2.2991564 0.0038988 0.0143622 0.0266261 0.0327086 0.0311363 0.0238106 0.0150659 0.0090334 0.1566421
2.3192368 0.0037144 0.0139467 0.0259838 0.0325782 0.0309565 0.0239428 0.0156733 0.0087690 0.1555646
2.3393171 0.0035387 0.0136462 0.0259943 0.0323412 0.0318009 0.0251479 0.0163082 0.0091418 0.1579191
2.3593974 0.0033714 0.0128965 0.0245078 0.0316361 0.0313591 0.0243460 0.0161792 0.0090850 0.1533810
2.3794777 0.0032119 0.0123275 0.0239019 0.0318298 0.0310151 0.0255528 0.0174254 0.0105881 0.1558527
2.3995581 0.0030600 0.0120215 0.0238708 0.0313404 0.0312895 0.0245449 0.0167150 0.0096041 0.1524462
2.4196384 0.0029153 0.0115692 0.0228919 0.0311652 0.0313592 0.0255184 0.0172552 0.0101779 0.1528523
2.4397187 0.0027774 0.0111062 0.0226187 0.0299524 0.0300134 0.0246446 0.0173142 0.0103991 0.1488259
2.4597991 0.0026461 0.0105126 0.0212368 0.0285774 0.0295642 0.0236486 0.0161014 0.0098105 0.1420975
2.4798794 0.0025210 0.0104806 0.0211955 0.0287578 0.0296374 0.0241187 0.0173515 0.0104312 0.1444936
2.4999597 0.0024017 0.0100404 0.0206732 0.0289117 0.0301934 0.0252574 0.0184053 0.0118941 0.1477773
2.5200400 0.0022881 0.0095268 0.0197762 0.0278731 0.0297919 0.0259397 0.0188538 0.0111051 0.1451547
2.5401204 0.0021799 0.0090612 0.0186706 0.0259985 0.0282072 0.0249504 0.0186667 0.0115949 0.1393294
2.5602007 0.0020768 0.0087233 0.0183632 0.0258471 0.0274101 0.0238071 0.0171132 0.0106308 0.1339715
2.5802810 0.0019786 0.0085139 0.0183710 0.0258749 0.0284935 0.0248782 0.0185544 0.0117001 0.1383647
2.6003613 0.0018850 0.0080233 0.0172833 0.0250000 0.0276949 0.0247316 0.0181985 0.0115605 0.1343771
2.6204417 0.0017959 0.0077277 0.0169304 0.0245556 0.0270762 0.0247582 0.0184862 0.0119196 0.1332497
2.6405220 0.0017110 0.0074772 0.0161318 0.0237419 0.0268459 0.0245623 0.0190456 0.0127525 0.1322681
2.6606023 0.0016301 0.0070981 0.0162751 0.0240429 0.0275788 0.0248842 0.0189471 0.0129683 0.1334244
2.6806827 0.0015530 0.0070008 0.0154908 0.0236048 0.0271558 0.0247243 0.0191639 0.0133236 0.1320171
2.7007630 0.0014795 0.0066560 0.0148020 0.0226833 0.0256273 0.0235245 0.0183329 0.0123243 0.1254298
2.7208433 0.0014096 0.0063709 0.0143301 0.0221518 0.0259475 0.0244361 0.0195281 0.0136995 0.1278736
2.7409236 0.0013429 0.0061751 0.0138232 0.0217930 0.0255290 0.0235202 0.0186795 0.0127291 0.1235921
2.7610040 0.0012794 0.0059854 0.0137858 0.0215506 0.0255918 0.0240777 0.0199151 0.0139679 0.1261537
2.7810843 0.0012189 0.0056377 0.0133832 0.0210990 0.0252453 0.0248206 0.0207382 0.0149100 0.1270530
2.8011646 0.0011612 0.0055047 0.0132685 0.0212935 0.0252374 0.0251769 0.0208305 0.0143335 0.1268061
2.8212450 0.0011063 0.0052801 0.0126735 0.0202302 0.0237332 0.0230890 0.0185661 0.0134357 0.1181141
2.8413253 0.0010540 0.0050977 0.0119207 0.0197893 0.0246243 0.0245197 0.0199356 0.0142592 0.1212004
2.8614056 0.0010041 0.0048923 0.0117645 0.0191751 0.0239265 0.0242185 0.0202992 0.0147816 0.1200619
2.8814859 0.0009567 0.0046329 0.0113811 0.0185583 0.0226680 0.0231864 0.0188043 0.0136958 0.1138835
2.9015663 0.0009114 0.0045024 0.0110868 0.0182084 0.0229565 0.0233523 0.0203421 0.0149807 0.1163406
2.9216464 0.0008683 0.0043284 0.0109348 0.0181022 0.0222093 0.0229043 0.0200001 0.0145629 0.1139103
2.9417267 0.0008273 0.0041244 0.0105668 0.0175896 0.0225758 0.0231279 0.0200097 0.0141239 0.1129453
2.9618070 0.0007881 0.0039086 0.0100207 0.0170715 0.0218655 0.0221236 0.0193766 0.0141255 0.1092802
2.9818873 0.0007509 0.0036859 0.0092488 0.0156563 0.0203624 0.0212388 0.0186029 0.0136120 0.1031580
3.0019677 0.0007153 0.0036380 0.0096487 0.0170621 0.0217821 0.0225520 0.0203456 0.0155803 0.1113241
3.0220480 0.0006815 0.0035288 0.0091141 0.0158793 0.0211448 0.0226385 0.0197550 0.0155960 0.1083379
3.0421283 0.0006493 0.0033905 0.0090259 0.0154456 0.0204530 0.0212226 0.0188298 0.0148425 0.1038591
3.0622087 0.0006186 0.0033217 0.0087253 0.0152116 0.0202087 0.0215019 0.0202630 0.0164765 0.1063272
3.0822890 0.0005893 0.0031181 0.0083068 0.0150274 0.0205123 0.0219791 0.0202751 0.0158815 0.1056896
3.1023693 0.0005615 0.0029633 0.0077878 0.0139180 0.0187819 0.0205854 0.0187575 0.0149534 0.0983086
3.1224496 0.0005349 0.0028954 0.0078143 0.0141857 0.0193810 0.0214747 0.0198885 0.0155915 0.1017660
3.1425300 0.0005096 0.0027682 0.0076130 0.0141171 0.0193598 0.0218392 0.0204004 0.0160280 0.1026355
3.1626103 0.0004855 0.0026326 0.0071219 0.0128373 0.0180476 0.0198585 0.0184460 0.0150581 0.0944875
3.1826906 0.0004625 0.0025233 0.0066908 0.0122391 0.0168147 0.0192841 0.0185960 0.0157655 0.0923759
3.2027709 0.0004407 0.0023969 0.0067952 0.0124971 0.0175226 0.0194524 0.0180809 0.0146176 0.0918033
3.2228513 0.0004198 0.0023107 0.0064506 0.0121941 0.0171504 0.0196028 0.0186690 0.0148585 0.0916558
3.2429316 0.0004000 0.0022736 0.0061647 0.0118081 0.0167949 0.0191534 0.0182449 0.0154727 0.0903122
3.2630119 0.0003811 0.0022090 0.0061983 0.0117477 0.0166124 0.0190465 0.0183867 0.0147358 0.0893174
3.2830923 0.0003630 0.0020606 0.0056651 0.0108687 0.0156936 0.0186128 0.0179467 0.0151664 0.0863769
3.3031726 0.0003459 0.0019844 0.0056040 0.0105865 0.0156068 0.0184227 0.0181909 0.0152778 0.0860189
3.3232529 0.0003295 0.0018785 0.0052709 0.0101439 0.0149691 0.0172952 0.0174828 0.0151587 0.0825287
3.3433332 0.0003139 0.0017966 0.0053140 0.0101405 0.0151899 0.0184220 0.0187296 0.0159613 0.0858679
3.3634136 0.0002991 0.0017610 0.0050475 0.0100562 0.0152063 0.0180160 0.0180642 0.0162647 0.0847151
3.3834939 0.0002849 0.0016640 0.0050324 0.0100219 0.0147183 0.0177857 0.0178012 0.0162475 0.0835559
3.4035742 0.0002715 0.0016428 0.0047310 0.0095182 0.0142297 0.0171032 0.0171309 0.0152499 0.0798772
3.4236546 0.0002586 0.0015413 0.0047941 0.0097668 0.0148372 0.0185666 0.0190892 0.0166193 0.0854731
3.4437349 0.0002464 0.0014709 0.0043380 0.0083826 0.0127935 0.0160807 0.0166556 0.0146552 0.0746229
3.4638152 0.0002347 0.0014026 0.0041324 0.0084674 0.0129640 0.0164323 0.0171385 0.0153339 0.0761059
3.4838955 0.0002236 0.0013247 0.0039772 0.0081309 0.0121855 0.0148638 0.0157917 0.0141237 0.0706212
3.5039759 0.0002131 0.0013078 0.0039736 0.0081005 0.0124459 0.0159037 0.0169115 0.0157161 0.0745720
3.5240562 0.0002030 0.0012583 0.0037941 0.0080235 0.0124137 0.0153567 0.0165609 0.0148425 0.0724527
3.5441363 0.0001934 0.0011930 0.0036096 0.0075498 0.0121813 0.0156178 0.0170388 0.0158594 0.0732431
3.5642166 0.0001842 0.0011746 0.0037169 0.0077654 0.0120470 0.0155884 0.0170313 0.0162908 0.0737985
3.5842969 0.0001755 0.0011377 0.0034684 0.0074294 0.0118076 0.0151853 0.0163971 0.0150769 0.0706779
3.6043773 0.0001672 0.0010547 0.0032932 0.0068745 0.0111591 0.0146445 0.0162301 0.0149262 0.0683495
3.6244576 0.0001593 0.0009973 0.0030856 0.0066555 0.0108503 0.0140302 0.0154216 0.0142113 0.0654112
3.6445379 0.0001518 0.0009800 0.0032031 0.0069920 0.0114465 0.0150103 0.0167188 0.0155410 0.0700435
3.6646183 0.0001446 0.0009487 0.0030722 0.0066516 0.0107898 0.0139246 0.0153094 0.0142339 0.0650748
3.6846986 0.0001378 0.0008745 0.0030141 0.0065166 0.0105986 0.0138970 0.0154623 0.0151792 0.0656801
3.7047789 0.0001313 0.0008678 0.0027397 0.0059641 0.0095705 0.0126797 0.0143255 0.0140159 0.0602944
3.7248592 0.0001250 0.0008203 0.0026517 0.0058166 0.0097071 0.0133728 0.0153547 0.0147949 0.0626430
3.7449396 0.0001191 0.0007961 0.0026892 0.0056459 0.0096385 0.0132508 0.0149904 0.0144029 0.0615331
3.7650199 0.0001135 0.0007768 0.0024514 0.0054475 0.0090175 0.0121887 0.0137850 0.0136036 0.0573841
3.7851002 0.0001081 0.0007253 0.0024136 0.0054154 0.0093805 0.0129310 0.0148494 0.0146874 0.0605107
3.8051805 0.0001030 0.0006926 0.0023383 0.0052240 0.0089500 0.0122380 0.0144351 0.0146808 0.0586617
3.8252609 0.0000981 0.0006904 0.0023116 0.0053629 0.0096905 0.0136111 0.0154158 0.0153018 0.0624823
3.8453412 0.0000935 0.0006663 0.0022883 0.0052018 0.0092921 0.0128684 0.0153168 0.0154655 0.0611928
3.8654215 0.0000891 0.0006262 0.0021480 0.0047994 0.0083437 0.0122563 0.0142591 0.0142247 0.0567465
3.8855019 0.0000849 0.0005710 0.0019807 0.0045290 0.0077956 0.0113422 0.0136153 0.0138649 0.0537836
3.9055822 0.0000809 0.0005668 0.0020003 0.0045717 0.0079666 0.0114395 0.0139293 0.0137457 0.0543010
3.9256625 0.0000770 0.0005476 0.0017868 0.0043180 0.0076944 0.0111154 0.0133396 0.0133258 0.0522045
3.9457428 0.0000734 0.0004985 0.0017688 0.0042173 0.0076084 0.0110708 0.0136015 0.0145397 0.0533785
3.9658232 0.0000699 0.0005245 0.0017897 0.0043292 0.0078513 0.0113982 0.0141423 0.0146050 0.0547101
3.9859035 0.0000666 0.0004628 0.0016790 0.0039665 0.0073445 0.0107218 0.0130155 0.0131540 0.0504108
4.0059838 0.0000635 0.0004463 0.0016245 0.0038870 0.0071553 0.0102291 0.0122484 0.0134581 0.0491121
4.0260644 0.0000605 0.0004237 0.0015525 0.0037869 0.0067071 0.0097262 0.0118960 0.0124383 0.0465911
4.0461445 0.0000576 0.0004174 0.0014505 0.0036200 0.0068859 0.0104232 0.0128553 0.0137404 0.0494503
4.0662251 0.0000549 0.0004126 0.0015307 0.0036609 0.0067548 0.0100942 0.0122922 0.0134144 0.0482148
4.0863051 0.0000523 0.0003684 0.0013443 0.0032913 0.0060370 0.0091020 0.0113300 0.0122499 0.0437750
4.1063857 0.0000498 0.0003716 0.0014196 0.0035450 0.0066876 0.0103317 0.0134384 0.0148282 0.0506720
4.1264658 0.0000475 0.0003508 0.0012522 0.0031568 0.0058408 0.0088429 0.0113588 0.0122928 0.0431426
4.1465464 0.0000452 0.0003510 0.0012736 0.0031569 0.0059805 0.0089618 0.0114417 0.0123174 0.0435282
4.1666265 0.0000431 0.0003160 0.0011328 0.0028538 0.0054591 0.0082772 0.0101073 0.0108927 0.0390820
4.1867070 0.0000410 0.0003077 0.0011552 0.0029123 0.0056243 0.0084157 0.0108373 0.0117440 0.0410375
4.2067871 0.0000391 0.0003050 0.0011415 0.0030855 0.0058158 0.0088876 0.0112569 0.0121464 0.0426778
4.2268677 0.0000372 0.0003033 0.0011553 0.0028835 0.0055904 0.0087428 0.0117109 0.0135121 0.0439355
4.2469478 0.0000355 0.0002780 0.0011117 0.0027824 0.0052735 0.0082052 0.0109299 0.0127270 0.0413431
4.2670283 0.0000338 0.0002473 0.0009291 0.0024347 0.0047066 0.0072901 0.0094428 0.0109912 0.0360756
4.2871084 0.0000322 0.0002302 0.0008709 0.0021613 0.0042079 0.0066241 0.0086932 0.0098269 0.0326467
4.3071890 0.0000307 0.0002372 0.0009778 0.0025126 0.0050164 0.0080000 0.0107619 0.0123917 0.0399283
4.3272691 0.0000292 0.0002302 0.0009248 0.0025280 0.0051567 0.0082064 0.0112783 0.0131276 0.0414812
4.3473496 0.0000278 0.0002260 0.0008921 0.0022974 0.0045808 0.0073581 0.0098281 0.0114095 0.0366198
4.3674297 0.0000265 0.0002109 0.0008830 0.0022943 0.0046821 0.0077237 0.0102588 0.0122207 0.0383000
4.3875103 0.0000253 0.0002075 0.0008220 0.0021956 0.0044746 0.0071804 0.0096542 0.0109028 0.0354623
4.4075904 0.0000241 0.0001816 0.0007008 0.0019174 0.0038102 0.0061288 0.0085929 0.0101673 0.0315232
4.4276710 0.0000229 0.0001819 0.0007234 0.0019600 0.0039327 0.0063780 0.0086532 0.0101915 0.0320436
4.4477510 0.0000219 0.0001842 0.0007722 0.0020740 0.0040927 0.0066805 0.0092046 0.0105335 0.0335634
4.4678316 0.0000208 0.0001714 0.0006907 0.0018585 0.0037502 0.0062375 0.0087590 0.0102807 0.0317688
4.4879117 0.0000198 0.0001600 0.0006108 0.0016608 0.0032676 0.0054323 0.0075271 0.0092332 0.0279117
4.5079918 0.0000189 0.0001649 0.0006138 0.0016759 0.0034723 0.0058566 0.0083572 0.0104004 0.0305600
4.5280724 0.0000180 0.0001606 0.0006178 0.0017337 0.0035815 0.0062897 0.0089398 0.0106579 0.0319991
4.5481524 0.0000172 0.0001446 0.0006265 0.0016224 0.0034278 0.0057632 0.0081583 0.0101778 0.0299378
4.5682330 0.0000163 0.0001392 0.0005772 0.0016104 0.0034073 0.0056843 0.0079702 0.0096779 0.0290828
4.5883131 0.0000156 0.0001342 0.0005180 0.0015153 0.0031030 0.0052496 0.0074877 0.0090789 0.0271022
4.6083937 0.0000148 0.0001262 0.0005544 0.0015987 0.0033906 0.0056942 0.0083820 0.0103429 0.0301038
4.6284738 0.0000141 0.0001175 0.0004898 0.0013630 0.0029042 0.0049108 0.0069107 0.0085125 0.0252227
4.6485543 0.0000135 0.0001162 0.0004872 0.0014447 0.0030809 0.0052327 0.0073975 0.0090449 0.0268177
4.6686344 0.0000128 0.0001170 0.0005242 0.0013716 0.0027823 0.0049868 0.0071260 0.0087541 0.0256747
4.6887150 0.0000122 0.0001087 0.0004815 0.0013181 0.0029047 0.0050695 0.0073792 0.0092891 0.0265631
4.7087951 0.0000116 0.0000977 0.0004218 0.0012686 0.0027201 0.0046294 0.0066298 0.0081349 0.0239139
4.7288756 0.0000111 0.0000981 0.0004514 0.0013737 0.0030388 0.0050598 0.0074540 0.0093371 0.0268239
4.7489557 0.0000106 0.0000871 0.0003893 0.0011327 0.0023511 0.0040750 0.0059234 0.0075507 0.0215199
4.7690363 0.0000101 0.0000848 0.0003576 0.0010597 0.0022362 0.0038377 0.0055565 0.0072681 0.0204107
4.7891164 0.0000096 0.0000981 0.0004394 0.0012845 0.0027558 0.0049927 0.0074677 0.0097917 0.0268395
4.8091969 0.0000091 0.0000851 0.0003547 0.0009730 0.0021597 0.0038030 0.0055166 0.0070568 0.0199580
4.8292770 0.0000087 0.0000733 0.0003399 0.0010424 0.0023861 0.0041164 0.0063395 0.0084709 0.0227772
4.8493576 0.0000083 0.0000808 0.0003468 0.0010230 0.0022803 0.0040854 0.0061205 0.0078148 0.0217598
4.8694377 0.0000079 0.0000705 0.0002927 0.0008681 0.0019514 0.0034443 0.0051686 0.0066648 0.0184682
4.8895183 0.0000075 0.0000704 0.0002734 0.0008082 0.0018373 0.0033729 0.0051428 0.0066752 0.0181878
4.9095984 0.0000072 0.0000668 0.0003059 0.0008970 0.0020367 0.0037161 0.0057187 0.0075826 0.0203310
4.9296789 0.0000068 0.0000687 0.0003075 0.0009508 0.0021207 0.0038006 0.0058733 0.0076866 0.0208150
4.9497590 0.0000065 0.0000596 0.0002517 0.0007790 0.0017768 0.0032390 0.0049858 0.0065497 0.0176481
4.9698396 0.0000062 0.0000575 0.0002398 0.0007641 0.0017585 0.0032886 0.0052260 0.0069719 0.0183126
4.9899197 0.0000059 0.0000558 0.0002350 0.0007495 0.0017368 0.0032487 0.0051431 0.0071881 0.0183628
5.0100002 0.0000056 0.0000554 0.0002633 0.0008352 0.0019475 0.0036671 0.0058355 0.0078807 0.0204903
