-------- p=0.000 a=3.000 mu=-2.200 N=20000000 time=2017-02-23 10:38:04 --------
0.0100000 0.9782402 0.0022255 0.0000000 0.0000000 0.0000000 0.0000000 0.0000000 0.0000000 0.9804657
0.0300803 0.9359655 0.0109376 0.0000302 0.0000000 0.0000000 0.0000000 0.0000000 0.0000000 0.9469333
0.0501606 0.8955176 0.0223251 0.0003310 0.0000010 0.0000000 0.0000000 0.0000000 0.0000000 0.9181747
0.0702410 0.8568177 0.0355407 0.0007755 0.0000378 0.0000006 0.0000000 0.0000000 0.0000000 0.8931724
0.0903213 0.8197902 0.0492887 0.0013076 0.0000096 0.0000000 0.0000000 0.0000000 0.0000000 0.8703961
0.1104016 0.7843629 0.0635315 0.0025942 0.0001105 0.0000000 0.0000000 0.0000000 0.0000000 0.8505990
0.1304819 0.7504665 0.0775402 0.0041942 0.0001611 0.0000008 0.0000000 0.0000000 0.0000000 0.8323628
0.1505622 0.7180350 0.0918999 0.0059191 0.0003874 0.0000253 0.0000000 0.0000000 0.0000000 0.8162668
0.1706426 0.6870050 0.1056153 0.0082235 0.0004303 0.0000249 0.0000000 0.0000000 0.0000000 0.8012991
0.1907229 0.6573160 0.1190064 0.0102946 0.0005820 0.0000067 0.0000000 0.0000000 0.0000000 0.7872057
0.2108032 0.6289100 0.1315616 0.0135197 0.0010393 0.0000791 0.0000000 0.0000000 0.0000000 0.7751098
0.2308835 0.6017316 0.1443475 0.0179761 0.0013674 0.0001156 0.0000034 0.0000000 0.0000000 0.7655415
0.2509638 0.5757277 0.1556706 0.0209200 0.0021222 0.0000775 0.0000000 0.0000000 0.0000000 0.7545180
0.2710442 0.5508476 0.1666086 0.0252305 0.0027403 0.0003810 0.0000336 0.0000011 0.0000000 0.7458425
0.2911245 0.5270426 0.1766687 0.0299738 0.0033168 0.0004423 0.0000201 0.0000000 0.0000000 0.7374644
0.3112048 0.5042664 0.1858611 0.0347127 0.0045453 0.0003202 0.0000016 0.0000000 0.0000000 0.7297073
0.3312851 0.4824745 0.1943675 0.0399269 0.0056189 0.0005704 0.0000556 0.0000001 0.0000000 0.7230139
0.3513654 0.4616243 0.2025150 0.0450749 0.0067062 0.0006766 0.0000241 0.0000144 0.0000000 0.7166355
0.3714458 0.4416751 0.2109017 0.0514193 0.0079428 0.0010548 0.0001022 0.0000020 0.0000006 0.7130985
0.3915261 0.4225881 0.2168426 0.0567312 0.0097087 0.0012261 0.0000902 0.0000623 0.0000001 0.7072493
0.4116064 0.4043259 0.2225386 0.0621625 0.0118724 0.0019234 0.0001378 0.0000192 0.0000006 0.7029803
0.4316867 0.3868529 0.2279406 0.0688920 0.0136090 0.0019120 0.0002537 0.0000473 0.0000007 0.6995082
0.4517670 0.3701350 0.2326175 0.0742669 0.0156724 0.0023891 0.0005388 0.0000546 0.0000002 0.6956745
0.4718474 0.3541396 0.2373969 0.0800743 0.0191137 0.0036647 0.0005590 0.0000173 0.0000000 0.6949654
0.4919277 0.3388354 0.2399023 0.0869617 0.0210796 0.0032624 0.0004886 0.0000693 0.0000068 0.6906060
0.5120080 0.3241926 0.2435380 0.0937080 0.0238263 0.0048617 0.0008861 0.0001667 0.0000113 0.6911905
0.5320883 0.3101825 0.2455900 0.0997698 0.0282806 0.0053055 0.0008863 0.0001450 0.0000006 0.6901603
0.5521687 0.2967779 0.2476190 0.1039580 0.0289959 0.0063387 0.0011854 0.0002572 0.0000113 0.6851436
0.5722489 0.2839527 0.2495832 0.1095647 0.0323438 0.0078133 0.0012288 0.0002641 0.0000929 0.6848437
0.5923293 0.2716816 0.2495338 0.1149107 0.0356646 0.0085955 0.0016264 0.0001604 0.0000160 0.6821891
0.6124096 0.2599409 0.2510328 0.1232405 0.0401448 0.0101224 0.0022193 0.0003693 0.0000791 0.6871491
0.6324899 0.2487075 0.2517220 0.1290711 0.0442860 0.0119719 0.0022740 0.0005103 0.0000564 0.6885992
0.6525702 0.2379596 0.2500746 0.1312247 0.0471487 0.0133498 0.0026932 0.0005191 0.0000199 0.6829896
0.6726506 0.2276761 0.2495383 0.1391646 0.0520825 0.0151316 0.0036765 0.0008031 0.0001077 0.6881805
0.6927309 0.2178370 0.2497135 0.1450797 0.0571526 0.0178190 0.0043980 0.0013762 0.0002335 0.6936095
0.7128112 0.2084232 0.2477646 0.1481367 0.0597453 0.0184152 0.0043861 0.0008932 0.0003562 0.6881205
0.7328916 0.1994162 0.2461687 0.1553786 0.0648838 0.0201125 0.0053335 0.0009961 0.0002994 0.6925888
0.7529718 0.1907984 0.2441518 0.1592538 0.0695320 0.0232349 0.0065918 0.0013337 0.0002839 0.6951804
0.7730522 0.1825530 0.2431161 0.1623475 0.0755680 0.0262823 0.0076023 0.0017906 0.0002720 0.6995318
0.7931325 0.1746639 0.2404562 0.1667644 0.0774905 0.0287685 0.0079725 0.0023851 0.0003723 0.6988734
0.8132128 0.1671158 0.2382453 0.1716820 0.0833532 0.0308959 0.0086137 0.0022367 0.0005525 0.7026952
0.8332931 0.1598939 0.2351676 0.1762131 0.0892913 0.0350436 0.0110338 0.0024596 0.0003867 0.7094895
0.8533735 0.1529840 0.2330219 0.1778438 0.0927301 0.0361545 0.0116646 0.0030470 0.0008043 0.7082503
0.8734538 0.1463728 0.2301924 0.1799825 0.0979154 0.0411644 0.0150488 0.0045436 0.0013038 0.7165237
0.8935341 0.1400473 0.2269917 0.1848290 0.1026366 0.0434805 0.0156229 0.0045932 0.0013994 0.7196007
0.9136144 0.1339952 0.2239244 0.1885613 0.1066501 0.0457969 0.0163234 0.0052026 0.0013687 0.7218227
0.9336947 0.1282045 0.2207565 0.1910908 0.1113275 0.0492481 0.0185521 0.0053434 0.0011532 0.7256760
0.9537750 0.1226642 0.2175204 0.1954977 0.1163598 0.0530169 0.0200824 0.0063223 0.0021721 0.7336358
0.9738554 0.1173632 0.2138177 0.1979167 0.1245075 0.0588988 0.0228478 0.0071974 0.0020868 0.7446358
0.9939357 0.1122913 0.2093649 0.1969871 0.1252553 0.0606349 0.0238165 0.0089550 0.0025943 0.7398993
1.0140160 0.1074387 0.2068680 0.2005328 0.1335940 0.0659887 0.0270916 0.0092486 0.0029203 0.7536825
1.0340964 0.1027957 0.2033287 0.2012206 0.1336753 0.0695464 0.0284776 0.0102572 0.0031300 0.7524314
1.0541767 0.0983533 0.1997401 0.2025388 0.1414327 0.0715649 0.0307184 0.0109149 0.0032215 0.7584846
1.0742570 0.0941030 0.1955591 0.2041514 0.1435499 0.0771957 0.0353053 0.0133732 0.0039942 0.7672316
1.0943373 0.0900363 0.1915189 0.2056899 0.1479553 0.0804635 0.0341341 0.0131789 0.0040890 0.7670659
1.1144177 0.0861454 0.1879879 0.2034197 0.1487064 0.0852992 0.0405801 0.0148557 0.0051740 0.7721684
1.1344979 0.0824226 0.1836323 0.2049450 0.1582155 0.0919845 0.0421348 0.0168192 0.0060125 0.7861663
1.1545782 0.0788607 0.1809575 0.2035840 0.1592803 0.0945770 0.0456580 0.0202590 0.0068008 0.7899774
1.1746585 0.0754527 0.1756558 0.2050115 0.1606449 0.0963754 0.0490571 0.0203387 0.0074845 0.7900207
1.1947389 0.0721920 0.1710739 0.2040253 0.1689377 0.1009233 0.0500198 0.0215402 0.0069602 0.7956725
1.2148192 0.0690722 0.1691502 0.2054967 0.1720799 0.1101738 0.0561482 0.0227442 0.0089199 0.8137851
1.2348995 0.0660873 0.1653537 0.2085380 0.1752859 0.1130865 0.0589156 0.0237968 0.0075701 0.8186338
1.2549798 0.0632313 0.1605313 0.2072518 0.1820909 0.1185718 0.0644625 0.0299454 0.0109071 0.8369920
1.2750602 0.0604988 0.1575346 0.2065366 0.1813255 0.1221746 0.0669645 0.0299283 0.0116201 0.8365831
1.2951405 0.0578843 0.1543614 0.2043932 0.1842375 0.1277737 0.0737018 0.0372504 0.0153381 0.8549404
1.3152208 0.0553828 0.1493154 0.2031365 0.1904847 0.1322268 0.0747474 0.0342917 0.0137829 0.8533681
1.3353012 0.0529894 0.1464165 0.2027952 0.1895276 0.1345110 0.0766866 0.0374876 0.0161174 0.8565314
1.3553815 0.0506995 0.1427842 0.2033682 0.1957462 0.1438196 0.0853903 0.0445866 0.0195350 0.8859297
1.3754618 0.0485085 0.1398655 0.2007160 0.1943352 0.1419687 0.0840440 0.0434785 0.0193726 0.8722889
1.3955421 0.0464122 0.1350131 0.1985966 0.1956104 0.1475338 0.0924584 0.0468616 0.0206519 0.8831379
1.4156225 0.0444065 0.1317941 0.1976587 0.1979619 0.1520646 0.0966793 0.0514360 0.0226906 0.8946917
1.4357028 0.0424875 0.1293787 0.1957380 0.2035985 0.1579169 0.0992323 0.0523501 0.0249215 0.9056236
1.4557831 0.0406514 0.1250856 0.1944114 0.2030965 0.1584522 0.1051042 0.0579466 0.0275647 0.9123124
1.4758633 0.0388946 0.1225284 0.1920090 0.2080638 0.1642569 0.1062939 0.0590582 0.0293026 0.9204074
1.4959437 0.0372138 0.1192044 0.1905633 0.2087204 0.1715508 0.1133871 0.0649657 0.0317281 0.9373336
1.5160240 0.0356056 0.1166803 0.1906640 0.2091322 0.1725731 0.1159332 0.0669198 0.0317511 0.9392594
1.5361043 0.0340669 0.1128425 0.1901529 0.2156621 0.1808570 0.1249370 0.0723898 0.0355337 0.9664419
1.5561846 0.0325947 0.1101779 0.1873791 0.2144173 0.1865686 0.1317152 0.0751952 0.0367621 0.9748102
1.5762650 0.0311861 0.1065663 0.1830279 0.2143230 0.1813067 0.1293302 0.0780558 0.0440866 0.9678825
1.5963453 0.0298384 0.1033360 0.1824408 0.2142679 0.1944458 0.1400549 0.0879162 0.0468205 0.9991205
1.6164256 0.0285489 0.1008397 0.1816508 0.2169661 0.1952913 0.1449077 0.0895835 0.0480379 1.0058260
1.6365060 0.0273152 0.0978238 0.1751331 0.2112523 0.1976156 0.1491928 0.0980649 0.0546145 1.0110120
1.6565863 0.0261347 0.0953459 0.1732288 0.2143799 0.2020112 0.1530641 0.1020435 0.0605418 1.0267500
1.6766666 0.0250053 0.0916096 0.1715269 0.2132326 0.2042980 0.1590170 0.1067245 0.0626371 1.0340512
1.6967469 0.0239247 0.0898253 0.1675890 0.2118575 0.2023442 0.1575397 0.1057993 0.0626512 1.0215309
1.7168273 0.0228908 0.0868597 0.1670551 0.2153312 0.2108447 0.1687935 0.1140760 0.0642967 1.0501477
1.7369076 0.0219016 0.0841297 0.1627673 0.2113001 0.2113458 0.1709751 0.1136893 0.0672357 1.0433445
1.7569879 0.0209551 0.0823001 0.1638122 0.2177689 0.2175326 0.1790421 0.1208070 0.0719092 1.0741273
1.7770681 0.0200495 0.0806937 0.1597677 0.2114640 0.2154563 0.1795280 0.1221407 0.0739149 1.0630149
1.7971485 0.0191831 0.0772505 0.1588069 0.2132556 0.2157532 0.1804406 0.1274107 0.0741475 1.0662480
1.8172288 0.0183541 0.0754163 0.1549483 0.2154437 0.2281714 0.1927854 0.1313264 0.0810831 1.0975286
1.8373091 0.0175609 0.0727567 0.1541461 0.2140024 0.2296655 0.1984176 0.1475884 0.0933612 1.1274988
1.8573895 0.0168020 0.0702970 0.1491141 0.2109021 0.2195478 0.1931725 0.1460272 0.0912682 1.0971308
1.8774698 0.0160759 0.0682044 0.1431512 0.2109729 0.2264732 0.1991186 0.1486458 0.0969558 1.1095978
1.8975501 0.0153812 0.0673449 0.1425556 0.2059406 0.2272408 0.2004011 0.1517007 0.0958003 1.1063651
1.9176304 0.0147165 0.0635461 0.1426632 0.2107850 0.2397476 0.2213626 0.1719659 0.1141211 1.1789080
1.9377108 0.0140805 0.0619800 0.1376362 0.2062243 0.2361700 0.2147818 0.1661650 0.1116602 1.1486980
1.9577911 0.0134720 0.0606718 0.1382738 0.2121998 0.2439691 0.2294536 0.1809493 0.1211585 1.2001478
1.9778714 0.0128898 0.0579294 0.1314267 0.2036022 0.2379681 0.2218322 0.1750158 0.1224515 1.1631158
1.9979517 0.0123328 0.0574267 0.1319951 0.2031079 0.2397242 0.2325536 0.1917294 0.1300423 1.1989120
2.0180321 0.0117998 0.0550613 0.1285955 0.2045072 0.2503834 0.2464358 0.2015095 0.1468942 1.2451867
2.0381124 0.0112899 0.0542885 0.1319083 0.2125828 0.2569483 0.2473580 0.2042008 0.1442256 1.2628022
2.0581927 0.0108020 0.0511901 0.1205242 0.1939423 0.2389743 0.2418407 0.2025074 0.1483611 1.2081422
2.0782731 0.0103352 0.0502383 0.1234473 0.2015224 0.2514477 0.2532449 0.2153520 0.1615152 1.2671031
2.0983534 0.0098886 0.0487564 0.1195566 0.1972162 0.2479897 0.2548023 0.2242731 0.1706668 1.2731496
2.1184337 0.0094612 0.0483416 0.1166232 0.1996845 0.2521753 0.2567223 0.2265420 0.1770950 1.2866453
2.1385140 0.0090523 0.0450881 0.1127752 0.1926278 0.2452922 0.2515132 0.2198385 0.1664991 1.2426865
2.1585944 0.0086612 0.0439012 0.1113194 0.1943233 0.2540447 0.2648148 0.2295039 0.1721983 1.2787668
2.1786747 0.0082869 0.0419659 0.1071069 0.1869051 0.2480826 0.2600915 0.2341881 0.1772687 1.2638957
2.1987550 0.0079287 0.0413035 0.1114103 0.1968329 0.2688152 0.2868223 0.2687616 0.2123491 1.3942236
2.2188354 0.0075861 0.0398179 0.1040540 0.1831310 0.2439278 0.2624449 0.2372099 0.1901840 1.2683557
2.2389157 0.0072583 0.0377314 0.1014341 0.1828796 0.2385215 0.2673670 0.2461793 0.1904690 1.2718402
2.2589958 0.0069446 0.0368609 0.0984625 0.1778150 0.2362352 0.2603643 0.2423416 0.1960771 1.2551014
2.2790761 0.0066445 0.0363673 0.0960021 0.1795732 0.2433239 0.2785804 0.2658837 0.2125256 1.3189006
2.2991564 0.0063573 0.0351734 0.0977291 0.1780833 0.2465364 0.2659224 0.2491999 0.2059597 1.2849615
2.3192368 0.0060826 0.0335611 0.0931737 0.1786600 0.2517961 0.2916489 0.2906860 0.2417856 1.3873941
2.3393171 0.0058198 0.0334757 0.0918394 0.1724681 0.2412571 0.2690913 0.2607401 0.2150042 1.2896958
2.3593974 0.0055683 0.0320320 0.0920172 0.1730501 0.2515225 0.2851495 0.2811196 0.2373196 1.3577788
2.3794777 0.0053276 0.0309684 0.0871396 0.1677653 0.2422858 0.2839538 0.2836533 0.2498078 1.3509016
2.3995581 0.0050974 0.0289513 0.0817025 0.1554611 0.2291557 0.2776585 0.2839800 0.2521759 1.3141822
2.4196384 0.0048771 0.0292847 0.0860231 0.1737779 0.2652650 0.3304279 0.3286423 0.2929268 1.5112248
2.4397187 0.0046663 0.0275960 0.0807385 0.1610917 0.2404591 0.2873718 0.2920080 0.2538246 1.3477560
2.4597991 0.0044647 0.0263254 0.0800586 0.1625154 0.2444130 0.2964755 0.3085440 0.2706086 1.3934052
2.4798794 0.0042717 0.0262362 0.0764665 0.1548323 0.2388557 0.2925608 0.3077610 0.2802482 1.3812324
2.4999597 0.0040871 0.0245194 0.0730287 0.1493323 0.2375731 0.3014447 0.3186219 0.2960751 1.4046823
2.5200400 0.0039105 0.0240393 0.0751543 0.1541207 0.2471697 0.3060258 0.3293202 0.2983163 1.4380567
2.5401204 0.0037415 0.0233994 0.0722992 0.1535346 0.2505166 0.3194143 0.3418312 0.3187255 1.4834623
2.5602007 0.0035798 0.0222847 0.0699180 0.1417510 0.2224042 0.2890544 0.3077580 0.2859947 1.3427447
2.5802810 0.0034251 0.0215871 0.0669770 0.1423761 0.2283575 0.2926016 0.3219689 0.3092834 1.3865767
2.6003613 0.0032771 0.0206568 0.0659624 0.1419120 0.2294992 0.2967165 0.3256335 0.3135008 1.3971583
2.6204417 0.0031355 0.0204851 0.0673031 0.1421574 0.2324620 0.2946683 0.3206868 0.3006463 1.3815444
2.6405220 0.0030000 0.0189741 0.0611783 0.1276548 0.2112897 0.2753386 0.3056009 0.3041747 1.3072109
2.6606023 0.0028703 0.0179943 0.0579345 0.1311967 0.2167879 0.2928967 0.3275689 0.3317932 1.3790425
2.6806827 0.0027463 0.0175962 0.0583755 0.1301716 0.2181261 0.2945960 0.3284483 0.3289838 1.3790439
2.7007630 0.0026276 0.0176227 0.0567455 0.1278892 0.2160627 0.2935369 0.3348262 0.3341543 1.3834651
2.7208433 0.0025141 0.0166144 0.0548225 0.1268898 0.2127612 0.3007988 0.3518816 0.3563827 1.4226650
2.7409236 0.0024054 0.0162554 0.0536885 0.1252467 0.2151783 0.2949220 0.3517257 0.3581141 1.4175361
2.7610040 0.0023015 0.0159227 0.0540648 0.1236749 0.2113257 0.2976637 0.3566706 0.3698589 1.4314828
2.7810843 0.0022020 0.0148675 0.0517479 0.1218061 0.2129697 0.2949939 0.3439782 0.3442208 1.3867861
2.8011646 0.0021068 0.0146897 0.0506360 0.1152235 0.2083817 0.3022496 0.3500167 0.3578053 1.4011094
2.8212450 0.0020158 0.0142234 0.0516976 0.1199334 0.2210675 0.3161829 0.3901218 0.4023368 1.5175792
2.8413253 0.0019287 0.0134302 0.0470669 0.1130447 0.1979373 0.2901806 0.3522988 0.3667835 1.3826707
2.8614056 0.0018453 0.0131048 0.0469540 0.1109189 0.1994257 0.2976503 0.3578040 0.3788052 1.4065083
2.8814859 0.0017656 0.0129102 0.0462579 0.1093825 0.2022374 0.2955980 0.3650437 0.3988111 1.4320064
2.9015663 0.0016893 0.0117819 0.0419612 0.1024702 0.1860382 0.2824893 0.3523950 0.3611384 1.3399635
2.9216464 0.0016163 0.0114192 0.0408766 0.1019685 0.1865946 0.2744513 0.3474155 0.3746993 1.3390413
2.9417267 0.0015464 0.0112459 0.0419006 0.1071283 0.2017394 0.2961605 0.3753427 0.4091289 1.4441928
2.9618070 0.0014796 0.0107812 0.0405727 0.0988554 0.1865149 0.2787600 0.3598071 0.3930499 1.3698208
2.9818873 0.0014157 0.0104916 0.0388213 0.0985966 0.1878770 0.2916008 0.3805570 0.4223454 1.4317054
3.0019677 0.0013545 0.0097668 0.0371792 0.0974712 0.1802845 0.2808500 0.3725639 0.4260418 1.4055120
3.0220480 0.0012960 0.0101385 0.0374314 0.0949289 0.1810118 0.2870031 0.3796880 0.4394716 1.4309693
3.0421283 0.0012400 0.0095546 0.0356099 0.0879004 0.1629555 0.2529027 0.3309843 0.3756462 1.2567934
3.0622087 0.0011864 0.0092192 0.0364940 0.0930679 0.1774628 0.2761682 0.3568189 0.4067498 1.3571671
3.0822890 0.0011351 0.0089597 0.0341246 0.0927643 0.1807978 0.2844084 0.3784213 0.4449443 1.4255555
3.1023693 0.0010860 0.0083851 0.0341645 0.0852822 0.1676327 0.2680328 0.3549225 0.4041324 1.3236382
3.1224496 0.0010391 0.0080081 0.0294269 0.0786082 0.1621113 0.2613173 0.3556902 0.4182979 1.3144991
3.1425300 0.0009942 0.0077615 0.0332797 0.0920891 0.1865473 0.3108715 0.4209327 0.5018213 1.5542972
3.1626103 0.0009512 0.0076771 0.0307636 0.0814189 0.1729230 0.2894209 0.4132378 0.5070712 1.5034636
3.1826906 0.0009101 0.0070781 0.0281014 0.0741415 0.1468183 0.2408445 0.3337713 0.3985774 1.2302425
3.2027709 0.0008708 0.0068238 0.0283814 0.0777873 0.1621467 0.2689029 0.3679150 0.4278986 1.3407265
3.2228513 0.0008332 0.0068426 0.0284988 0.0768172 0.1655534 0.2829402 0.3995414 0.4903625 1.4513893
3.2429316 0.0007972 0.0064371 0.0275259 0.0751539 0.1561532 0.2651349 0.3717757 0.4467757 1.3497536
3.2630119 0.0007627 0.0065262 0.0262630 0.0753787 0.1595322 0.2714045 0.3996217 0.5079252 1.4474142
3.2830923 0.0007298 0.0060585 0.0260767 0.0726042 0.1611514 0.2712350 0.3879691 0.4778185 1.4036431
3.3031726 0.0006982 0.0059850 0.0251545 0.0710694 0.1495962 0.2531815 0.3661886 0.4505085 1.3223819
3.3232529 0.0006680 0.0060095 0.0241718 0.0729275 0.1567862 0.2741370 0.3973693 0.4924835 1.4245529
3.3433332 0.0006392 0.0056047 0.0216955 0.0618656 0.1392058 0.2446124 0.3612478 0.4573043 1.2921752
3.3634136 0.0006116 0.0052375 0.0227539 0.0650362 0.1359602 0.2408736 0.3513884 0.4502187 1.2720799
3.3834939 0.0005851 0.0052389 0.0231277 0.0644585 0.1430402 0.2521590 0.3760680 0.4813638 1.3460412
3.4035742 0.0005598 0.0049686 0.0209395 0.0617581 0.1378009 0.2496250 0.3655667 0.4686501 1.3098687
3.4236546 0.0005356 0.0048124 0.0214119 0.0583978 0.1313310 0.2412072 0.3590756 0.4819178 1.2986893
3.4437349 0.0005125 0.0043486 0.0196328 0.0574663 0.1304305 0.2349993 0.3554293 0.4635422 1.2663614
3.4638152 0.0004903 0.0043472 0.0205232 0.0653112 0.1488268 0.2737312 0.4163676 0.5427005 1.4722980
3.4838955 0.0004692 0.0041460 0.0175588 0.0533402 0.1220539 0.2280213 0.3529560 0.4640937 1.2426390
3.5039759 0.0004489 0.0041980 0.0186957 0.0564039 0.1245072 0.2313400 0.3592859 0.4789105 1.2737901
3.5240562 0.0004295 0.0037445 0.0174652 0.0539452 0.1217797 0.2277850 0.3534110 0.4706693 1.2492293
3.5441363 0.0004109 0.0035306 0.0152238 0.0486189 0.1146242 0.2193593 0.3506976 0.4830277 1.2354931
3.5642166 0.0003932 0.0040304 0.0173210 0.0543310 0.1236349 0.2315665 0.3639036 0.4951602 1.2903407
3.5842969 0.0003762 0.0036841 0.0197476 0.0578752 0.1444738 0.2647595 0.4236192 0.5853691 1.4999046
3.6043773 0.0003599 0.0034205 0.0147389 0.0465015 0.1081949 0.2119736 0.3400682 0.4689016 1.1941591
3.6244576 0.0003444 0.0033257 0.0168049 0.0530936 0.1216525 0.2289641 0.3814697 0.5432114 1.3488664
3.6445379 0.0003295 0.0030936 0.0149993 0.0479667 0.1116191 0.2149915 0.3478492 0.4975791 1.2384280
3.6646183 0.0003152 0.0030538 0.0145190 0.0466529 0.1120697 0.2153714 0.3510123 0.4896354 1.2326299
3.6846986 0.0003016 0.0030112 0.0146807 0.0493989 0.1258801 0.2410202 0.3958058 0.5378004 1.3678990
3.7047789 0.0002886 0.0029883 0.0129537 0.0412334 0.0961631 0.1858137 0.3007323 0.4233504 1.0635235
3.7248592 0.0002761 0.0027516 0.0142858 0.0452954 0.1094651 0.2151463 0.3594681 0.5348885 1.2815770
3.7449396 0.0002642 0.0025843 0.0125971 0.0425846 0.1002502 0.1992548 0.3287624 0.4670899 1.1533874
3.7650199 0.0002528 0.0023330 0.0128948 0.0448240 0.1110372 0.2205063 0.3690305 0.5525362 1.3134147
3.7851002 0.0002418 0.0024051 0.0120085 0.0404663 0.1000401 0.1982261 0.3331370 0.4866176 1.1731425
3.8051805 0.0002314 0.0024987 0.0126393 0.0406800 0.1030530 0.1995948 0.3343442 0.4723680 1.1654093
3.8252609 0.0002214 0.0021925 0.0109507 0.0355566 0.0910652 0.1849653 0.3152833 0.4664503 1.1066853
3.8453412 0.0002118 0.0020085 0.0099460 0.0333506 0.0838625 0.1745358 0.2987044 0.4413671 1.0439866
3.8654215 0.0002027 0.0020803 0.0095535 0.0315767 0.0792616 0.1689353 0.2907832 0.4430094 1.0254027
3.8855019 0.0001939 0.0020911 0.0099555 0.0336935 0.0893107 0.1838256 0.3184428 0.4753271 1.1128401
3.9055822 0.0001855 0.0021272 0.0101046 0.0360695 0.0949717 0.1952911 0.3384773 0.5174443 1.1946712
3.9256625 0.0001775 0.0020451 0.0094619 0.0322039 0.0798062 0.1689072 0.3015914 0.4627560 1.0569493
3.9457428 0.0001698 0.0017190 0.0086404 0.0320489 0.0865539 0.1829643 0.3243709 0.4898147 1.1262819
3.9658232 0.0001625 0.0018443 0.0079768 0.0284658 0.0736569 0.1535262 0.2710546 0.4122384 0.9489256
3.9859035 0.0001555 0.0017690 0.0093818 0.0354150 0.0931283 0.2041384 0.3589313 0.5606394 1.2635587
4.0059838 0.0001488 0.0018945 0.0102325 0.0387445 0.1082838 0.2330902 0.4150708 0.6333268 1.4407919
4.0260644 0.0001423 0.0015198 0.0084304 0.0284119 0.0773076 0.1657290 0.2979869 0.4747902 1.0543180
4.0461445 0.0001362 0.0015937 0.0088393 0.0293403 0.0798558 0.1721425 0.3149205 0.4861256 1.0929540
4.0662251 0.0001303 0.0013168 0.0072012 0.0249565 0.0681304 0.1422346 0.2509742 0.3959747 0.8909188
4.0863051 0.0001247 0.0012863 0.0075373 0.0272725 0.0747017 0.1660349 0.3058495 0.4781815 1.0609884
4.1063857 0.0001193 0.0012156 0.0064384 0.0239378 0.0641856 0.1449435 0.2707996 0.4399247 0.9515645
4.1264658 0.0001141 0.0014294 0.0080101 0.0291769 0.0783562 0.1803428 0.3452357 0.5618101 1.2044752
4.1465464 0.0001092 0.0012764 0.0072271 0.0250244 0.0709156 0.1515531 0.2744613 0.4327508 0.9633179
4.1666265 0.0001045 0.0010542 0.0056356 0.0229430 0.0635913 0.1473218 0.2751639 0.4466305 0.9624448
4.1867070 0.0001000 0.0012404 0.0070840 0.0246026 0.0707153 0.1552734 0.2953619 0.4857734 1.0401509
4.2067871 0.0000956 0.0011089 0.0056768 0.0211447 0.0623595 0.1395977 0.2622938 0.4467395 0.9390165
4.2268677 0.0000915 0.0009079 0.0048625 0.0189003 0.0519970 0.1189651 0.2251950 0.3709952 0.7919146
4.2469478 0.0000876 0.0011649 0.0063530 0.0239775 0.0681886 0.1541308 0.2878787 0.4750755 1.0168566
4.2670283 0.0000838 0.0007042 0.0048871 0.0202038 0.0575425 0.1328423 0.2607674 0.4389641 0.9159952
4.2871084 0.0000801 0.0008988 0.0046370 0.0186549 0.0506418 0.1165833 0.2288354 0.3921144 0.8124457
4.3071890 0.0000767 0.0009293 0.0051391 0.0197044 0.0562796 0.1311014 0.2510676 0.4135969 0.8778950
4.3272691 0.0000734 0.0008838 0.0050673 0.0200733 0.0572142 0.1288372 0.2531774 0.4250892 0.8904157
4.3473496 0.0000702 0.0009735 0.0049174 0.0189170 0.0530939 0.1244827 0.2551511 0.4215366 0.8791423
4.3674297 0.0000672 0.0007522 0.0036758 0.0148400 0.0429227 0.0993860 0.1916059 0.3265668 0.6798164
4.3875103 0.0000643 0.0007321 0.0038022 0.0137795 0.0415476 0.0994104 0.2064075 0.3616277 0.7273712
4.4075904 0.0000615 0.0007425 0.0045119 0.0191040 0.0570010 0.1319421 0.2668700 0.4635296 0.9437626
4.4276710 0.0000588 0.0005793 0.0037889 0.0157589 0.0475219 0.1154280 0.2303915 0.3934543 0.8069818
4.4477510 0.0000563 0.0007228 0.0043682 0.0171959 0.0489127 0.1184068 0.2403694 0.4208628 0.8508949
4.4678316 0.0000539 0.0005524 0.0035574 0.0136703 0.0409066 0.1010517 0.2030475 0.3634478 0.7262877
4.4879117 0.0000515 0.0006812 0.0035665 0.0146500 0.0458542 0.1112478 0.2208301 0.3873948 0.7842761
4.5079918 0.0000493 0.0006625 0.0038313 0.0158595 0.0509502 0.1229001 0.2536596 0.4517267 0.8996391
4.5280724 0.0000472 0.0005589 0.0031580 0.0130175 0.0409685 0.1007108 0.2122573 0.3846010 0.7553192
4.5481524 0.0000451 0.0005266 0.0029638 0.0121768 0.0354359 0.0901464 0.1842851 0.3191526 0.6447323
4.5682330 0.0000432 0.0004911 0.0031218 0.0123614 0.0373892 0.0955717 0.2080575 0.3736052 0.7306410
4.5883131 0.0000413 0.0005212 0.0032679 0.0136792 0.0409681 0.0989175 0.2049245 0.3682699 0.7305895
4.6083937 0.0000395 0.0005795 0.0043133 0.0195025 0.0589652 0.1449269 0.2992680 0.5350231 1.0626181
4.6284738 0.0000378 0.0005034 0.0034956 0.0134217 0.0414235 0.1081472 0.2241722 0.3983841 0.7895855
4.6485543 0.0000362 0.0005912 0.0032131 0.0145876 0.0449903 0.1120934 0.2355814 0.4255930 0.8366862
4.6686344 0.0000346 0.0003564 0.0023847 0.0094278 0.0281082 0.0680480 0.1412669 0.2599081 0.5095347
4.6887150 0.0000331 0.0004112 0.0026006 0.0109026 0.0341189 0.0876440 0.1838794 0.3325093 0.6520991
4.7087951 0.0000317 0.0003823 0.0023164 0.0096064 0.0321496 0.0845472 0.1874369 0.3452221 0.6616927
4.7288756 0.0000303 0.0004220 0.0021456 0.0095594 0.0315045 0.0836790 0.1784278 0.3293175 0.6350860
4.7489557 0.0000290 0.0003855 0.0023276 0.0099484 0.0327729 0.0845248 0.1871579 0.3576181 0.6747641
4.7690363 0.0000278 0.0003079 0.0018158 0.0081422 0.0266134 0.0692025 0.1448416 0.2773260 0.5282771
4.7891164 0.0000266 0.0003277 0.0022868 0.0102721 0.0336892 0.0870250 0.1883127 0.3437563 0.6656962
4.8091969 0.0000254 0.0003210 0.0020737 0.0099708 0.0331323 0.0913214 0.2011811 0.3975291 0.7355548
4.8292770 0.0000243 0.0003641 0.0020482 0.0084837 0.0268319 0.0701376 0.1564947 0.2965193 0.5609039
4.8493576 0.0000233 0.0003600 0.0018249 0.0083877 0.0282015 0.0775728 0.1766587 0.3400157 0.6330446
4.8694377 0.0000223 0.0003137 0.0018401 0.0079852 0.0261727 0.0725659 0.1675408 0.3300723 0.6065130
4.8895183 0.0000213 0.0002931 0.0019566 0.0079832 0.0270150 0.0740001 0.1666216 0.3195030 0.5973938
4.9095984 0.0000204 0.0002472 0.0016704 0.0063583 0.0220484 0.0566982 0.1334744 0.2629167 0.4834340
4.9296789 0.0000195 0.0003271 0.0020531 0.0088167 0.0308508 0.0815988 0.1824304 0.3492363 0.6553327
4.9497590 0.0000187 0.0002407 0.0017542 0.0068363 0.0223456 0.0619406 0.1433794 0.2816409 0.5181564
4.9698396 0.0000178 0.0002001 0.0013153 0.0049786 0.0164891 0.0455736 0.1056913 0.2087278 0.3829936
4.9899197 0.0000171 0.0001943 0.0015618 0.0076121 0.0261946 0.0739813 0.1722164 0.3391761 0.6209537
5.0100002 0.0000163 0.0002439 0.0015293 0.0064646 0.0207176 0.0561824 0.1264309 0.2422556 0.4538408
