-------- p=0.000 a=4.000 mu=-2.200 N=20000000 time=2017-02-23 10:31:57 --------
0.0100000 0.9782402 0.0029504 0.0000004 0.0000000 0.0000000 0.0000000 0.0000000 0.0000000 0.9811911
0.0300803 0.9359655 0.0146565 0.0000670 0.0000000 0.0000000 0.0000000 0.0000000 0.0000000 0.9506889
0.0501606 0.8955176 0.0299842 0.0005085 0.0000006 0.0000000 0.0000000 0.0000000 0.0000000 0.9260109
0.0702410 0.8568177 0.0470582 0.0015400 0.0000216 0.0000000 0.0000000 0.0000000 0.0000000 0.9054375
0.0903213 0.8197902 0.0656771 0.0029437 0.0001052 0.0000004 0.0000000 0.0000000 0.0000000 0.8885165
0.1104016 0.7843629 0.0845851 0.0047553 0.0002427 0.0000010 0.0000000 0.0000000 0.0000000 0.8739468
0.1304819 0.7504665 0.1034704 0.0074694 0.0003435 0.0000056 0.0000000 0.0000000 0.0000000 0.8617556
0.1505622 0.7180350 0.1226344 0.0112599 0.0006633 0.0000244 0.0000000 0.0000000 0.0000000 0.8526169
0.1706426 0.6870050 0.1408487 0.0145974 0.0009573 0.0000644 0.0000000 0.0000000 0.0000000 0.8434728
0.1907229 0.6573160 0.1592150 0.0191039 0.0015414 0.0000949 0.0000013 0.0000000 0.0000000 0.8372725
0.2108032 0.6289100 0.1760320 0.0252385 0.0025391 0.0002005 0.0000013 0.0000000 0.0000000 0.8329215
0.2308835 0.6017316 0.1923703 0.0318128 0.0030337 0.0003400 0.0000235 0.0000000 0.0000000 0.8293119
0.2509638 0.5757277 0.2069072 0.0391568 0.0047410 0.0004176 0.0000127 0.0000000 0.0000000 0.8269630
0.2710442 0.5508476 0.2223889 0.0455118 0.0063252 0.0007214 0.0000424 0.0000797 0.0000003 0.8259172
0.2911245 0.5270426 0.2355811 0.0546052 0.0082219 0.0009468 0.0001731 0.0000443 0.0000000 0.8266150
0.3112048 0.5042664 0.2484870 0.0628680 0.0107680 0.0011795 0.0001059 0.0000709 0.0000295 0.8277751
0.3312851 0.4824745 0.2587561 0.0697571 0.0129439 0.0018894 0.0002293 0.0000739 0.0000011 0.8261254
0.3513654 0.4616243 0.2702741 0.0815825 0.0167865 0.0023126 0.0003796 0.0000743 0.0000000 0.8330339
0.3714458 0.4416751 0.2806844 0.0900630 0.0194257 0.0031268 0.0002600 0.0001013 0.0000012 0.8353375
0.3915261 0.4225881 0.2889943 0.1005189 0.0236622 0.0048487 0.0003919 0.0000471 0.0000008 0.8410520
0.4116064 0.4043259 0.2961375 0.1110454 0.0276072 0.0052920 0.0007777 0.0000963 0.0000002 0.8452822
0.4316867 0.3868529 0.3040398 0.1210142 0.0335292 0.0076950 0.0010560 0.0000552 0.0000024 0.8542446
0.4517670 0.3701350 0.3093016 0.1318774 0.0378195 0.0080942 0.0013461 0.0002360 0.0000456 0.8588553
0.4718474 0.3541396 0.3156954 0.1413858 0.0428720 0.0093201 0.0017106 0.0001352 0.0000008 0.8652594
0.4919277 0.3388354 0.3202469 0.1520419 0.0497706 0.0118982 0.0027218 0.0003696 0.0000380 0.8759224
0.5120080 0.3241926 0.3250122 0.1641998 0.0548222 0.0144058 0.0032519 0.0005638 0.0001111 0.8865594
0.5320883 0.3101825 0.3280745 0.1753246 0.0638076 0.0173252 0.0038179 0.0006447 0.0000684 0.8992453
0.5521687 0.2967779 0.3302765 0.1860935 0.0709873 0.0207225 0.0043968 0.0012731 0.0001451 0.9106727
0.5722489 0.2839527 0.3307242 0.1942018 0.0785640 0.0233270 0.0055572 0.0011404 0.0000690 0.9175364
0.5923293 0.2716816 0.3323025 0.2042408 0.0844757 0.0263722 0.0067125 0.0012582 0.0002788 0.9273224
0.6124096 0.2599409 0.3335993 0.2171726 0.0953145 0.0323618 0.0084210 0.0016255 0.0001520 0.9485875
0.6324899 0.2487075 0.3338018 0.2273828 0.1040680 0.0359941 0.0098827 0.0025433 0.0004216 0.9628018
0.6525702 0.2379596 0.3334770 0.2351643 0.1121805 0.0410901 0.0119585 0.0031090 0.0006728 0.9756117
0.6726506 0.2276761 0.3335022 0.2449276 0.1209113 0.0435013 0.0136808 0.0035072 0.0014428 0.9891493
0.6927309 0.2178370 0.3322703 0.2545001 0.1324484 0.0535487 0.0175323 0.0051805 0.0013762 1.0146935
0.7128112 0.2084232 0.3310947 0.2626805 0.1429652 0.0598950 0.0196217 0.0055629 0.0013795 1.0316228
0.7328916 0.1994162 0.3292920 0.2731507 0.1551492 0.0639782 0.0212096 0.0063902 0.0012005 1.0497866
0.7529718 0.1907984 0.3268078 0.2845315 0.1644165 0.0742473 0.0266030 0.0080830 0.0023939 1.0778814
0.7730522 0.1825530 0.3243312 0.2907466 0.1747273 0.0805633 0.0306089 0.0095838 0.0027649 1.0958790
0.7931325 0.1746639 0.3200529 0.2944431 0.1875093 0.0888915 0.0340597 0.0104321 0.0033166 1.1133691
0.8132128 0.1671158 0.3169503 0.3050027 0.1982580 0.0952822 0.0385389 0.0110308 0.0033334 1.1355121
0.8332931 0.1598939 0.3142927 0.3113134 0.2100817 0.1084767 0.0448546 0.0164819 0.0063834 1.1717782
0.8533735 0.1529840 0.3116037 0.3146727 0.2123387 0.1135119 0.0460919 0.0164867 0.0042144 1.1719041
0.8734538 0.1463728 0.3072770 0.3220920 0.2288171 0.1258592 0.0554167 0.0197346 0.0057149 1.2112844
0.8935341 0.1400473 0.3011596 0.3266301 0.2427795 0.1332169 0.0636158 0.0243888 0.0090572 1.2408953
0.9136144 0.1339952 0.2974200 0.3307268 0.2527765 0.1475746 0.0722014 0.0276977 0.0102276 1.2726197
0.9336947 0.1282045 0.2947082 0.3391478 0.2635803 0.1513220 0.0724005 0.0300150 0.0097863 1.2891647
0.9537750 0.1226642 0.2906110 0.3424982 0.2708431 0.1684525 0.0854914 0.0367866 0.0147544 1.3321013
0.9738554 0.1173632 0.2840288 0.3477192 0.2915192 0.1816892 0.0900349 0.0384917 0.0165308 1.3673771
0.9939357 0.1122913 0.2795902 0.3491810 0.2962931 0.1959554 0.1032118 0.0496758 0.0213596 1.4075583
1.0140160 0.1074387 0.2748723 0.3552018 0.3117132 0.2018659 0.1100195 0.0518582 0.0204612 1.4334308
1.0340964 0.1027957 0.2686806 0.3535417 0.3209686 0.2218790 0.1217007 0.0607008 0.0224124 1.4726794
1.0541767 0.0983533 0.2647436 0.3646034 0.3336542 0.2345531 0.1332374 0.0676600 0.0291057 1.5259108
1.0742570 0.0941030 0.2604147 0.3612924 0.3372127 0.2431684 0.1403429 0.0711345 0.0330951 1.5407637
1.0943373 0.0900363 0.2557734 0.3671628 0.3530649 0.2610245 0.1537888 0.0778953 0.0348722 1.5936182
1.1144177 0.0861454 0.2508479 0.3614228 0.3544441 0.2688677 0.1589635 0.0825590 0.0417208 1.6049712
1.1344979 0.0824226 0.2454683 0.3656228 0.3708318 0.2896927 0.1782741 0.0867592 0.0408041 1.6598757
1.1545782 0.0788607 0.2397393 0.3659843 0.3759406 0.3001196 0.1932337 0.1099602 0.0525884 1.7164269
1.1746585 0.0754527 0.2357831 0.3716335 0.3930927 0.3198539 0.2072723 0.1172860 0.0578127 1.7781869
1.1947389 0.0721920 0.2287126 0.3667257 0.3978045 0.3237282 0.2176523 0.1209080 0.0591355 1.7868587
1.2148192 0.0690722 0.2240257 0.3699220 0.4110560 0.3426072 0.2348751 0.1287332 0.0644443 1.8447356
1.2348995 0.0660873 0.2202425 0.3650260 0.4095223 0.3467421 0.2427175 0.1371151 0.0680377 1.8554905
1.2549798 0.0632313 0.2146086 0.3607573 0.4164198 0.3699547 0.2615708 0.1617634 0.0874571 1.9357630
1.2750602 0.0604988 0.2087026 0.3695155 0.4416355 0.3961600 0.2810836 0.1711732 0.0843802 2.0131493
1.2951405 0.0578843 0.2065173 0.3598895 0.4365254 0.4035485 0.3029739 0.1898524 0.1057177 2.0629090
1.3152208 0.0553828 0.2004844 0.3674571 0.4460169 0.4151441 0.3102288 0.2008946 0.1143536 2.1099624
1.3353012 0.0529894 0.1948295 0.3619126 0.4494987 0.4206644 0.3224523 0.2092614 0.1203690 2.1319773
1.3553815 0.0506995 0.1911057 0.3592979 0.4630979 0.4445148 0.3507769 0.2255857 0.1359877 2.2210661
1.3754618 0.0485085 0.1860068 0.3556526 0.4620003 0.4551581 0.3678984 0.2489314 0.1460978 2.2702537
1.3955421 0.0464122 0.1798496 0.3484665 0.4628364 0.4734600 0.3845102 0.2721402 0.1570268 2.3247020
1.4156225 0.0444065 0.1763053 0.3486342 0.4773437 0.4908102 0.4006714 0.2880499 0.1785172 2.4047383
1.4357028 0.0424875 0.1730712 0.3498535 0.4838127 0.4976242 0.4335262 0.3196053 0.2020270 2.5020076
1.4557831 0.0406514 0.1681562 0.3498546 0.4846165 0.5001230 0.4250334 0.3161823 0.1977572 2.4823745
1.4758633 0.0388946 0.1601181 0.3370829 0.4831836 0.5243806 0.4521419 0.3339300 0.2120763 2.5418081
1.4959437 0.0372138 0.1578531 0.3405797 0.4962972 0.5424553 0.4856925 0.3611075 0.2446688 2.6658679
1.5160240 0.0356056 0.1532381 0.3308875 0.4831334 0.5481817 0.5150427 0.3999487 0.2621608 2.7281987
1.5361043 0.0340669 0.1465178 0.3251938 0.4937179 0.5531315 0.5125187 0.3903026 0.2683980 2.7238472
1.5561846 0.0325947 0.1469789 0.3335995 0.5076658 0.6030574 0.5515383 0.4265039 0.2910204 2.8929589
1.5762650 0.0311861 0.1416799 0.3237776 0.5048754 0.5998180 0.5561611 0.4410051 0.2960667 2.8945698
1.5963453 0.0298384 0.1392327 0.3288794 0.5158302 0.6179039 0.5859642 0.4813634 0.3279758 3.0269881
1.6164256 0.0285489 0.1345764 0.3162995 0.5070801 0.6177853 0.6250180 0.5208787 0.3781355 3.1283224
1.6365060 0.0273152 0.1327444 0.3126852 0.5025923 0.6197354 0.6092527 0.5216255 0.3635112 3.0894619
1.6565863 0.0261347 0.1278676 0.3138526 0.5185413 0.6411140 0.6463097 0.5561634 0.4082212 3.2382046
1.6766666 0.0250053 0.1237639 0.3096141 0.5160900 0.6329895 0.6425711 0.5709880 0.4451288 3.2661507
1.6967469 0.0239247 0.1167286 0.2878006 0.4856345 0.6210993 0.6519864 0.5581190 0.4323818 3.1776749
1.7168273 0.0228908 0.1162629 0.2861412 0.5084474 0.6827800 0.7391735 0.6801894 0.5461480 3.5820333
1.7369076 0.0219016 0.1116414 0.2779168 0.4843856 0.6577754 0.6905776 0.6295772 0.5130746 3.3868502
1.7569879 0.0209551 0.1115530 0.2867939 0.5051747 0.6957566 0.7622038 0.6982749 0.5669512 3.6476632
1.7770681 0.0200495 0.1064697 0.2776333 0.5016898 0.6761312 0.7473155 0.6785461 0.5474232 3.5552582
1.7971485 0.0191831 0.1009807 0.2746609 0.5029826 0.7095173 0.7781543 0.7145921 0.5880608 3.6881319
1.8172288 0.0183541 0.1006136 0.2766704 0.5177721 0.7221810 0.8219632 0.7741625 0.6433951 3.8751120
1.8373091 0.0175609 0.0973209 0.2756125 0.5211531 0.7447917 0.8641742 0.8215105 0.6613201 4.0034439
1.8573895 0.0168020 0.0949123 0.2733219 0.5220893 0.7509455 0.8726258 0.8249634 0.7201726 4.0758328
1.8774698 0.0160759 0.0930824 0.2672142 0.5037937 0.7299610 0.8473913 0.8271313 0.7089678 3.9936176
1.8975501 0.0153812 0.0867605 0.2410090 0.4754560 0.7147161 0.8605353 0.8411125 0.7188585 3.9538290
1.9176304 0.0147165 0.0847591 0.2436731 0.4724488 0.6981993 0.8538747 0.8736696 0.7784034 4.0197445
1.9377108 0.0140805 0.0818998 0.2416776 0.4909582 0.7530134 0.9328163 0.9450817 0.8458465 4.3053740
1.9577911 0.0134720 0.0811138 0.2447195 0.4884820 0.7555001 0.9162084 0.9433583 0.8225353 4.2653894
1.9778714 0.0128898 0.0783812 0.2331037 0.4777456 0.7392329 0.9526300 1.0096618 0.9344646 4.4381097
1.9979517 0.0123328 0.0752614 0.2271416 0.4608519 0.7271673 0.9381056 1.0042295 0.9340625 4.3791526
2.0180321 0.0117998 0.0742261 0.2207758 0.4719185 0.7231048 0.9432367 1.0313844 0.9997124 4.4761585
2.0381124 0.0112899 0.0717553 0.2198367 0.4733017 0.7642285 1.0008297 1.0870561 1.0370439 4.6653419
2.0581927 0.0108020 0.0694761 0.2291422 0.4762501 0.7826504 1.0432836 1.1626395 1.1370954 4.9113393
2.0782731 0.0103352 0.0660463 0.2045561 0.4498716 0.7387029 1.0071959 1.1190676 1.1295306 4.7253062
2.0983534 0.0098886 0.0649473 0.2029863 0.4548279 0.7506038 1.0077229 1.1355569 1.1404125 4.7669461
2.1184337 0.0094612 0.0600204 0.2012829 0.4589116 0.7790930 1.0708773 1.2113284 1.2222550 5.0132297
2.1385140 0.0090523 0.0605772 0.1999034 0.4386846 0.7657469 1.0749728 1.2492671 1.2366131 5.0348174
2.1585944 0.0086612 0.0584586 0.1950157 0.4487430 0.7777907 1.0530532 1.2377190 1.2547947 5.0342360
2.1786747 0.0082869 0.0568843 0.1900619 0.4454175 0.7765995 1.0913330 1.3095142 1.3702377 5.2483350
2.1987550 0.0079287 0.0537155 0.1904480 0.4288524 0.7340745 1.0661903 1.2721862 1.3182394 5.0716351
2.2188354 0.0075861 0.0553859 0.1935203 0.4545681 0.8117557 1.1550591 1.4033478 1.4747307 5.5559536
2.2389157 0.0072583 0.0483615 0.1710928 0.4182654 0.7368299 1.0694813 1.2734905 1.3717794 5.0965591
2.2589958 0.0069446 0.0468700 0.1671860 0.4039821 0.7498274 1.1079898 1.3983827 1.4895312 5.3707137
2.2790761 0.0066445 0.0484900 0.1857569 0.4465723 0.8078011 1.2221544 1.5733585 1.6877084 5.9784861
2.2991564 0.0063573 0.0468058 0.1742024 0.4466605 0.8483814 1.2752786 1.6452733 1.7986064 6.2415659
2.3192368 0.0060826 0.0428412 0.1550638 0.3885314 0.7438865 1.1341675 1.4602543 1.6518567 5.5826839
2.3393171 0.0058198 0.0429456 0.1718551 0.4265087 0.8033895 1.2178053 1.6042023 1.8249669 6.0974931
2.3593974 0.0055683 0.0431864 0.1549815 0.3850074 0.7390232 1.1539531 1.5746838 1.8925824 5.9489860
2.3794777 0.0053276 0.0407934 0.1622928 0.4031899 0.7708247 1.2015135 1.5867988 1.8301808 6.0009215
2.3995581 0.0050974 0.0410143 0.1540253 0.4059290 0.8109260 1.2606973 1.6864209 1.9846062 6.3487163
2.4196384 0.0048771 0.0366409 0.1453402 0.3858546 0.7481185 1.1511234 1.5250446 1.7726684 5.7696677
2.4397187 0.0046663 0.0348634 0.1371904 0.3657358 0.7135038 1.1510346 1.5712862 1.8422704 5.8205508
2.4597991 0.0044647 0.0358195 0.1404220 0.3882167 0.7777236 1.2468218 1.6980931 1.9702607 6.2618222
2.4798794 0.0042717 0.0343696 0.1338410 0.3625480 0.7398355 1.2294525 1.7766959 2.1664047 6.4474190
2.4999597 0.0040871 0.0334155 0.1389961 0.3580071 0.7473810 1.2936866 1.8565185 2.3363667 6.7684586
2.5200400 0.0039105 0.0286038 0.1241703 0.3460128 0.7297276 1.2275350 1.7087073 2.1631132 6.3317805
2.5401204 0.0037415 0.0316335 0.1344899 0.3891123 0.8068903 1.3443179 1.9185099 2.3199805 6.9486759
2.5602007 0.0035798 0.0304778 0.1269995 0.3654562 0.7935689 1.3885235 2.0275140 2.5421652 7.2782849
2.5802810 0.0034251 0.0285282 0.1172406 0.3344325 0.7004271 1.2217588 1.7516766 2.1929734 6.3504622
2.6003613 0.0032771 0.0279478 0.1155950 0.3213320 0.7087725 1.2256688 1.8194654 2.3112441 6.5333028
2.6204417 0.0031355 0.0260879 0.1105731 0.3100673 0.6704241 1.2040861 1.8249845 2.3897117 6.5390702
2.6405220 0.0030000 0.0270066 0.1157156 0.3491279 0.7633929 1.3730177 1.9884698 2.5061216 7.1258521
2.6606023 0.0028703 0.0242467 0.1165598 0.3331733 0.7229176 1.2696612 1.9055750 2.4729955 6.8479996
2.6806827 0.0027463 0.0241729 0.1107843 0.3208409 0.7256025 1.2957598 1.9653388 2.5525806 6.9978263
2.7007630 0.0026276 0.0214218 0.0979785 0.2818568 0.6444019 1.1415941 1.7368124 2.3377372 6.2644303
2.7208433 0.0025141 0.0206166 0.0946500 0.2824425 0.6562727 1.1843643 1.7959852 2.3602604 6.3971057
2.7409236 0.0024054 0.0243891 0.1135393 0.3497268 0.7903402 1.4263663 2.2337541 2.9863761 7.9268972
2.7610040 0.0023015 0.0226699 0.1041819 0.3337086 0.7472134 1.3450536 2.0731453 2.8102085 7.4384827
2.7810843 0.0022020 0.0191350 0.0928271 0.2866378 0.6700755 1.2759945 2.0411898 2.8363749 7.2244368
2.8011646 0.0021068 0.0197004 0.0975459 0.3032674 0.7121493 1.3456005 2.1749242 3.1090255 7.7643200
2.8212450 0.0020158 0.0170553 0.0831988 0.2630699 0.6142263 1.1344996 1.7437325 2.3995369 6.2573350
2.8413253 0.0019287 0.0184394 0.0834076 0.2635193 0.6504230 1.2875648 2.1366680 3.0408325 7.4827832
2.8614056 0.0018453 0.0166293 0.0837553 0.2580521 0.6256578 1.2290021 2.0199260 2.8557713 7.0906393
2.8814859 0.0017656 0.0171636 0.0848416 0.2753723 0.6606432 1.2844151 2.1457399 3.0400218 7.5099630
2.9015663 0.0016893 0.0171802 0.0792359 0.2565737 0.6200223 1.2096170 2.0344013 2.9271853 7.1459051
2.9216464 0.0016163 0.0156608 0.0777165 0.2500488 0.6108082 1.2037396 2.0256901 2.8420668 7.0273471
2.9417267 0.0015464 0.0139204 0.0745556 0.2666610 0.6572154 1.3673958 2.3545260 3.3628525 8.0986731
2.9618070 0.0014796 0.0145752 0.0700406 0.2195406 0.5260396 1.0856192 1.8250175 2.7273508 6.4696631
2.9818873 0.0014157 0.0137964 0.0709960 0.2460016 0.6274278 1.3002403 2.2092766 3.2142665 7.6834209
3.0019677 0.0013545 0.0123572 0.0708096 0.2350531 0.5704597 1.1607679 2.0256569 3.1263697 7.2028285
3.0220480 0.0012960 0.0131698 0.0656009 0.2304683 0.5975640 1.2366318 2.2147603 3.3545409 7.7140318
3.0421283 0.0012400 0.0119117 0.0626978 0.2094575 0.5448308 1.1497736 2.0465011 3.0997505 7.1261630
3.0622087 0.0011864 0.0119941 0.0637158 0.2039480 0.5389793 1.1674033 2.0366123 3.1229538 7.1467931
3.0822890 0.0011351 0.0125740 0.0687418 0.2182053 0.5857533 1.2388199 2.1429645 3.1824041 7.4505980
3.1023693 0.0010860 0.0124482 0.0622568 0.2320197 0.6669395 1.4216969 2.6077127 4.1685188 9.1726787
3.1224496 0.0010391 0.0114686 0.0619967 0.2127249 0.5803807 1.2767903 2.3344594 3.6806343 8.1594940
3.1425300 0.0009942 0.0107221 0.0626795 0.2140137 0.5702946 1.1930103 2.1003103 3.2070145 7.3590393
3.1626103 0.0009512 0.0091000 0.0450749 0.1652513 0.4458287 1.0026896 1.8528703 2.9426678 6.4644339
3.1826906 0.0009101 0.0100472 0.0571040 0.2100909 0.5810831 1.2916853 2.4558795 4.0118875 8.6186876
3.2027709 0.0008708 0.0087382 0.0512806 0.1930936 0.5233269 1.1771207 2.2191676 3.7572019 7.9308002
3.2228513 0.0008332 0.0090044 0.0485851 0.1927170 0.5352066 1.2151305 2.3273440 3.8355107 8.1643316
3.2429316 0.0007972 0.0084811 0.0434927 0.1600759 0.4583486 1.0618129 1.9810607 3.2786018 6.9926709
3.2630119 0.0007627 0.0079402 0.0456084 0.1653447 0.4965333 1.0982480 2.1114027 3.4827555 7.4085954
3.2830923 0.0007298 0.0072306 0.0377636 0.1446299 0.4177972 0.9911453 1.9434993 3.2837158 6.8265114
3.3031726 0.0006982 0.0081799 0.0436508 0.1613484 0.4736627 1.0850599 2.1368607 3.6022945 7.5117552
3.3232529 0.0006680 0.0082095 0.0399165 0.1425764 0.3977508 0.9274631 1.8530526 3.1067961 6.4764330
3.3433332 0.0006392 0.0069973 0.0381898 0.1448020 0.4272724 1.0337245 2.1095090 3.6238968 7.3850312
3.3634136 0.0006116 0.0074719 0.0386441 0.1324129 0.3838600 0.9020424 1.7627321 3.0606819 6.2884569
3.3834939 0.0005851 0.0073844 0.0394551 0.1633818 0.4620414 1.0624665 2.0969959 3.5743239 7.4066343
3.4035742 0.0005598 0.0069327 0.0390150 0.1495420 0.4563587 1.0960169 2.2447919 3.9703376 7.9635546
3.4236546 0.0005356 0.0060054 0.0379055 0.1457383 0.4289284 1.0154167 1.9845909 3.3781935 6.9973144
3.4437349 0.0005125 0.0060351 0.0395449 0.1546126 0.4563207 1.1314516 2.3042741 4.0550460 8.1477975
3.4638152 0.0004903 0.0076325 0.0444255 0.1744939 0.4922680 1.2122131 2.4187637 4.2750226 8.6253097
3.4838955 0.0004692 0.0066543 0.0386170 0.1517650 0.4617620 1.1287885 2.3056396 4.0655803 8.1592759
3.5039759 0.0004489 0.0045365 0.0283036 0.1156460 0.3501320 0.8487594 1.7184855 3.0037844 6.0700962
3.5240562 0.0004295 0.0060773 0.0411625 0.1556626 0.4889627 1.2327045 2.5458275 4.4861088 8.9569353
3.5441363 0.0004109 0.0041308 0.0273719 0.1081640 0.3294220 0.8300051 1.7676161 3.2743145 6.3414353
3.5642166 0.0003932 0.0040558 0.0300646 0.1289665 0.3822781 0.9474600 1.9733271 3.5668506 7.0333958
3.5842969 0.0003762 0.0049543 0.0286901 0.1158122 0.3718441 0.9354310 1.9571032 3.5779091 6.9921201
3.6043773 0.0003599 0.0044646 0.0270634 0.1086913 0.3418835 0.8336792 1.7389629 3.2043657 6.2594706
3.6244576 0.0003444 0.0053994 0.0306331 0.1206793 0.3914828 1.0213229 2.3045016 4.4637864 8.3381498
3.6445379 0.0003295 0.0049638 0.0329201 0.1199762 0.3693513 0.9287771 1.9954438 3.7187231 7.1704848
3.6646183 0.0003152 0.0039796 0.0278881 0.1153478 0.3557265 0.9272465 2.0038228 3.7303346 7.1646611
3.6846986 0.0003016 0.0035153 0.0246378 0.0995865 0.2988423 0.7621495 1.6558250 3.1575644 6.0024225
3.7047789 0.0002886 0.0043487 0.0217032 0.0912436 0.2947338 0.7539347 1.6693550 3.2017794 6.0373871
3.7248592 0.0002761 0.0038291 0.0252843 0.1075231 0.3425188 0.8978949 2.0081181 3.7678139 7.1532583
3.7449396 0.0002642 0.0030712 0.0171185 0.0736846 0.2389594 0.6305230 1.3982064 2.6511402 5.0129675
3.7650199 0.0002528 0.0030679 0.0199519 0.0880561 0.3011762 0.8377994 1.9228647 3.7614447 6.9346136
3.7851002 0.0002418 0.0033649 0.0216761 0.1002931 0.3262038 0.9009305 2.0651549 4.0349337 7.4527987
3.8051805 0.0002314 0.0023644 0.0156428 0.0758662 0.2565400 0.6798133 1.5232871 2.9294781 5.4832233
3.8252609 0.0002214 0.0036811 0.0293805 0.1262682 0.4104502 1.1604294 2.5822943 5.1283148 9.4410399
3.8453412 0.0002118 0.0025606 0.0180042 0.0798276 0.2763135 0.7613546 1.7502853 3.4345732 6.3231308
3.8654215 0.0002027 0.0026944 0.0183841 0.0827898 0.2946841 0.8419284 1.9464571 3.9116629 7.0988035
3.8855019 0.0001939 0.0029496 0.0202950 0.0995331 0.3406165 0.9242589 2.1353917 4.2644076 7.7876462
3.9055822 0.0001855 0.0020710 0.0122117 0.0536574 0.1821645 0.5202664 1.2529969 2.5859481 4.6095016
3.9256625 0.0001775 0.0021107 0.0170184 0.0720602 0.2455339 0.6963742 1.6123671 3.1745098 5.8201518
3.9457428 0.0001698 0.0021462 0.0145782 0.0735046 0.2553599 0.6879428 1.6040430 3.2698488 5.9075933
3.9658232 0.0001625 0.0028382 0.0209302 0.1002335 0.3454016 0.9531259 2.2036983 4.4583613 8.0847515
3.9859035 0.0001555 0.0019651 0.0119654 0.0517796 0.1821606 0.5126287 1.2054140 2.4572853 4.4233540
4.0059838 0.0001488 0.0024985 0.0215090 0.1074042 0.3797265 1.0661223 2.4968834 5.0242862 9.0985789
4.0260644 0.0001423 0.0017625 0.0098724 0.0503915 0.1722717 0.4858521 1.1680417 2.4182597 4.3065939
4.0461445 0.0001362 0.0022571 0.0145500 0.0677825 0.2448133 0.7113304 1.7905928 3.6844259 6.5158882
4.0662251 0.0001303 0.0020055 0.0194279 0.0909120 0.3453527 0.9865832 2.3613455 4.9980853 8.8038424
4.0863051 0.0001247 0.0017240 0.0159619 0.0777710 0.2717804 0.7465287 1.7963163 3.6511686 6.5613755
4.1063857 0.0001193 0.0019861 0.0176809 0.0909056 0.3167573 0.9113476 2.2531300 4.6626483 8.2545750
4.1264658 0.0001141 0.0014597 0.0103918 0.0498799 0.1821302 0.5231966 1.2159793 2.5276794 4.5108311
4.1465464 0.0001092 0.0016072 0.0108084 0.0527981 0.2068932 0.6781855 1.7505342 3.8179944 6.5189303
4.1666265 0.0001045 0.0014340 0.0112490 0.0525935 0.2099359 0.5962212 1.4569343 3.1270570 5.4555293
4.1867070 0.0001000 0.0011184 0.0077304 0.0332295 0.1246036 0.3668372 0.9244555 2.0006972 3.4587717
4.2067871 0.0000956 0.0013427 0.0094358 0.0440105 0.1558192 0.4720393 1.1773358 2.5779178 4.4379968
4.2268677 0.0000915 0.0011726 0.0094881 0.0477737 0.1778148 0.5450827 1.4138432 3.1248345 5.3201010
4.2469478 0.0000876 0.0014954 0.0112801 0.0628045 0.2465395 0.7902289 1.9642333 4.2805871 7.3572563
4.2670283 0.0000838 0.0013104 0.0096815 0.0519923 0.2010367 0.6061154 1.5784706 3.4712925 5.9199832
4.2871084 0.0000801 0.0015087 0.0066750 0.0384667 0.1500394 0.4704039 1.2488084 2.7710217 4.6870040
4.3071890 0.0000767 0.0010259 0.0088302 0.0484407 0.2018602 0.6151361 1.5822394 3.4639453 5.9215545
4.3272691 0.0000734 0.0010025 0.0062068 0.0355821 0.1274356 0.4035625 1.0904120 2.5163664 4.1806412
4.3473496 0.0000702 0.0013392 0.0097603 0.0550733 0.2121248 0.6921165 1.8922944 4.3742842 7.2370630
4.3674297 0.0000672 0.0008987 0.0067760 0.0380631 0.1572579 0.5100123 1.3802369 3.2373120 5.3306241
4.3875103 0.0000643 0.0008348 0.0058038 0.0295057 0.1187633 0.3879480 1.0482877 2.4378362 4.0290438
4.4075904 0.0000615 0.0007454 0.0064650 0.0408833 0.1479207 0.4755652 1.2380616 2.8199999 4.7297027
4.4276710 0.0000588 0.0008665 0.0079717 0.0423001 0.1645477 0.5103734 1.3384388 3.0733444 5.1379015
4.4477510 0.0000563 0.0007831 0.0061835 0.0291237 0.1171696 0.3760379 0.9749033 2.2481893 3.7524466
4.4678316 0.0000539 0.0007043 0.0062643 0.0388727 0.1533769 0.4972810 1.3706737 3.2126001 5.2798268
4.4879117 0.0000515 0.0006456 0.0039866 0.0197738 0.0867224 0.2899830 0.7770891 1.8706794 3.0489315
4.5079918 0.0000493 0.0007984 0.0093462 0.0524073 0.2163047 0.6895749 1.9748988 4.7597802 7.7031600
4.5280724 0.0000472 0.0008718 0.0079278 0.0433314 0.1782806 0.5995013 1.6726187 4.0035844 6.5061631
4.5481524 0.0000451 0.0004328 0.0037807 0.0219070 0.0953714 0.3147628 0.8441817 1.9317080 3.2121895
4.5682330 0.0000432 0.0005343 0.0037204 0.0240143 0.0980219 0.3217212 0.9276881 2.2077326 3.5834760
4.5883131 0.0000413 0.0005188 0.0071272 0.0367805 0.1697062 0.6130175 1.7624776 4.2961373 6.8858065
4.6083937 0.0000395 0.0005953 0.0059697 0.0329039 0.1511112 0.4838838 1.3824921 3.2848139 5.3418097
4.6284738 0.0000378 0.0004385 0.0028035 0.0164016 0.0651554 0.1985397 0.5507345 1.3087299 2.1428410
4.6485543 0.0000362 0.0007140 0.0061895 0.0370464 0.1599435 0.5502259 1.6149811 4.0927702 6.4619068
4.6686344 0.0000346 0.0007305 0.0066418 0.0395975 0.1678012 0.5560735 1.5896395 3.7674254 6.1279440
4.6887150 0.0000331 0.0005436 0.0034609 0.0167466 0.0736618 0.2444245 0.6773466 1.6128808 2.6290979
4.7087951 0.0000317 0.0006298 0.0055633 0.0320281 0.1350232 0.4799793 1.3756265 3.4357866 5.4646686
4.7288756 0.0000303 0.0004374 0.0032751 0.0187374 0.0805850 0.2786344 0.7672385 1.8988363 3.0477744
4.7489557 0.0000290 0.0002673 0.0025394 0.0181276 0.0696451 0.2373058 0.6868590 1.7096264 2.7243996
4.7690363 0.0000278 0.0004906 0.0036107 0.0201034 0.0893267 0.2908148 0.8191035 1.9858820 3.2093595
4.7891164 0.0000266 0.0002279 0.0017496 0.0112901 0.0475228 0.1546352 0.4678799 1.1676280 1.8509603
4.8091969 0.0000254 0.0004036 0.0035146 0.0212065 0.0979340 0.3502716 0.9619786 2.3577129 3.7930473
4.8292770 0.0000243 0.0002616 0.0026327 0.0141005 0.0633440 0.2168670 0.6315182 1.6307449 2.5594932
4.8493576 0.0000233 0.0004154 0.0036103 0.0187431 0.0861372 0.3088644 0.9381075 2.3664012 3.7223023
4.8694377 0.0000223 0.0005044 0.0050582 0.0321308 0.1378341 0.4695454 1.4061873 3.5839144 5.6351967
4.8895183 0.0000213 0.0004676 0.0046333 0.0251262 0.1172402 0.4002851 1.1943528 3.0981209 4.8402474
4.9095984 0.0000204 0.0003187 0.0024120 0.0144910 0.0637196 0.2243083 0.6952581 1.8295751 2.8301032
4.9296789 0.0000195 0.0009758 0.0080961 0.0455111 0.2050272 0.7810024 2.3040154 6.1656689 9.5103164
4.9497590 0.0000187 0.0003496 0.0028672 0.0153386 0.0732474 0.2581742 0.8009803 2.1505515 3.3015274
4.9698396 0.0000178 0.0003174 0.0031344 0.0187779 0.0856951 0.3219411 0.9552151 2.4530734 3.8381723
4.9899197 0.0000171 0.0004987 0.0061174 0.0294481 0.1220693 0.4389480 1.3372575 3.4866686 5.4210247
5.0100002 0.0000163 0.0003120 0.0026640 0.0151401 0.0740147 0.2700789 0.8344307 2.2071490 3.4038057
