-------- p=0.000 a=2.000 mu=-2.200 N=40000000 time=2017-02-23 07:05:08 --------
0.0100000 0.9782402 0.0014693 0.0000000 0.0000022 0.0000126 0.0000666 0.0000093 0.0000000 0.9798003
0.0300803 0.9359655 0.0073440 0.0000253 0.0000024 0.0000000 0.0000000 0.0000000 0.0000000 0.9433373
0.0501606 0.8955176 0.0149407 0.0001495 0.0000080 0.0000012 0.0000121 0.0000040 0.0000003 0.9106332
0.0702410 0.8568177 0.0236703 0.0003460 0.0000075 0.0000023 0.0000007 0.0000049 0.0000003 0.8808497
0.0903213 0.8197902 0.0327338 0.0005925 0.0000129 0.0000019 0.0000006 0.0000038 0.0000001 0.8531358
0.1104016 0.7843629 0.0423943 0.0011961 0.0000139 0.0000008 0.0000015 0.0000187 0.0000000 0.8279880
0.1304819 0.7504665 0.0518142 0.0018396 0.0000601 0.0000024 0.0000009 0.0000022 0.0000381 0.8042242
0.1505622 0.7180350 0.0612383 0.0026539 0.0000666 0.0000011 0.0000004 0.0000000 0.0000000 0.7819953
0.1706426 0.6870050 0.0704086 0.0035645 0.0001384 0.0000173 0.0000008 0.0000000 0.0000000 0.7611346
0.1907229 0.6573160 0.0795254 0.0047189 0.0002195 0.0000038 0.0000019 0.0000005 0.0000000 0.7417858
0.2108032 0.6289100 0.0879243 0.0063873 0.0003764 0.0000334 0.0000005 0.0000026 0.0000004 0.7236349
0.2308835 0.6017316 0.0960899 0.0080649 0.0004072 0.0000063 0.0000058 0.0000004 0.0000000 0.7063062
0.2509638 0.5757277 0.1038463 0.0092640 0.0005649 0.0000733 0.0000032 0.0000011 0.0000154 0.6894959
0.2710442 0.5508476 0.1110226 0.0112657 0.0007500 0.0000286 0.0000003 0.0000000 0.0000000 0.6739150
0.2911245 0.5270426 0.1179951 0.0131753 0.0009958 0.0000756 0.0000013 0.0000110 0.0000000 0.6592969
0.3112048 0.5042664 0.1239056 0.0157290 0.0012828 0.0000676 0.0000144 0.0000008 0.0000000 0.6452666
0.3312851 0.4824745 0.1298413 0.0178854 0.0015684 0.0000912 0.0000218 0.0000217 0.0000008 0.6319050
0.3513654 0.4616243 0.1352582 0.0198604 0.0020216 0.0001608 0.0000019 0.0000032 0.0000000 0.6189307
0.3714458 0.4416751 0.1401422 0.0227501 0.0027024 0.0002239 0.0000244 0.0000074 0.0000006 0.6075261
0.3915261 0.4225881 0.1444146 0.0253570 0.0029468 0.0003139 0.0000302 0.0000001 0.0000000 0.5956507
0.4116064 0.4043259 0.1483843 0.0277271 0.0033642 0.0002756 0.0000255 0.0000007 0.0000000 0.5841034
0.4316867 0.3868529 0.1520721 0.0303434 0.0038960 0.0003483 0.0000400 0.0000009 0.0000000 0.5735535
0.4517670 0.3701350 0.1553176 0.0330850 0.0049358 0.0005674 0.0000622 0.0000127 0.0000015 0.5641173
0.4718474 0.3541395 0.1575228 0.0352037 0.0055947 0.0007826 0.0001488 0.0000122 0.0000000 0.5534044
0.4919277 0.3388354 0.1602547 0.0383854 0.0061434 0.0007359 0.0000524 0.0000027 0.0000000 0.5444099
0.5120080 0.3241926 0.1620977 0.0408417 0.0071574 0.0010210 0.0000866 0.0000101 0.0000000 0.5354072
0.5320883 0.3101825 0.1642261 0.0444643 0.0083101 0.0011566 0.0001878 0.0000206 0.0000077 0.5285558
0.5521687 0.2967779 0.1650287 0.0463998 0.0086709 0.0011934 0.0001609 0.0000228 0.0000002 0.5182548
0.5722489 0.2839527 0.1658046 0.0498256 0.0097500 0.0014322 0.0001486 0.0000115 0.0000001 0.5109252
0.5923293 0.2716816 0.1668591 0.0528388 0.0111329 0.0018174 0.0002320 0.0000460 0.0000130 0.5046207
0.6124096 0.2599409 0.1673741 0.0551514 0.0116935 0.0020446 0.0002563 0.0000281 0.0000006 0.4964894
0.6324900 0.2487075 0.1674934 0.0565684 0.0129947 0.0020948 0.0002967 0.0000844 0.0000572 0.4882970
0.6525703 0.2379595 0.1677007 0.0599096 0.0142372 0.0025772 0.0003835 0.0000299 0.0000036 0.4828015
0.6726506 0.2276761 0.1668551 0.0618397 0.0155376 0.0029675 0.0006042 0.0001255 0.0000186 0.4756241
0.6927309 0.2178370 0.1660535 0.0636300 0.0163286 0.0030184 0.0004435 0.0001117 0.0000029 0.4674257
0.7128112 0.2084232 0.1654594 0.0664619 0.0185097 0.0037141 0.0008393 0.0001291 0.0000488 0.4635856
0.7328916 0.1994162 0.1645193 0.0684039 0.0192236 0.0039203 0.0006049 0.0000841 0.0000051 0.4561774
0.7529718 0.1907984 0.1630515 0.0710018 0.0209444 0.0046946 0.0008169 0.0001032 0.0000109 0.4514218
0.7730522 0.1825530 0.1619506 0.0722621 0.0219852 0.0048819 0.0009828 0.0001386 0.0000378 0.4447920
0.7931325 0.1746639 0.1604795 0.0750656 0.0237192 0.0054168 0.0010817 0.0001358 0.0000110 0.4405735
0.8132128 0.1671158 0.1589309 0.0762704 0.0247113 0.0061995 0.0012235 0.0003050 0.0000627 0.4348190
0.8332932 0.1598939 0.1571895 0.0773337 0.0256943 0.0063860 0.0013031 0.0001516 0.0000166 0.4279687
0.8533735 0.1529840 0.1553845 0.0797541 0.0279272 0.0076203 0.0017503 0.0003925 0.0001047 0.4259177
0.8734538 0.1463728 0.1532093 0.0804125 0.0286062 0.0074956 0.0016488 0.0002680 0.0000127 0.4180259
0.8935341 0.1400473 0.1513771 0.0825736 0.0306854 0.0084668 0.0020160 0.0003481 0.0000819 0.4155963
0.9136145 0.1339952 0.1491068 0.0835936 0.0313905 0.0088753 0.0019991 0.0002999 0.0000220 0.4092824
0.9336948 0.1282045 0.1470304 0.0847959 0.0332638 0.0101636 0.0024916 0.0004398 0.0000294 0.4064189
0.9537750 0.1226641 0.1443338 0.0858578 0.0350652 0.0107157 0.0025195 0.0004414 0.0001236 0.4017211
0.9738554 0.1173632 0.1424702 0.0878871 0.0363442 0.0112723 0.0030768 0.0006884 0.0001719 0.3992741
0.9939357 0.1122913 0.1401292 0.0890636 0.0378528 0.0122933 0.0033450 0.0006091 0.0000806 0.3956648
1.0140160 0.1074386 0.1376292 0.0894728 0.0387690 0.0129414 0.0036125 0.0007942 0.0001955 0.3908532
1.0340964 0.1027957 0.1351945 0.0886146 0.0402041 0.0135531 0.0035960 0.0007740 0.0001586 0.3848906
1.0541767 0.0983533 0.1326240 0.0904995 0.0405572 0.0142084 0.0041344 0.0009632 0.0002658 0.3816059
1.0742570 0.0941030 0.1303463 0.0905977 0.0422251 0.0149391 0.0041323 0.0007852 0.0001223 0.3772510
1.0943373 0.0900363 0.1275401 0.0902031 0.0433420 0.0161674 0.0048590 0.0013015 0.0002630 0.3737123
1.1144177 0.0861454 0.1255562 0.0914104 0.0457729 0.0174275 0.0052555 0.0013627 0.0003399 0.3732704
1.1344980 0.0824226 0.1227141 0.0915645 0.0456967 0.0175583 0.0052760 0.0014603 0.0003342 0.3670268
1.1545783 0.0788607 0.1198832 0.0918772 0.0480360 0.0189410 0.0058181 0.0015205 0.0003503 0.3652869
1.1746586 0.0754527 0.1175884 0.0924023 0.0487592 0.0193680 0.0059255 0.0016515 0.0003970 0.3615445
1.1947390 0.0721920 0.1148085 0.0915169 0.0505623 0.0209438 0.0071874 0.0021009 0.0004924 0.3598042
1.2148193 0.0690722 0.1127324 0.0920986 0.0507739 0.0216862 0.0074146 0.0020736 0.0004911 0.3563428
1.2348996 0.0660873 0.1099385 0.0920925 0.0523354 0.0223845 0.0080325 0.0023318 0.0005478 0.3537503
1.2549799 0.0632313 0.1071249 0.0917770 0.0535509 0.0239558 0.0089149 0.0027689 0.0006992 0.3520228
1.2750602 0.0604988 0.1047883 0.0910770 0.0533915 0.0237460 0.0088395 0.0024836 0.0006859 0.3455104
1.2951406 0.0578843 0.1025989 0.0909442 0.0556018 0.0252262 0.0092827 0.0027135 0.0006676 0.3449193
1.3152208 0.0553828 0.0998969 0.0900330 0.0553413 0.0255738 0.0100693 0.0029872 0.0008885 0.3401729
1.3353012 0.0529894 0.0976659 0.0906374 0.0568834 0.0265194 0.0104236 0.0033042 0.0009595 0.3393830
1.3553815 0.0506995 0.0947414 0.0902281 0.0573844 0.0281846 0.0110445 0.0037478 0.0009880 0.3370182
1.3754618 0.0485085 0.0930981 0.0893770 0.0577985 0.0282927 0.0114820 0.0041757 0.0013214 0.3340539
1.3955421 0.0464122 0.0905631 0.0885266 0.0584182 0.0297466 0.0120127 0.0041793 0.0011331 0.3309914
1.4156225 0.0444065 0.0884149 0.0877537 0.0599077 0.0305408 0.0129766 0.0046595 0.0015667 0.3302265
1.4357028 0.0424875 0.0861425 0.0873590 0.0603328 0.0318542 0.0143505 0.0051801 0.0014632 0.3291696
1.4557831 0.0406514 0.0837730 0.0870658 0.0599360 0.0319181 0.0139141 0.0050235 0.0016665 0.3239483
1.4758634 0.0388946 0.0814527 0.0852996 0.0606923 0.0330572 0.0146090 0.0054769 0.0019999 0.3214822
1.4959437 0.0372138 0.0797091 0.0852731 0.0613754 0.0337551 0.0149888 0.0058445 0.0019284 0.3200881
1.5160240 0.0356056 0.0772284 0.0842747 0.0619005 0.0346434 0.0156967 0.0060424 0.0021860 0.3175776
1.5361044 0.0340669 0.0754380 0.0842765 0.0643911 0.0364399 0.0171222 0.0066774 0.0021483 0.3205604
1.5561847 0.0325947 0.0726814 0.0820995 0.0625972 0.0372642 0.0173435 0.0070436 0.0023791 0.3140031
1.5762650 0.0311861 0.0709852 0.0817062 0.0627779 0.0370396 0.0177006 0.0071011 0.0029215 0.3114183
1.5963453 0.0298384 0.0691061 0.0805191 0.0634743 0.0387508 0.0182952 0.0080275 0.0032101 0.3112214
1.6164257 0.0285489 0.0673856 0.0796952 0.0629428 0.0377201 0.0183692 0.0071651 0.0024093 0.3042363
1.6365060 0.0273152 0.0650540 0.0788541 0.0638200 0.0396444 0.0193890 0.0083254 0.0031025 0.3055045
1.6565863 0.0261347 0.0632209 0.0772353 0.0639779 0.0400302 0.0208942 0.0088096 0.0034146 0.3037177
1.6766667 0.0250053 0.0617567 0.0763869 0.0635045 0.0410406 0.0212664 0.0090756 0.0030569 0.3010930
1.6967470 0.0239247 0.0597437 0.0747593 0.0636963 0.0412664 0.0210058 0.0089538 0.0031050 0.2964551
1.7168273 0.0228908 0.0582335 0.0743943 0.0643945 0.0425585 0.0225156 0.0101172 0.0039258 0.2990299
1.7369076 0.0219016 0.0563411 0.0729553 0.0627766 0.0413237 0.0218788 0.0100194 0.0037827 0.2909793
1.7569880 0.0209551 0.0549020 0.0717002 0.0631474 0.0427549 0.0228362 0.0105428 0.0043567 0.2911953
1.7770681 0.0200495 0.0529375 0.0703688 0.0635195 0.0431882 0.0234255 0.0113243 0.0047601 0.2895733
1.7971486 0.0191831 0.0515387 0.0687642 0.0628309 0.0438430 0.0239864 0.0111704 0.0044110 0.2857277
1.8172289 0.0183541 0.0502601 0.0683017 0.0627535 0.0435191 0.0244721 0.0120684 0.0052855 0.2850147
1.8373091 0.0175609 0.0484722 0.0683537 0.0639690 0.0452093 0.0265810 0.0131180 0.0057868 0.2890508
1.8573896 0.0168020 0.0472493 0.0670213 0.0647872 0.0460634 0.0264044 0.0130075 0.0055409 0.2868760
1.8774698 0.0160759 0.0458535 0.0653154 0.0627825 0.0462324 0.0269366 0.0136759 0.0056755 0.2825479
1.8975501 0.0153812 0.0445373 0.0643137 0.0624410 0.0462193 0.0271605 0.0135713 0.0054414 0.2790656
1.9176304 0.0147165 0.0429578 0.0631164 0.0624349 0.0479566 0.0298801 0.0153297 0.0067694 0.2831613
1.9377108 0.0140805 0.0417187 0.0627378 0.0628765 0.0477394 0.0292421 0.0148606 0.0066867 0.2799424
1.9577911 0.0134720 0.0404221 0.0606466 0.0607012 0.0472829 0.0298475 0.0166369 0.0085063 0.2775154
1.9778714 0.0128898 0.0391138 0.0599451 0.0610546 0.0471591 0.0294194 0.0155617 0.0073285 0.2724720
1.9979517 0.0123328 0.0376981 0.0579242 0.0602045 0.0475597 0.0302540 0.0161121 0.0077183 0.2698035
2.0180321 0.0117998 0.0366452 0.0566640 0.0594182 0.0477671 0.0303549 0.0160580 0.0074798 0.2661871
2.0381124 0.0112899 0.0355702 0.0565298 0.0607282 0.0486700 0.0315364 0.0171214 0.0080488 0.2694947
2.0581927 0.0108020 0.0345800 0.0553538 0.0600892 0.0486761 0.0324062 0.0176634 0.0088328 0.2684036
2.0782731 0.0103352 0.0332795 0.0538064 0.0583215 0.0484847 0.0328232 0.0186230 0.0092821 0.2649558
2.0983534 0.0098886 0.0322066 0.0521144 0.0565104 0.0475002 0.0325316 0.0187796 0.0089702 0.2585015
2.1184337 0.0094612 0.0311328 0.0514979 0.0569919 0.0482069 0.0339635 0.0194701 0.0100334 0.2607577
2.1385140 0.0090523 0.0303035 0.0507338 0.0569567 0.0492088 0.0346507 0.0199366 0.0099431 0.2607856
2.1585944 0.0086612 0.0294147 0.0499287 0.0572514 0.0494656 0.0348032 0.0200584 0.0101620 0.2597452
2.1786747 0.0082869 0.0283094 0.0481759 0.0565466 0.0497886 0.0349853 0.0214442 0.0114786 0.2590155
2.1987550 0.0079287 0.0274696 0.0469562 0.0547820 0.0480997 0.0347008 0.0208067 0.0105985 0.2513425
2.2188353 0.0075861 0.0264769 0.0467081 0.0548364 0.0498869 0.0363445 0.0222145 0.0116850 0.2557385
2.2389157 0.0072583 0.0258605 0.0458370 0.0548233 0.0499176 0.0366021 0.0227110 0.0123802 0.2553900
2.2589958 0.0069446 0.0248058 0.0442205 0.0533822 0.0485166 0.0354887 0.0220123 0.0119163 0.2472870
2.2790761 0.0066445 0.0238032 0.0428571 0.0527181 0.0494379 0.0375112 0.0235935 0.0132125 0.2497781
2.2991564 0.0063573 0.0230696 0.0420949 0.0520805 0.0493340 0.0367244 0.0235951 0.0138759 0.2471318
2.3192369 0.0060826 0.0223288 0.0415431 0.0518752 0.0490162 0.0365991 0.0236550 0.0130112 0.2441113
2.3393172 0.0058198 0.0215550 0.0398671 0.0505347 0.0485572 0.0374750 0.0242931 0.0136402 0.2417419
2.3593975 0.0055683 0.0209656 0.0398721 0.0509447 0.0490963 0.0385272 0.0255069 0.0146397 0.2451208
2.3794777 0.0053276 0.0201572 0.0381238 0.0488906 0.0479060 0.0381140 0.0255270 0.0148138 0.2388599
2.3995581 0.0050974 0.0197140 0.0376526 0.0487791 0.0478362 0.0374570 0.0248838 0.0138759 0.2352960
2.4196384 0.0048771 0.0188279 0.0364292 0.0477470 0.0467085 0.0387045 0.0258072 0.0149169 0.2340182
2.4397187 0.0046663 0.0184701 0.0363788 0.0482439 0.0482289 0.0385720 0.0261842 0.0156147 0.2363589
2.4597992 0.0044647 0.0178102 0.0352688 0.0471478 0.0473034 0.0392520 0.0268972 0.0165327 0.2346767
2.4798795 0.0042717 0.0169453 0.0341731 0.0463135 0.0473271 0.0398861 0.0291290 0.0179286 0.2359747
2.4999597 0.0040871 0.0164431 0.0331289 0.0450078 0.0462923 0.0389425 0.0271535 0.0158308 0.2268860
2.5200400 0.0039105 0.0160160 0.0327661 0.0451295 0.0473119 0.0386811 0.0273239 0.0169345 0.2280738
2.5401204 0.0037415 0.0153380 0.0318888 0.0443315 0.0470201 0.0392361 0.0279143 0.0169199 0.2263902
2.5602007 0.0035798 0.0150073 0.0309599 0.0435808 0.0462034 0.0393557 0.0280530 0.0176281 0.2243680
2.5802810 0.0034251 0.0143753 0.0303030 0.0433699 0.0467497 0.0407177 0.0298182 0.0182320 0.2269911
2.6003614 0.0032771 0.0137953 0.0294713 0.0414937 0.0450353 0.0398555 0.0293426 0.0185169 0.2207875
2.6204418 0.0031355 0.0134570 0.0289254 0.0411625 0.0445698 0.0396977 0.0292248 0.0182875 0.2184601
2.6405220 0.0030000 0.0130227 0.0278952 0.0407965 0.0452018 0.0403384 0.0300123 0.0187148 0.2189817
2.6606024 0.0028703 0.0124908 0.0276834 0.0405445 0.0452305 0.0399194 0.0301339 0.0201749 0.2190477
2.6806827 0.0027463 0.0119616 0.0266615 0.0390840 0.0441665 0.0399136 0.0296553 0.0203281 0.2145169
2.7007630 0.0026276 0.0115347 0.0255995 0.0385213 0.0435724 0.0396147 0.0304910 0.0202319 0.2121933
2.7208433 0.0025141 0.0112757 0.0249408 0.0378377 0.0429617 0.0391586 0.0302239 0.0199428 0.2088551
2.7409237 0.0024054 0.0109704 0.0250836 0.0374936 0.0432537 0.0403045 0.0318708 0.0207946 0.2121766
2.7610040 0.0023015 0.0105518 0.0238130 0.0364258 0.0427727 0.0398345 0.0314901 0.0215173 0.2087067
2.7810843 0.0022020 0.0100657 0.0231112 0.0358708 0.0416332 0.0395900 0.0317367 0.0227384 0.2069482
2.8011647 0.0021068 0.0096659 0.0227706 0.0358298 0.0421888 0.0399241 0.0313659 0.0216783 0.2055303
2.8212450 0.0020158 0.0094868 0.0222925 0.0349876 0.0417997 0.0402560 0.0322186 0.0228832 0.2059401
2.8413253 0.0019287 0.0091088 0.0216775 0.0345765 0.0413369 0.0405068 0.0342211 0.0248405 0.2081970
2.8614056 0.0018453 0.0087049 0.0210340 0.0330384 0.0400471 0.0391786 0.0323103 0.0231486 0.1993071
2.8814859 0.0017656 0.0084712 0.0202087 0.0332127 0.0404682 0.0401142 0.0335738 0.0236435 0.2014580
2.9015663 0.0016893 0.0081535 0.0196113 0.0320610 0.0401182 0.0393940 0.0328256 0.0239268 0.1977797
2.9216464 0.0016163 0.0078723 0.0190432 0.0310832 0.0384621 0.0379278 0.0321690 0.0229753 0.1911490
2.9417267 0.0015464 0.0075747 0.0187560 0.0306942 0.0387132 0.0392826 0.0328975 0.0238836 0.1933481
2.9618070 0.0014796 0.0073292 0.0183424 0.0303260 0.0379796 0.0387822 0.0331638 0.0251591 0.1925620
2.9818874 0.0014157 0.0071372 0.0178181 0.0297036 0.0378472 0.0390238 0.0341321 0.0257302 0.1928081
3.0019677 0.0013545 0.0067586 0.0170194 0.0290490 0.0371820 0.0396473 0.0344653 0.0261050 0.1915811
3.0220480 0.0012960 0.0065492 0.0165650 0.0284015 0.0370310 0.0385545 0.0336440 0.0257906 0.1878316
3.0421284 0.0012400 0.0064256 0.0166842 0.0284578 0.0369903 0.0389881 0.0349832 0.0262500 0.1900191
3.0622087 0.0011864 0.0061019 0.0155933 0.0267845 0.0352717 0.0370485 0.0329601 0.0257032 0.1806498
3.0822890 0.0011351 0.0057912 0.0153005 0.0271509 0.0356469 0.0379239 0.0338546 0.0259639 0.1827671
3.1023694 0.0010860 0.0055973 0.0148675 0.0255993 0.0341697 0.0373201 0.0335375 0.0266345 0.1788121
3.1224497 0.0010391 0.0054336 0.0142978 0.0256307 0.0339907 0.0370794 0.0338008 0.0260425 0.1773146
3.1425300 0.0009942 0.0052614 0.0140460 0.0257020 0.0349834 0.0378419 0.0353958 0.0288721 0.1830969
3.1626104 0.0009512 0.0051035 0.0135030 0.0248186 0.0336462 0.0369056 0.0340796 0.0275538 0.1765616
3.1826907 0.0009101 0.0048342 0.0131132 0.0242643 0.0329495 0.0358955 0.0329119 0.0269280 0.1718066
3.2027709 0.0008708 0.0047567 0.0128105 0.0232506 0.0316090 0.0357505 0.0323818 0.0262435 0.1676733
3.2228514 0.0008332 0.0045312 0.0125478 0.0230090 0.0317619 0.0362722 0.0339862 0.0275683 0.1705097
3.2429317 0.0007972 0.0043904 0.0121664 0.0222366 0.0312593 0.0349419 0.0329521 0.0265285 0.1652724
3.2630120 0.0007627 0.0042871 0.0115592 0.0217916 0.0303242 0.0343050 0.0327429 0.0273940 0.1631669
3.2830923 0.0007298 0.0040678 0.0113217 0.0208530 0.0293115 0.0330343 0.0317113 0.0260763 0.1571055
3.3031727 0.0006982 0.0038738 0.0110388 0.0209493 0.0300055 0.0348907 0.0337426 0.0291520 0.1643511
3.3232529 0.0006680 0.0037405 0.0106348 0.0202464 0.0297210 0.0343239 0.0336121 0.0287352 0.1616818
3.3433332 0.0006392 0.0035969 0.0101762 0.0199978 0.0285685 0.0337287 0.0325721 0.0287623 0.1580416
3.3634137 0.0006116 0.0034647 0.0100165 0.0191238 0.0279083 0.0323230 0.0323761 0.0265772 0.1524010
3.3834940 0.0005851 0.0034072 0.0100255 0.0197525 0.0295741 0.0351896 0.0348057 0.0299212 0.1632610
3.4035743 0.0005598 0.0032790 0.0094890 0.0186272 0.0278042 0.0329611 0.0330691 0.0288019 0.1545914
3.4236546 0.0005356 0.0031347 0.0093155 0.0182314 0.0274617 0.0331474 0.0336516 0.0295895 0.1550673
3.4437349 0.0005125 0.0030647 0.0090851 0.0177781 0.0268532 0.0324052 0.0329939 0.0287156 0.1514083
3.4638152 0.0004903 0.0029367 0.0085830 0.0169800 0.0251359 0.0303352 0.0305540 0.0267099 0.1417249
3.4838955 0.0004692 0.0028035 0.0085246 0.0170696 0.0262983 0.0317207 0.0324225 0.0291907 0.1484990
3.5039759 0.0004489 0.0026548 0.0080622 0.0161625 0.0246659 0.0303152 0.0316616 0.0282877 0.1422588
3.5240562 0.0004295 0.0026090 0.0078797 0.0162890 0.0250209 0.0308759 0.0317084 0.0285994 0.1434121
3.5441364 0.0004109 0.0024592 0.0076620 0.0155211 0.0240058 0.0295105 0.0301914 0.0269363 0.1366974
3.5642166 0.0003932 0.0024579 0.0076710 0.0158422 0.0245829 0.0306047 0.0312221 0.0275755 0.1403497
3.5842969 0.0003762 0.0022963 0.0070367 0.0147262 0.0227545 0.0283472 0.0298353 0.0272218 0.1325942
3.6043774 0.0003599 0.0022471 0.0070391 0.0146725 0.0228771 0.0291657 0.0313710 0.0287167 0.1364492
3.6244577 0.0003444 0.0021572 0.0066756 0.0141258 0.0223463 0.0288785 0.0325758 0.0309023 0.1380059
3.6445380 0.0003295 0.0020925 0.0067494 0.0143847 0.0232557 0.0301706 0.0323754 0.0303781 0.1397359
3.6646184 0.0003152 0.0020005 0.0061491 0.0131763 0.0208549 0.0271436 0.0293925 0.0272410 0.1262730
3.6846987 0.0003016 0.0019459 0.0060301 0.0129947 0.0208866 0.0268086 0.0291982 0.0272783 0.1254442
3.7047789 0.0002886 0.0018375 0.0058980 0.0126544 0.0206201 0.0266069 0.0296177 0.0284794 0.1260027
3.7248592 0.0002761 0.0017746 0.0056969 0.0120787 0.0203227 0.0264790 0.0294755 0.0278822 0.1239855
3.7449397 0.0002642 0.0017273 0.0054276 0.0119021 0.0200736 0.0262592 0.0296715 0.0287248 0.1240504
3.7650200 0.0002528 0.0016811 0.0054463 0.0117349 0.0191523 0.0253162 0.0283183 0.0272560 0.1191578
3.7851003 0.0002418 0.0015976 0.0050958 0.0113441 0.0190037 0.0254805 0.0291697 0.0286194 0.1205528
3.8051806 0.0002314 0.0014761 0.0047482 0.0106142 0.0176915 0.0234161 0.0265238 0.0251024 0.1098035
3.8252609 0.0002214 0.0014623 0.0049433 0.0111748 0.0187420 0.0253513 0.0287104 0.0285128 0.1191182
3.8453412 0.0002118 0.0014095 0.0047288 0.0106624 0.0185030 0.0256899 0.0299855 0.0293708 0.1205616
3.8654215 0.0002027 0.0014008 0.0047558 0.0107580 0.0184014 0.0256849 0.0299784 0.0299832 0.1211653
3.8855020 0.0001939 0.0013040 0.0044081 0.0101919 0.0176094 0.0247622 0.0285714 0.0288807 0.1159217
3.9055823 0.0001855 0.0012179 0.0040527 0.0096200 0.0163846 0.0225294 0.0267760 0.0273673 0.1081335
3.9256626 0.0001775 0.0012135 0.0042468 0.0100613 0.0178755 0.0251232 0.0292383 0.0296595 0.1175955
3.9457429 0.0001698 0.0011827 0.0041167 0.0094568 0.0162141 0.0234291 0.0270822 0.0274350 0.1090865
3.9658232 0.0001625 0.0011460 0.0040208 0.0092725 0.0161099 0.0227927 0.0268934 0.0279291 0.1083270
3.9859035 0.0001555 0.0010750 0.0036831 0.0088019 0.0156110 0.0221593 0.0268261 0.0280405 0.1063523
4.0059838 0.0001488 0.0010318 0.0034125 0.0081645 0.0146685 0.0208752 0.0249019 0.0255141 0.0987173
4.0260644 0.0001423 0.0010024 0.0035973 0.0085625 0.0151729 0.0215898 0.0259545 0.0265890 0.1026108
4.0461445 0.0001362 0.0009589 0.0034401 0.0082446 0.0146840 0.0216466 0.0263801 0.0277480 0.1032383
4.0662250 0.0001303 0.0009123 0.0033764 0.0083339 0.0147574 0.0215252 0.0265915 0.0284588 0.1040860
4.0863051 0.0001247 0.0008882 0.0033274 0.0081424 0.0148747 0.0219504 0.0266996 0.0278301 0.1038375
4.1063856 0.0001193 0.0008756 0.0030849 0.0074405 0.0135690 0.0196201 0.0240385 0.0255766 0.0943245
4.1264659 0.0001141 0.0008399 0.0031756 0.0077056 0.0139451 0.0202543 0.0253738 0.0267735 0.0981819
4.1465463 0.0001092 0.0007629 0.0028510 0.0067840 0.0125367 0.0193058 0.0238768 0.0255185 0.0917449
4.1666265 0.0001045 0.0007757 0.0028537 0.0070162 0.0132372 0.0199980 0.0248907 0.0268931 0.0957690
4.1867069 0.0001000 0.0007268 0.0027018 0.0067922 0.0126452 0.0191346 0.0245156 0.0271841 0.0938004
4.2067871 0.0000956 0.0006863 0.0025941 0.0063892 0.0117274 0.0176975 0.0224533 0.0244343 0.0860774
4.2268676 0.0000915 0.0006772 0.0025185 0.0063453 0.0119274 0.0176844 0.0220513 0.0240009 0.0852963
4.2469478 0.0000876 0.0006677 0.0025856 0.0064840 0.0123459 0.0189880 0.0245607 0.0270722 0.0927917
4.2670283 0.0000838 0.0006318 0.0023437 0.0060433 0.0112711 0.0167567 0.0215813 0.0238065 0.0825183
4.2871084 0.0000801 0.0006003 0.0022327 0.0056004 0.0104727 0.0161096 0.0208217 0.0230622 0.0789799
4.3071890 0.0000767 0.0005812 0.0021582 0.0056524 0.0109800 0.0170831 0.0224662 0.0254835 0.0844813
4.3272691 0.0000734 0.0005585 0.0021237 0.0053929 0.0106303 0.0168993 0.0220039 0.0253785 0.0830605
4.3473496 0.0000702 0.0005492 0.0021145 0.0055023 0.0106824 0.0164987 0.0216518 0.0245066 0.0815756
4.3674297 0.0000672 0.0005046 0.0018741 0.0048119 0.0092725 0.0146029 0.0195941 0.0225233 0.0732507
4.3875102 0.0000643 0.0005075 0.0019332 0.0049228 0.0095553 0.0152894 0.0206264 0.0236107 0.0765095
4.4075904 0.0000615 0.0004757 0.0019531 0.0051506 0.0103656 0.0163428 0.0216677 0.0249342 0.0809513
4.4276709 0.0000588 0.0004783 0.0018632 0.0048947 0.0099289 0.0162612 0.0217305 0.0250662 0.0802820
4.4477510 0.0000563 0.0004372 0.0017604 0.0047475 0.0094702 0.0155917 0.0211959 0.0248413 0.0781006
4.4678315 0.0000539 0.0004114 0.0017128 0.0044674 0.0090617 0.0143687 0.0193135 0.0221650 0.0715543
4.4879117 0.0000515 0.0004300 0.0015987 0.0043270 0.0090468 0.0147536 0.0201996 0.0237703 0.0741776
4.5079918 0.0000493 0.0003947 0.0015897 0.0042344 0.0086238 0.0143060 0.0195703 0.0228442 0.0716124
4.5280724 0.0000472 0.0003812 0.0015686 0.0041995 0.0083627 0.0135221 0.0188084 0.0223121 0.0692019
4.5481524 0.0000451 0.0003806 0.0014675 0.0040335 0.0082678 0.0136453 0.0188727 0.0224493 0.0691616
4.5682330 0.0000432 0.0003404 0.0014662 0.0039542 0.0079004 0.0134139 0.0185642 0.0224808 0.0681633
4.5883131 0.0000413 0.0003435 0.0014042 0.0038427 0.0079611 0.0132271 0.0181706 0.0215438 0.0665342
4.6083937 0.0000395 0.0003151 0.0013722 0.0038208 0.0080731 0.0137036 0.0192961 0.0238778 0.0704983
4.6284739 0.0000378 0.0003274 0.0013524 0.0038433 0.0080659 0.0137142 0.0192770 0.0234851 0.0701031
4.6485543 0.0000362 0.0003092 0.0013009 0.0037902 0.0080658 0.0136995 0.0195975 0.0243715 0.0711707
4.6686344 0.0000346 0.0002789 0.0012177 0.0033927 0.0072646 0.0120502 0.0172783 0.0211096 0.0626267
4.6887149 0.0000331 0.0002914 0.0011566 0.0032098 0.0067082 0.0113443 0.0164801 0.0205099 0.0597334
4.7087952 0.0000317 0.0002651 0.0011416 0.0031569 0.0068246 0.0118848 0.0170695 0.0213402 0.0617144
4.7288755 0.0000303 0.0002535 0.0010535 0.0030887 0.0066177 0.0117143 0.0168524 0.0208586 0.0604690
4.7489558 0.0000290 0.0002410 0.0011011 0.0032596 0.0067929 0.0117376 0.0169428 0.0213878 0.0614918
4.7690363 0.0000278 0.0002474 0.0010476 0.0029556 0.0063182 0.0110342 0.0158520 0.0195946 0.0570772
4.7891164 0.0000266 0.0002380 0.0010419 0.0030330 0.0065266 0.0112601 0.0166457 0.0213088 0.0600805
4.8091968 0.0000254 0.0002294 0.0009892 0.0028614 0.0060893 0.0106768 0.0155948 0.0194966 0.0559629
4.8292770 0.0000243 0.0002036 0.0009151 0.0026872 0.0057500 0.0100263 0.0146717 0.0188948 0.0531729
4.8493576 0.0000233 0.0001932 0.0008592 0.0025239 0.0056415 0.0100843 0.0145530 0.0185271 0.0524054
4.8694377 0.0000223 0.0002014 0.0008338 0.0025410 0.0054801 0.0096876 0.0146434 0.0187373 0.0521472
4.8895183 0.0000213 0.0001856 0.0008081 0.0024762 0.0056205 0.0099273 0.0146483 0.0187866 0.0524737
4.9095984 0.0000204 0.0001727 0.0007975 0.0023362 0.0051418 0.0091155 0.0138597 0.0178813 0.0493251
4.9296789 0.0000195 0.0001744 0.0007072 0.0020705 0.0045986 0.0083161 0.0129968 0.0173370 0.0462201
4.9497590 0.0000187 0.0001806 0.0008381 0.0025282 0.0056973 0.0100307 0.0149456 0.0192935 0.0535328
4.9698395 0.0000178 0.0001675 0.0007281 0.0021674 0.0048769 0.0088803 0.0134693 0.0177261 0.0480334
4.9899197 0.0000171 0.0001653 0.0007242 0.0022178 0.0049670 0.0090525 0.0138774 0.0183500 0.0493713
5.0100001 0.0000163 0.0001428 0.0006340 0.0018775 0.0042571 0.0077420 0.0120028 0.0160195 0.0426921