-------- p=0.217 a=1.000 mu=-2.200 N=20000000 time=2017-02-23 08:00:39 --------
0.0100000 0.9780091 0.0007408 0.0000004 0.0000000 0.0000000 0.0000000 0.0000000 0.0000000 0.9787504
0.0300803 0.9353004 0.0036337 0.0000107 0.0000000 0.0000000 0.0000000 0.0000000 0.0000000 0.9389448
0.0501606 0.8944568 0.0075196 0.0000194 0.0000000 0.0000000 0.0000000 0.0000000 0.0000000 0.9019958
0.0702410 0.8553968 0.0117834 0.0000970 0.0000000 0.0000000 0.0000000 0.0000000 0.0000000 0.8672772
0.0903213 0.8180424 0.0164366 0.0001543 0.0000000 0.0000000 0.0000000 0.0000000 0.0000000 0.8346333
0.1104016 0.7823193 0.0208740 0.0002347 0.0000073 0.0000000 0.0000000 0.0000000 0.0000000 0.8034354
0.1304819 0.7481562 0.0259163 0.0004142 0.0000001 0.0000000 0.0000000 0.0000000 0.0000000 0.7744867
0.1505622 0.7154850 0.0306024 0.0007384 0.0000032 0.0000000 0.0000000 0.0000000 0.0000000 0.7468289
0.1706426 0.6842405 0.0351807 0.0009847 0.0000224 0.0000000 0.0000000 0.0000000 0.0000000 0.7204282
0.1907229 0.6543604 0.0395868 0.0012450 0.0000056 0.0000000 0.0000000 0.0000000 0.0000000 0.6951978
0.2108032 0.6257851 0.0439462 0.0016961 0.0000588 0.0000004 0.0000000 0.0000000 0.0000000 0.6714866
0.2308835 0.5984577 0.0475249 0.0018713 0.0000535 0.0000000 0.0000000 0.0000000 0.0000000 0.6479074
0.2509638 0.5723237 0.0516467 0.0021668 0.0001064 0.0000017 0.0000000 0.0000000 0.0000000 0.6262453
0.2710442 0.5473309 0.0548922 0.0029479 0.0001059 0.0000000 0.0000000 0.0000000 0.0000000 0.6052769
0.2911245 0.5234295 0.0583450 0.0033880 0.0001065 0.0000002 0.0000000 0.0000000 0.0000000 0.5852691
0.3112048 0.5005718 0.0615322 0.0039901 0.0001854 0.0000154 0.0000001 0.0000000 0.0000000 0.5662951
0.3312851 0.4787124 0.0647491 0.0042244 0.0002771 0.0000106 0.0000000 0.0000000 0.0000000 0.5479735
0.3513654 0.4578075 0.0670076 0.0051184 0.0002491 0.0000103 0.0000000 0.0000000 0.0000000 0.5301927
0.3714458 0.4378155 0.0693981 0.0057058 0.0003223 0.0000322 0.0000000 0.0000000 0.0000000 0.5132738
0.3915261 0.4186965 0.0716090 0.0061718 0.0003997 0.0000547 0.0000000 0.0000000 0.0000000 0.4969319
0.4116064 0.4004125 0.0733371 0.0066593 0.0004953 0.0000495 0.0000130 0.0000000 0.0000000 0.4809667
0.4316867 0.3829268 0.0751103 0.0074298 0.0004076 0.0000410 0.0000014 0.0000000 0.0000000 0.4659170
0.4517670 0.3662048 0.0769592 0.0082024 0.0006204 0.0000163 0.0000000 0.0000000 0.0000000 0.4520031
0.4718474 0.3502130 0.0779429 0.0087567 0.0005688 0.0000103 0.0000000 0.0000000 0.0000000 0.4374917
0.4919277 0.3349196 0.0792352 0.0094570 0.0008145 0.0000252 0.0000187 0.0000000 0.0000000 0.4244702
0.5120080 0.3202939 0.0802797 0.0101205 0.0008296 0.0000877 0.0000004 0.0000000 0.0000000 0.4116118
0.5320883 0.3063070 0.0807772 0.0109391 0.0009429 0.0000469 0.0000003 0.0000000 0.0000000 0.3990135
0.5521687 0.2929309 0.0814104 0.0109729 0.0011744 0.0000513 0.0000129 0.0000004 0.0000000 0.3865532
0.5722489 0.2801389 0.0820647 0.0122132 0.0012175 0.0000618 0.0000001 0.0000000 0.0000000 0.3756962
0.5923293 0.2679055 0.0823321 0.0127548 0.0012883 0.0001062 0.0000001 0.0000000 0.0000000 0.3643871
0.6124096 0.2562064 0.0822949 0.0136221 0.0014101 0.0000931 0.0000175 0.0000000 0.0000000 0.3536441
0.6324899 0.2450181 0.0824348 0.0138223 0.0017043 0.0001103 0.0000120 0.0000000 0.0000000 0.3431017
0.6525702 0.2343184 0.0824782 0.0144820 0.0016608 0.0000853 0.0000170 0.0000002 0.0000000 0.3330419
0.6726506 0.2240859 0.0819533 0.0150644 0.0018579 0.0002575 0.0000413 0.0000013 0.0000000 0.3232616
0.6927309 0.2143003 0.0818166 0.0156790 0.0020510 0.0002456 0.0000153 0.0000000 0.0000000 0.3141079
0.7128112 0.2049420 0.0813573 0.0162072 0.0022387 0.0002957 0.0000437 0.0000068 0.0000001 0.3050915
0.7328916 0.1959924 0.0808066 0.0170915 0.0022581 0.0002226 0.0000100 0.0000008 0.0000001 0.2963820
0.7529718 0.1874337 0.0801706 0.0169000 0.0023586 0.0002652 0.0000222 0.0000000 0.0000000 0.2871502
0.7730522 0.1792486 0.0794819 0.0184612 0.0027517 0.0003843 0.0000340 0.0000062 0.0000000 0.2803678
0.7931325 0.1714210 0.0786726 0.0181838 0.0028595 0.0004002 0.0000458 0.0000002 0.0000000 0.2715831
0.8132128 0.1639352 0.0778305 0.0187284 0.0031125 0.0003535 0.0000118 0.0000009 0.0000063 0.2639791
0.8332931 0.1567763 0.0774235 0.0193977 0.0031446 0.0003912 0.0000604 0.0000009 0.0000000 0.2571946
0.8533735 0.1499301 0.0761797 0.0199107 0.0034174 0.0004501 0.0000453 0.0000147 0.0000002 0.2499481
0.8734538 0.1433828 0.0752151 0.0199388 0.0036636 0.0004683 0.0000416 0.0000003 0.0000000 0.2427106
0.8935341 0.1371214 0.0742719 0.0204833 0.0038756 0.0006546 0.0000544 0.0000036 0.0000000 0.2364648
0.9136144 0.1311334 0.0729604 0.0212257 0.0041075 0.0006110 0.0000542 0.0000006 0.0000000 0.2300930
0.9336947 0.1254070 0.0720879 0.0205038 0.0041882 0.0005732 0.0000509 0.0000025 0.0000000 0.2228135
0.9537750 0.1199306 0.0710688 0.0207392 0.0040868 0.0006247 0.0001130 0.0000210 0.0000051 0.2165891
0.9738554 0.1146933 0.0696701 0.0213876 0.0044205 0.0006390 0.0000777 0.0000054 0.0000000 0.2108936
0.9939357 0.1096848 0.0686651 0.0216775 0.0046817 0.0007370 0.0001159 0.0000068 0.0000023 0.2055710
1.0140160 0.1048949 0.0672020 0.0220732 0.0048777 0.0008176 0.0000929 0.0000125 0.0000000 0.1999708
1.0340964 0.1003143 0.0660230 0.0224212 0.0049481 0.0008285 0.0001201 0.0000197 0.0000003 0.1946751
1.0541767 0.0959337 0.0648518 0.0227500 0.0053958 0.0010152 0.0001204 0.0000053 0.0000000 0.1900722
1.0742570 0.0917443 0.0635418 0.0225848 0.0050847 0.0007661 0.0001030 0.0000047 0.0000000 0.1838295
1.0943373 0.0877379 0.0622527 0.0224175 0.0053648 0.0009550 0.0001373 0.0000257 0.0000017 0.1788927
1.1144177 0.0839065 0.0609965 0.0226855 0.0053548 0.0011241 0.0001912 0.0000205 0.0000002 0.1742792
1.1344979 0.0802424 0.0597579 0.0227514 0.0058618 0.0011780 0.0001487 0.0000094 0.0000002 0.1699497
1.1545782 0.0767383 0.0583603 0.0227272 0.0056804 0.0011952 0.0002629 0.0000248 0.0000003 0.1649893
1.1746585 0.0733872 0.0572884 0.0223634 0.0059731 0.0011656 0.0002204 0.0000542 0.0000044 0.1604566
1.1947389 0.0701825 0.0557552 0.0222948 0.0059276 0.0013150 0.0001664 0.0000180 0.0000017 0.1556612
1.2148192 0.0671177 0.0546183 0.0224445 0.0061903 0.0013646 0.0001775 0.0000197 0.0000007 0.1519334
1.2348995 0.0641867 0.0534349 0.0223321 0.0065215 0.0014530 0.0002773 0.0000418 0.0000007 0.1482481
1.2549798 0.0613837 0.0521604 0.0227316 0.0064581 0.0014574 0.0002807 0.0000536 0.0000131 0.1445386
1.2750602 0.0587032 0.0511442 0.0228369 0.0067710 0.0015738 0.0002816 0.0000392 0.0000023 0.1413522
1.2951405 0.0561397 0.0499061 0.0218172 0.0065227 0.0015677 0.0002470 0.0000243 0.0000003 0.1362249
1.3152208 0.0536881 0.0485365 0.0221177 0.0067387 0.0016296 0.0003006 0.0000575 0.0000103 0.1330790
1.3353012 0.0513436 0.0474567 0.0219696 0.0066863 0.0015826 0.0002594 0.0000682 0.0000279 0.1293943
1.3553815 0.0491015 0.0461476 0.0220575 0.0069175 0.0016925 0.0003650 0.0000778 0.0000006 0.1263601
1.3754618 0.0469573 0.0450219 0.0221751 0.0075454 0.0019418 0.0003919 0.0000603 0.0000015 0.1240952
1.3955421 0.0449067 0.0437505 0.0214765 0.0071117 0.0017817 0.0003505 0.0001129 0.0000265 0.1195169
1.4156225 0.0429457 0.0428145 0.0212286 0.0071438 0.0017906 0.0003922 0.0000565 0.0000181 0.1163899
1.4357028 0.0410703 0.0416253 0.0213666 0.0073766 0.0019692 0.0004086 0.0000638 0.0000024 0.1138828
1.4557831 0.0392768 0.0405060 0.0206951 0.0074054 0.0019878 0.0004146 0.0000572 0.0000082 0.1103511
1.4758633 0.0375616 0.0393058 0.0208739 0.0074656 0.0020481 0.0004709 0.0000745 0.0000041 0.1078045
1.4959437 0.0359213 0.0382882 0.0207763 0.0074807 0.0021291 0.0004730 0.0000953 0.0000060 0.1051699
1.5160240 0.0343527 0.0372931 0.0205946 0.0074279 0.0020129 0.0005028 0.0000870 0.0000262 0.1022972
1.5361043 0.0328525 0.0362817 0.0198888 0.0074931 0.0020688 0.0003795 0.0000978 0.0000361 0.0990983
1.5561846 0.0314179 0.0352600 0.0198742 0.0075173 0.0022687 0.0004865 0.0000887 0.0000024 0.0969156
1.5762650 0.0300459 0.0343215 0.0190071 0.0070212 0.0021275 0.0005383 0.0000990 0.0000172 0.0931777
1.5963453 0.0287338 0.0333366 0.0195704 0.0078289 0.0023929 0.0005455 0.0000816 0.0000095 0.0924991
1.6164256 0.0274790 0.0323221 0.0193723 0.0077117 0.0022212 0.0006394 0.0001345 0.0000178 0.0898980
1.6365060 0.0262791 0.0313772 0.0188615 0.0077871 0.0023241 0.0005445 0.0001236 0.0000440 0.0873410
1.6565863 0.0251315 0.0306088 0.0186812 0.0077618 0.0025004 0.0006210 0.0001087 0.0000256 0.0854389
1.6766666 0.0240340 0.0296762 0.0185116 0.0077502 0.0024901 0.0007193 0.0001214 0.0000308 0.0833334
1.6967469 0.0229845 0.0287944 0.0181718 0.0076128 0.0024965 0.0006572 0.0001300 0.0000112 0.0808584
1.7168273 0.0219808 0.0279685 0.0177675 0.0076906 0.0024695 0.0005801 0.0001154 0.0000291 0.0786016
1.7369076 0.0210209 0.0272425 0.0177073 0.0077757 0.0026721 0.0007260 0.0001430 0.0000356 0.0773230
1.7569879 0.0201029 0.0263099 0.0172744 0.0077034 0.0025589 0.0006887 0.0001374 0.0000254 0.0748010
1.7770681 0.0192251 0.0255840 0.0171111 0.0076308 0.0027390 0.0007620 0.0001799 0.0000376 0.0732694
1.7971485 0.0183855 0.0247848 0.0168367 0.0076719 0.0028423 0.0007574 0.0001672 0.0000570 0.0715030
1.8172288 0.0175826 0.0240357 0.0164598 0.0075187 0.0026156 0.0007015 0.0001335 0.0000380 0.0690855
1.8373091 0.0168148 0.0232654 0.0162219 0.0076784 0.0028146 0.0008469 0.0001337 0.0000332 0.0678089
1.8573895 0.0160805 0.0226428 0.0160159 0.0076447 0.0028616 0.0008087 0.0002190 0.0000653 0.0663386
1.8774698 0.0153783 0.0219428 0.0156629 0.0075936 0.0028050 0.0009040 0.0001922 0.0000397 0.0645186
1.8975501 0.0147068 0.0212503 0.0154787 0.0076364 0.0029535 0.0009928 0.0002392 0.0000551 0.0633126
1.9176304 0.0140645 0.0206251 0.0151543 0.0074670 0.0027950 0.0008367 0.0001741 0.0000444 0.0611612
1.9377108 0.0134503 0.0200339 0.0147935 0.0074580 0.0028830 0.0009012 0.0001869 0.0000475 0.0597543
1.9577911 0.0128630 0.0192923 0.0146716 0.0076444 0.0028975 0.0009537 0.0002137 0.0000565 0.0585927
1.9778714 0.0123013 0.0187804 0.0146691 0.0074829 0.0029303 0.0009174 0.0002264 0.0000381 0.0573459
1.9979517 0.0117641 0.0181274 0.0139410 0.0072390 0.0028448 0.0008871 0.0002489 0.0000453 0.0550975
2.0180321 0.0112504 0.0174825 0.0135815 0.0070745 0.0027924 0.0009019 0.0002442 0.0000486 0.0533759
2.0381124 0.0107591 0.0169327 0.0135896 0.0073402 0.0030616 0.0009829 0.0002340 0.0000732 0.0529733
2.0581927 0.0102892 0.0163899 0.0135199 0.0074608 0.0028784 0.0009620 0.0002891 0.0000732 0.0518625
2.0782731 0.0098399 0.0159375 0.0128045 0.0070335 0.0028995 0.0009089 0.0002717 0.0000667 0.0497622
2.0983534 0.0094102 0.0153259 0.0126539 0.0070801 0.0029696 0.0009467 0.0002421 0.0000494 0.0486780
2.1184337 0.0089993 0.0148572 0.0123405 0.0067762 0.0029018 0.0009658 0.0002615 0.0000566 0.0471589
2.1385140 0.0086063 0.0143100 0.0119617 0.0067292 0.0028312 0.0009710 0.0002916 0.0001023 0.0458033
2.1585944 0.0082305 0.0139869 0.0118685 0.0068669 0.0029690 0.0011145 0.0003163 0.0000599 0.0454125
2.1786747 0.0078710 0.0134844 0.0115947 0.0065416 0.0027756 0.0010235 0.0003040 0.0000623 0.0436573
2.1987550 0.0075273 0.0129931 0.0113440 0.0066368 0.0029619 0.0011284 0.0003254 0.0000876 0.0430045
2.2188354 0.0071986 0.0126482 0.0111596 0.0065310 0.0028731 0.0010555 0.0003367 0.0000847 0.0418874
2.2389157 0.0068843 0.0121757 0.0108258 0.0065635 0.0029192 0.0010604 0.0003657 0.0000851 0.0408796
2.2589958 0.0065836 0.0117863 0.0105953 0.0063422 0.0029051 0.0010586 0.0003295 0.0000921 0.0396928
2.2790761 0.0062961 0.0113725 0.0104880 0.0063949 0.0029727 0.0011440 0.0003421 0.0000881 0.0390985
2.2991564 0.0060212 0.0110623 0.0101341 0.0062164 0.0029263 0.0010884 0.0003289 0.0000816 0.0378591
2.3192368 0.0057582 0.0106299 0.0098649 0.0063181 0.0029062 0.0010743 0.0003557 0.0000807 0.0369882
2.3393171 0.0055068 0.0102812 0.0095188 0.0059495 0.0028214 0.0010743 0.0003648 0.0001145 0.0356312
2.3593974 0.0052663 0.0099312 0.0093199 0.0059150 0.0029011 0.0011422 0.0003559 0.0001077 0.0349394
2.3794777 0.0050363 0.0095945 0.0092298 0.0061145 0.0029808 0.0011326 0.0003661 0.0001328 0.0345874
2.3995581 0.0048164 0.0092868 0.0090247 0.0058308 0.0029616 0.0012096 0.0003878 0.0001011 0.0336187
2.4196384 0.0046061 0.0089195 0.0085425 0.0057563 0.0029684 0.0011511 0.0003716 0.0001001 0.0324156
2.4397187 0.0044049 0.0086433 0.0084468 0.0057257 0.0029117 0.0011967 0.0004316 0.0001160 0.0318768
2.4597991 0.0042126 0.0083346 0.0082354 0.0055773 0.0028824 0.0011903 0.0004463 0.0001284 0.0310072
2.4798794 0.0040286 0.0080528 0.0080429 0.0054227 0.0028011 0.0011505 0.0003992 0.0001130 0.0300108
2.4999597 0.0038527 0.0077704 0.0077956 0.0054640 0.0027869 0.0012364 0.0004278 0.0001368 0.0294706
2.5200400 0.0036844 0.0074896 0.0076672 0.0053371 0.0027804 0.0011998 0.0004195 0.0001437 0.0287219
2.5401204 0.0035235 0.0072376 0.0074780 0.0053281 0.0027676 0.0011477 0.0003620 0.0001269 0.0279713
2.5602007 0.0033697 0.0070429 0.0072875 0.0050053 0.0026714 0.0011803 0.0004298 0.0001210 0.0271079
2.5802810 0.0032225 0.0067766 0.0071834 0.0051002 0.0027061 0.0011431 0.0004322 0.0001390 0.0267031
2.6003613 0.0030818 0.0065125 0.0070019 0.0048932 0.0026608 0.0011273 0.0004013 0.0001298 0.0258085
2.6204417 0.0029472 0.0063066 0.0068758 0.0049914 0.0027424 0.0011641 0.0004356 0.0001420 0.0256052
2.6405220 0.0028185 0.0060835 0.0066475 0.0049332 0.0027070 0.0012667 0.0004757 0.0001667 0.0250988
2.6606023 0.0026954 0.0058656 0.0064050 0.0046782 0.0026251 0.0012098 0.0004493 0.0001699 0.0240984
2.6806827 0.0025777 0.0056394 0.0062357 0.0047159 0.0026827 0.0012224 0.0004165 0.0001285 0.0236188
2.7007630 0.0024652 0.0054571 0.0061209 0.0047143 0.0027121 0.0012535 0.0004847 0.0001618 0.0233696
2.7208433 0.0023575 0.0053087 0.0059857 0.0046162 0.0027429 0.0012586 0.0005597 0.0002392 0.0230686
2.7409236 0.0022546 0.0051134 0.0057900 0.0045231 0.0024757 0.0012005 0.0004701 0.0001434 0.0219708
2.7610040 0.0021561 0.0049188 0.0057563 0.0043930 0.0025276 0.0011649 0.0004209 0.0001456 0.0214833
2.7810843 0.0020620 0.0047672 0.0054743 0.0042501 0.0024674 0.0012006 0.0004937 0.0001890 0.0209042
2.8011646 0.0019719 0.0045948 0.0052248 0.0041191 0.0024154 0.0011461 0.0004839 0.0001650 0.0201210
2.8212450 0.0018858 0.0044147 0.0052027 0.0040055 0.0023804 0.0010963 0.0004301 0.0001518 0.0195671
2.8413253 0.0018034 0.0042278 0.0051022 0.0041379 0.0024949 0.0011509 0.0004631 0.0001639 0.0195440
2.8614056 0.0017247 0.0041192 0.0049219 0.0039504 0.0024142 0.0012073 0.0004938 0.0001973 0.0190288
2.8814859 0.0016494 0.0039096 0.0047237 0.0037671 0.0023149 0.0011333 0.0004864 0.0001859 0.0181704
2.9015663 0.0015774 0.0038133 0.0046848 0.0037063 0.0022761 0.0011095 0.0004567 0.0001484 0.0177724
2.9216464 0.0015085 0.0036676 0.0044948 0.0036152 0.0022923 0.0011691 0.0004811 0.0001581 0.0173867
2.9417267 0.0014426 0.0035435 0.0043505 0.0035620 0.0022348 0.0010896 0.0004568 0.0001639 0.0168437
2.9618070 0.0013796 0.0034308 0.0042266 0.0035651 0.0022029 0.0011536 0.0005092 0.0002059 0.0166737
2.9818873 0.0013194 0.0032981 0.0041683 0.0035299 0.0022568 0.0011822 0.0005127 0.0001989 0.0164663
3.0019677 0.0012617 0.0031977 0.0040409 0.0033969 0.0021988 0.0010784 0.0004826 0.0001863 0.0158435
3.0220480 0.0012066 0.0030534 0.0038691 0.0033689 0.0021995 0.0011513 0.0005156 0.0002058 0.0155703
3.0421283 0.0011539 0.0029335 0.0038338 0.0032308 0.0020686 0.0011034 0.0005416 0.0001918 0.0150574
3.0622087 0.0011036 0.0028568 0.0036944 0.0031760 0.0020527 0.0010725 0.0004411 0.0001668 0.0145639
3.0822890 0.0010554 0.0027355 0.0035404 0.0031008 0.0020139 0.0010916 0.0005296 0.0002117 0.0142789
3.1023693 0.0010093 0.0026389 0.0034317 0.0029671 0.0019514 0.0010476 0.0004723 0.0001811 0.0136993
3.1224496 0.0009652 0.0025293 0.0033896 0.0030502 0.0020430 0.0010808 0.0004591 0.0001852 0.0137024
3.1425300 0.0009231 0.0024555 0.0032127 0.0029106 0.0019619 0.0010632 0.0005080 0.0001960 0.0132309
3.1626103 0.0008827 0.0023494 0.0031987 0.0028263 0.0018985 0.0010777 0.0005116 0.0002015 0.0129464
3.1826906 0.0008442 0.0022696 0.0031085 0.0028239 0.0019195 0.0010098 0.0004701 0.0001865 0.0126320
3.2027709 0.0008073 0.0021915 0.0029199 0.0026926 0.0018361 0.0010603 0.0005206 0.0001958 0.0122243
3.2228513 0.0007721 0.0021018 0.0028903 0.0026964 0.0018923 0.0010612 0.0004983 0.0001841 0.0120966
