-------- p=0.870 a=2.000 mu=-2.200 N=20000000 time=2017-02-23 07:05:08 --------
0.0100000 0.9745488 0.0014512 0.0000000 0.0000000 0.0000000 0.0000000 0.0000000 0.0000000 0.9760000
0.0300803 0.9253815 0.0072610 0.0000589 0.0000000 0.0000000 0.0000000 0.0000000 0.0000000 0.9327014
0.0501606 0.8786947 0.0148168 0.0001137 0.0000000 0.0000000 0.0000000 0.0000000 0.0000000 0.8936253
0.0702410 0.8343634 0.0231269 0.0002997 0.0000002 0.0000000 0.0000000 0.0000000 0.0000000 0.8577902
0.0903213 0.7922686 0.0319399 0.0007066 0.0000514 0.0000000 0.0000000 0.0000000 0.0000000 0.8249665
0.1104016 0.7522976 0.0409786 0.0010620 0.0000336 0.0000158 0.0000000 0.0000000 0.0000000 0.7943876
0.1304819 0.7143432 0.0495944 0.0018324 0.0000264 0.0000000 0.0000000 0.0000000 0.0000000 0.7657964
0.1505622 0.6783036 0.0581754 0.0023790 0.0000661 0.0000011 0.0000000 0.0000000 0.0000000 0.7389253
0.1706426 0.6440823 0.0666190 0.0033157 0.0000662 0.0000000 0.0000000 0.0000000 0.0000000 0.7140832
0.1907229 0.6115874 0.0741409 0.0043843 0.0002608 0.0000065 0.0000000 0.0000000 0.0000000 0.6903800
0.2108032 0.5807320 0.0817919 0.0058136 0.0002174 0.0000052 0.0000006 0.0000000 0.0000000 0.6685608
0.2308835 0.5514333 0.0881640 0.0072022 0.0003157 0.0000218 0.0000000 0.0000000 0.0000000 0.6471371
0.2509638 0.5236128 0.0950123 0.0088010 0.0007645 0.0000276 0.0000070 0.0000000 0.0000000 0.6282252
0.2710442 0.4971958 0.1009628 0.0103346 0.0006263 0.0000259 0.0000004 0.0000000 0.0000000 0.6091459
0.2911245 0.4721116 0.1059770 0.0123020 0.0009971 0.0000424 0.0000000 0.0000000 0.0000000 0.5914301
0.3112048 0.4482930 0.1106933 0.0134649 0.0011924 0.0000332 0.0000000 0.0000000 0.0000000 0.5736768
0.3312851 0.4256760 0.1152645 0.0157067 0.0015729 0.0001064 0.0000018 0.0000000 0.0000000 0.5583283
0.3513654 0.4042000 0.1192488 0.0175661 0.0018234 0.0002014 0.0000487 0.0000057 0.0000001 0.5430943
0.3714458 0.3838076 0.1225473 0.0201006 0.0021773 0.0001652 0.0000194 0.0000001 0.0000000 0.5288174
0.3915261 0.3644440 0.1256656 0.0219484 0.0025862 0.0002338 0.0000724 0.0000012 0.0000000 0.5149516
0.4116064 0.3460573 0.1282534 0.0247097 0.0031260 0.0002635 0.0000090 0.0000004 0.0000000 0.5024193
0.4316867 0.3285983 0.1304000 0.0263777 0.0034748 0.0003264 0.0000113 0.0000000 0.0000000 0.4891884
0.4517670 0.3120200 0.1319765 0.0281256 0.0041486 0.0003677 0.0000075 0.0000000 0.0000000 0.4766460
0.4718474 0.2962782 0.1333662 0.0303581 0.0045543 0.0004268 0.0000266 0.0000000 0.0000000 0.4650103
0.4919277 0.2813306 0.1342516 0.0318699 0.0051099 0.0005950 0.0000839 0.0000223 0.0000000 0.4532632
0.5120080 0.2671371 0.1348453 0.0343700 0.0061184 0.0008228 0.0000957 0.0000001 0.0000000 0.4433894
0.5320883 0.2536596 0.1350465 0.0356885 0.0062976 0.0008040 0.0000618 0.0000117 0.0000001 0.4315698
0.5521687 0.2408622 0.1352342 0.0383061 0.0075527 0.0010162 0.0000964 0.0000073 0.0000000 0.4230750
0.5722489 0.2287104 0.1348283 0.0400061 0.0084636 0.0014604 0.0001631 0.0000017 0.0000002 0.4136337
0.5923293 0.2171716 0.1343955 0.0422396 0.0090072 0.0017000 0.0001836 0.0000288 0.0000021 0.4047284
0.6124096 0.2062150 0.1338818 0.0437546 0.0095780 0.0016678 0.0001923 0.0000130 0.0000001 0.3953027
0.6324899 0.1958112 0.1325085 0.0452450 0.0106873 0.0018985 0.0002787 0.0000192 0.0000000 0.3864484
0.6525702 0.1859322 0.1318051 0.0471430 0.0114964 0.0020878 0.0002718 0.0000115 0.0000000 0.3787478
0.6726506 0.1765517 0.1304412 0.0487157 0.0125417 0.0024153 0.0003482 0.0000235 0.0000003 0.3710378
0.6927309 0.1676444 0.1287628 0.0502203 0.0127289 0.0025217 0.0004498 0.0000550 0.0000004 0.3623834
0.7128112 0.1591865 0.1271913 0.0518627 0.0145059 0.0029671 0.0006597 0.0000895 0.0001156 0.3565783
0.7328916 0.1511554 0.1257692 0.0529239 0.0150610 0.0030636 0.0005173 0.0001204 0.0000022 0.3486131
0.7529718 0.1435294 0.1238965 0.0536863 0.0161322 0.0034573 0.0006138 0.0002782 0.0000500 0.3416437
0.7730522 0.1362881 0.1221140 0.0565755 0.0172080 0.0037698 0.0006431 0.0000761 0.0000017 0.3366763
0.7931325 0.1294122 0.1194535 0.0562440 0.0177622 0.0042031 0.0008870 0.0002001 0.0000116 0.3281737
0.8132128 0.1228832 0.1181494 0.0570303 0.0186304 0.0045846 0.0009935 0.0000691 0.0000004 0.3223409
0.8332931 0.1166836 0.1157682 0.0568823 0.0193420 0.0049637 0.0011647 0.0001560 0.0000161 0.3149766
0.8533735 0.1107967 0.1132105 0.0592971 0.0204692 0.0052670 0.0011558 0.0001592 0.0000088 0.3103643
0.8734538 0.1052069 0.1114400 0.0591644 0.0215382 0.0059860 0.0011995 0.0002596 0.0000306 0.3048251
0.8935341 0.0998991 0.1087563 0.0589338 0.0223107 0.0062337 0.0011464 0.0002748 0.0000585 0.2976133
0.9136144 0.0948590 0.1067811 0.0618761 0.0239102 0.0071778 0.0016901 0.0003344 0.0000143 0.2966430
0.9336947 0.0900732 0.1041793 0.0606727 0.0242846 0.0071878 0.0018335 0.0003978 0.0001083 0.2887372
0.9537750 0.0855289 0.1020573 0.0612610 0.0255116 0.0078910 0.0021647 0.0004288 0.0001325 0.2849758
0.9738554 0.0812139 0.0994569 0.0617252 0.0260731 0.0081218 0.0022475 0.0003952 0.0000761 0.2793096
0.9939357 0.0771165 0.0972888 0.0615062 0.0260398 0.0083534 0.0023887 0.0005847 0.0000926 0.2733708
1.0140160 0.0732259 0.0951110 0.0619967 0.0273262 0.0095718 0.0026756 0.0006272 0.0001061 0.2706405
1.0340964 0.0695315 0.0928473 0.0630762 0.0285218 0.0101375 0.0028244 0.0005327 0.0000616 0.2675329
1.0541767 0.0660236 0.0899809 0.0633264 0.0297394 0.0108125 0.0033444 0.0009482 0.0001691 0.2643445
1.0742570 0.0626926 0.0878459 0.0615984 0.0299116 0.0109136 0.0035921 0.0008394 0.0001276 0.2575212
1.0943373 0.0595297 0.0855586 0.0630025 0.0305935 0.0120845 0.0035978 0.0009693 0.0002572 0.2555930
1.1144177 0.0565263 0.0832008 0.0615983 0.0311514 0.0117686 0.0037760 0.0008536 0.0001958 0.2490709
1.1344979 0.0536745 0.0808139 0.0613740 0.0317580 0.0123155 0.0043575 0.0012124 0.0002679 0.2457736
1.1545782 0.0509666 0.0788858 0.0605319 0.0323341 0.0128480 0.0040093 0.0010396 0.0002253 0.2408407
1.1746585 0.0483952 0.0764918 0.0611481 0.0335125 0.0134831 0.0043602 0.0011773 0.0002248 0.2387931
1.1947389 0.0459536 0.0740774 0.0606908 0.0333635 0.0149113 0.0049005 0.0014358 0.0003043 0.2356372
1.2148192 0.0436352 0.0723100 0.0608288 0.0347669 0.0145818 0.0054017 0.0015199 0.0004986 0.2335429
1.2348995 0.0414337 0.0698472 0.0596707 0.0347696 0.0150277 0.0055099 0.0017415 0.0003373 0.2283376
1.2549798 0.0393434 0.0680344 0.0587851 0.0355111 0.0159682 0.0057362 0.0018878 0.0004784 0.2257446
1.2750602 0.0373584 0.0657609 0.0589152 0.0355868 0.0158642 0.0059119 0.0017648 0.0004867 0.2216490
1.2951405 0.0354736 0.0638997 0.0581551 0.0356733 0.0169272 0.0066823 0.0022526 0.0006667 0.2197305
1.3152208 0.0336840 0.0618889 0.0569610 0.0365092 0.0170623 0.0065677 0.0022569 0.0007409 0.2156708
1.3353012 0.0319845 0.0601359 0.0568987 0.0363066 0.0174442 0.0070416 0.0022209 0.0006548 0.2126873
1.3553815 0.0303709 0.0580293 0.0559789 0.0363406 0.0181033 0.0068421 0.0025055 0.0006815 0.2088520
1.3754618 0.0288386 0.0562309 0.0548314 0.0364839 0.0183390 0.0077773 0.0028278 0.0009499 0.2062788
1.3955421 0.0273837 0.0546951 0.0545230 0.0366107 0.0189200 0.0076142 0.0023675 0.0008566 0.2029707
1.4156225 0.0260021 0.0527581 0.0538479 0.0375282 0.0200555 0.0085986 0.0033845 0.0011996 0.2033746
1.4357028 0.0246903 0.0509549 0.0530010 0.0366729 0.0192402 0.0083257 0.0029647 0.0010099 0.1968596
1.4557831 0.0234446 0.0491743 0.0514728 0.0369039 0.0206647 0.0093048 0.0035513 0.0012230 0.1957395
1.4758633 0.0222618 0.0473916 0.0504050 0.0366959 0.0200191 0.0091941 0.0039542 0.0014313 0.1913532
1.4959437 0.0211387 0.0458755 0.0504163 0.0374171 0.0212852 0.0098732 0.0037891 0.0011573 0.1909525
1.5160240 0.0200722 0.0444785 0.0489314 0.0365849 0.0209983 0.0098658 0.0040231 0.0013622 0.1863163
1.5361043 0.0190595 0.0429119 0.0473549 0.0362878 0.0207839 0.0098359 0.0038621 0.0011345 0.1812305
1.5561846 0.0180980 0.0415207 0.0478551 0.0375746 0.0218299 0.0107771 0.0043489 0.0017180 0.1837222
1.5762650 0.0171849 0.0402169 0.0461323 0.0367909 0.0220857 0.0107043 0.0043129 0.0014251 0.1788529
1.5963453 0.0163179 0.0386516 0.0457948 0.0362779 0.0225218 0.0115619 0.0047526 0.0018031 0.1776817
1.6164256 0.0154946 0.0374096 0.0453985 0.0376462 0.0233480 0.0118236 0.0048401 0.0018275 0.1777881
1.6365060 0.0147129 0.0359761 0.0438097 0.0368138 0.0229251 0.0116213 0.0050858 0.0020910 0.1730358
1.6565863 0.0139706 0.0349521 0.0436666 0.0359290 0.0232649 0.0123061 0.0054182 0.0018889 0.1713964
1.6766666 0.0132658 0.0335249 0.0426197 0.0368785 0.0234223 0.0121897 0.0052787 0.0019811 0.1691606
1.6967469 0.0125965 0.0323404 0.0414001 0.0358939 0.0233112 0.0123751 0.0054366 0.0020333 0.1653871
1.7168273 0.0119610 0.0309689 0.0401096 0.0351835 0.0228850 0.0121457 0.0053677 0.0022811 0.1609025
1.7369076 0.0113575 0.0300245 0.0396708 0.0358341 0.0241811 0.0133604 0.0060263 0.0023285 0.1627832
1.7569879 0.0107845 0.0288071 0.0382713 0.0347467 0.0234548 0.0128424 0.0058466 0.0023571 0.1571104
1.7770681 0.0102405 0.0278675 0.0382588 0.0354397 0.0249415 0.0139533 0.0067152 0.0027320 0.1601485
1.7971485 0.0097238 0.0266881 0.0365911 0.0340750 0.0242818 0.0143662 0.0069606 0.0028068 0.1554935
1.8172288 0.0092332 0.0257348 0.0362175 0.0345795 0.0248277 0.0147632 0.0076168 0.0037074 0.1566801
1.8373091 0.0087674 0.0247967 0.0349950 0.0336681 0.0243393 0.0142199 0.0068353 0.0028210 0.1504427
1.8573895 0.0083251 0.0242230 0.0349310 0.0335745 0.0243962 0.0143474 0.0074625 0.0031144 0.1503741
1.8774698 0.0079051 0.0231147 0.0331944 0.0331714 0.0248325 0.0148692 0.0074939 0.0031811 0.1477620
1.8975501 0.0075062 0.0221470 0.0323426 0.0320603 0.0245052 0.0148543 0.0073922 0.0034363 0.1442441
1.9176304 0.0071275 0.0212390 0.0317695 0.0323470 0.0250799 0.0150025 0.0079537 0.0036289 0.1441478
1.9377108 0.0067679 0.0204785 0.0316746 0.0328465 0.0252154 0.0161170 0.0085161 0.0037017 0.1453179
1.9577911 0.0064265 0.0197156 0.0304282 0.0319417 0.0252792 0.0159535 0.0086412 0.0039748 0.1423607
1.9778714 0.0061023 0.0188453 0.0295849 0.0316654 0.0252780 0.0166694 0.0093814 0.0044341 0.1419608
1.9979517 0.0057944 0.0184873 0.0290799 0.0309951 0.0253097 0.0163297 0.0091644 0.0043442 0.1395046
2.0180321 0.0055021 0.0176885 0.0280531 0.0302840 0.0248253 0.0161823 0.0092524 0.0042842 0.1360719
2.0381124 0.0052245 0.0169046 0.0275936 0.0298259 0.0249690 0.0168202 0.0091868 0.0045484 0.1350729
2.0581927 0.0049609 0.0162806 0.0267160 0.0296166 0.0254655 0.0176193 0.0105891 0.0055900 0.1368380
2.0782731 0.0047106 0.0156077 0.0256890 0.0287303 0.0244992 0.0168738 0.0099577 0.0054534 0.1315215
2.0983534 0.0044730 0.0153037 0.0255957 0.0292091 0.0245058 0.0172241 0.0100623 0.0048184 0.1311921
2.1184337 0.0042473 0.0145534 0.0244184 0.0286755 0.0252923 0.0172393 0.0100597 0.0052444 0.1297302
2.1385140 0.0040330 0.0139350 0.0243471 0.0284213 0.0250397 0.0180527 0.0110914 0.0058664 0.1307866
2.1585944 0.0038295 0.0133590 0.0233127 0.0269110 0.0240280 0.0178737 0.0109621 0.0056617 0.1259376
2.1786747 0.0036363 0.0128542 0.0225216 0.0261444 0.0240393 0.0173387 0.0107515 0.0055498 0.1228358
2.1987550 0.0034529 0.0123661 0.0218470 0.0266548 0.0236146 0.0173647 0.0110282 0.0057389 0.1220673
2.2188354 0.0032787 0.0118728 0.0215224 0.0257003 0.0233013 0.0174372 0.0111056 0.0064448 0.1206632
2.2389157 0.0031133 0.0113802 0.0209436 0.0253496 0.0233890 0.0174834 0.0110651 0.0061579 0.1188820
2.2589958 0.0029562 0.0109069 0.0198675 0.0251340 0.0233188 0.0177940 0.0115307 0.0059376 0.1174458
2.2790761 0.0028070 0.0103963 0.0194429 0.0243793 0.0230877 0.0179661 0.0118441 0.0069524 0.1168758
2.2991564 0.0026654 0.0100022 0.0187883 0.0243795 0.0238892 0.0187462 0.0124111 0.0067683 0.1176501
2.3192368 0.0025310 0.0096349 0.0182127 0.0234295 0.0228696 0.0176839 0.0113817 0.0063765 0.1121198
2.3393171 0.0024033 0.0092768 0.0177103 0.0232975 0.0228632 0.0183135 0.0121474 0.0067734 0.1127853
2.3593974 0.0022820 0.0088818 0.0169612 0.0218708 0.0216242 0.0176156 0.0120031 0.0070561 0.1082948
2.3794777 0.0021669 0.0084989 0.0167823 0.0223531 0.0225357 0.0180162 0.0124220 0.0073438 0.1101188
2.3995581 0.0020576 0.0082968 0.0161868 0.0219956 0.0223541 0.0183807 0.0129797 0.0080357 0.1102869
2.4196384 0.0019538 0.0077853 0.0152599 0.0208006 0.0214314 0.0176006 0.0118181 0.0075367 0.1041864
2.4397187 0.0018552 0.0075980 0.0152357 0.0205903 0.0221494 0.0187688 0.0136714 0.0087033 0.1085720
2.4597991 0.0017616 0.0072802 0.0146280 0.0198589 0.0202752 0.0168441 0.0121431 0.0072763 0.1000673
2.4798794 0.0016727 0.0068286 0.0141791 0.0193057 0.0201959 0.0171272 0.0121559 0.0075461 0.0990112
2.4999597 0.0015883 0.0067574 0.0137070 0.0191890 0.0200958 0.0173219 0.0127173 0.0083057 0.0996824
2.5200400 0.0015082 0.0064010 0.0136327 0.0191797 0.0210060 0.0183407 0.0133773 0.0084879 0.1019334
2.5401204 0.0014321 0.0060089 0.0127991 0.0186543 0.0200065 0.0169910 0.0124632 0.0078892 0.0962443
2.5602007 0.0013598 0.0059159 0.0127459 0.0182976 0.0198364 0.0175606 0.0132753 0.0083955 0.0973870
2.5802810 0.0012912 0.0056841 0.0121239 0.0178315 0.0198079 0.0178613 0.0135046 0.0092111 0.0973157
2.6003613 0.0012261 0.0053791 0.0115631 0.0168859 0.0189447 0.0169822 0.0130652 0.0086345 0.0926809
2.6204417 0.0011642 0.0051948 0.0113356 0.0169103 0.0185313 0.0162953 0.0118920 0.0076468 0.0889704
2.6405220 0.0011055 0.0049621 0.0110883 0.0165434 0.0188956 0.0171937 0.0134188 0.0090611 0.0922686
2.6606023 0.0010497 0.0047438 0.0109037 0.0160405 0.0186226 0.0171020 0.0135312 0.0091791 0.0911725
2.6806827 0.0009968 0.0044950 0.0104253 0.0159066 0.0180238 0.0166198 0.0130431 0.0090951 0.0886055
2.7007630 0.0009465 0.0043927 0.0099757 0.0154708 0.0182306 0.0175507 0.0140356 0.0098287 0.0904312
2.7208433 0.0008987 0.0041140 0.0094088 0.0146074 0.0171960 0.0163016 0.0126696 0.0084641 0.0836602
2.7409236 0.0008534 0.0040039 0.0093230 0.0143899 0.0172664 0.0166042 0.0134455 0.0094451 0.0853314
2.7610040 0.0008103 0.0038281 0.0089672 0.0141973 0.0168867 0.0165736 0.0137895 0.0099335 0.0849863
2.7810843 0.0007694 0.0036873 0.0088217 0.0139407 0.0166324 0.0160197 0.0129585 0.0090618 0.0818916
2.8011646 0.0007306 0.0035321 0.0085650 0.0139979 0.0173588 0.0168630 0.0139604 0.0097367 0.0847446
2.8212450 0.0006938 0.0033490 0.0081017 0.0129974 0.0162033 0.0159995 0.0135221 0.0098998 0.0807666
2.8413253 0.0006588 0.0031913 0.0079060 0.0127871 0.0159909 0.0164369 0.0139083 0.0103388 0.0812180
2.8614056 0.0006255 0.0030375 0.0075847 0.0123428 0.0153342 0.0154094 0.0126757 0.0091852 0.0761951
2.8814859 0.0005940 0.0029537 0.0070020 0.0117367 0.0150496 0.0150498 0.0125803 0.0094008 0.0743669
2.9015663 0.0005640 0.0027859 0.0067836 0.0111684 0.0137726 0.0144587 0.0124035 0.0094014 0.0713380
2.9216464 0.0005356 0.0026626 0.0066756 0.0113492 0.0148741 0.0155749 0.0133539 0.0098169 0.0748426
2.9417267 0.0005085 0.0026039 0.0064384 0.0110168 0.0139936 0.0143288 0.0129030 0.0097018 0.0714948
2.9618070 0.0004829 0.0024774 0.0064223 0.0111626 0.0150977 0.0157987 0.0140439 0.0105908 0.0760764
2.9818873 0.0004585 0.0023662 0.0060190 0.0103530 0.0138312 0.0144597 0.0129214 0.0100404 0.0704496
3.0019677 0.0004354 0.0022641 0.0057735 0.0102223 0.0135912 0.0140146 0.0125294 0.0099416 0.0687719
3.0220480 0.0004134 0.0021357 0.0056494 0.0098408 0.0127589 0.0138521 0.0124605 0.0101163 0.0672270
3.0421283 0.0003926 0.0020808 0.0052934 0.0092170 0.0123630 0.0133132 0.0121014 0.0095613 0.0643227
3.0622087 0.0003728 0.0019584 0.0053463 0.0095752 0.0128577 0.0137994 0.0128684 0.0099369 0.0667150
3.0822890 0.0003539 0.0018824 0.0050631 0.0094603 0.0130031 0.0140488 0.0129854 0.0102620 0.0670590
3.1023693 0.0003361 0.0018221 0.0048990 0.0088872 0.0123187 0.0135886 0.0127714 0.0102254 0.0648485
3.1224496 0.0003191 0.0017638 0.0046864 0.0087590 0.0121585 0.0137586 0.0132732 0.0112945 0.0660132
3.1425300 0.0003030 0.0016725 0.0045733 0.0086033 0.0121156 0.0135169 0.0124283 0.0100720 0.0632849
3.1626103 0.0002877 0.0016429 0.0045091 0.0082859 0.0115952 0.0132321 0.0126249 0.0105629 0.0627408
3.1826906 0.0002732 0.0015434 0.0042309 0.0078652 0.0110437 0.0124511 0.0115340 0.0094674 0.0584088
3.2027709 0.0002594 0.0014115 0.0038554 0.0073535 0.0106042 0.0123832 0.0122488 0.0105013 0.0586173
3.2228513 0.0002464 0.0013676 0.0038947 0.0072620 0.0101195 0.0116473 0.0111534 0.0091238 0.0548147
3.2429316 0.0002339 0.0013370 0.0036148 0.0069898 0.0100357 0.0116675 0.0111571 0.0094718 0.0545076
3.2630119 0.0002221 0.0012779 0.0036894 0.0069404 0.0102485 0.0122590 0.0120302 0.0102171 0.0568846
3.2830923 0.0002109 0.0012064 0.0034674 0.0067811 0.0104172 0.0121829 0.0120791 0.0102898 0.0566348
3.3031726 0.0002003 0.0011918 0.0033726 0.0066977 0.0100539 0.0124294 0.0125852 0.0114378 0.0579686
3.3232529 0.0001902 0.0011378 0.0032566 0.0065746 0.0097200 0.0116339 0.0115733 0.0098600 0.0539463
3.3433332 0.0001806 0.0010684 0.0031076 0.0062986 0.0096407 0.0115723 0.0115463 0.0097629 0.0531774
3.3634136 0.0001715 0.0010295 0.0030582 0.0059927 0.0090774 0.0106429 0.0107541 0.0095867 0.0503130
3.3834939 0.0001628 0.0009823 0.0029368 0.0059290 0.0086715 0.0106319 0.0109764 0.0096957 0.0499865
3.4035742 0.0001546 0.0009351 0.0028349 0.0058092 0.0089316 0.0108441 0.0114964 0.0103875 0.0513934
3.4236546 0.0001468 0.0008946 0.0026655 0.0054707 0.0084844 0.0104056 0.0111417 0.0104111 0.0496203
3.4437349 0.0001394 0.0008595 0.0026410 0.0055706 0.0086768 0.0108843 0.0114575 0.0104519 0.0506810
3.4638152 0.0001324 0.0008254 0.0025927 0.0053497 0.0080430 0.0097169 0.0100160 0.0089687 0.0456447
3.4838955 0.0001257 0.0007943 0.0024932 0.0052249 0.0082330 0.0101570 0.0104896 0.0094856 0.0470034
3.5039759 0.0001193 0.0007588 0.0023638 0.0050452 0.0078752 0.0100622 0.0107419 0.0097462 0.0467127
3.5240562 0.0001133 0.0006932 0.0021696 0.0045143 0.0071429 0.0093014 0.0101696 0.0092876 0.0433921
3.5441363 0.0001076 0.0006666 0.0020317 0.0044858 0.0073033 0.0094149 0.0103998 0.0097372 0.0441468
3.5642166 0.0001022 0.0006607 0.0019895 0.0041979 0.0066316 0.0084827 0.0090183 0.0081902 0.0392731
3.5842969 0.0000970 0.0006242 0.0019744 0.0043147 0.0071929 0.0096014 0.0105764 0.0099767 0.0443579
3.6043773 0.0000921 0.0006062 0.0019865 0.0043567 0.0071397 0.0093410 0.0104938 0.0099545 0.0439705
3.6244576 0.0000875 0.0005654 0.0018874 0.0040666 0.0065678 0.0086682 0.0093759 0.0086868 0.0399056
3.6445379 0.0000831 0.0005448 0.0017238 0.0037401 0.0061957 0.0079379 0.0089077 0.0085392 0.0376723
3.6646183 0.0000789 0.0005221 0.0017175 0.0037014 0.0060024 0.0081625 0.0090176 0.0084754 0.0376778
3.6846986 0.0000749 0.0005097 0.0016479 0.0036869 0.0062577 0.0084865 0.0100202 0.0097053 0.0403890
3.7047789 0.0000711 0.0004635 0.0015391 0.0035722 0.0058676 0.0079118 0.0089916 0.0092101 0.0376270
3.7248592 0.0000675 0.0004441 0.0014298 0.0033604 0.0057520 0.0078608 0.0089820 0.0091928 0.0370895
3.7449396 0.0000641 0.0004331 0.0014563 0.0032692 0.0054553 0.0075428 0.0088288 0.0085124 0.0355621
3.7650199 0.0000609 0.0004061 0.0013292 0.0029983 0.0050760 0.0071294 0.0082025 0.0082483 0.0334507
3.7851002 0.0000578 0.0003992 0.0013265 0.0029230 0.0049331 0.0069965 0.0081435 0.0079203 0.0326999
3.8051805 0.0000549 0.0003824 0.0012776 0.0029226 0.0050280 0.0070320 0.0082748 0.0088383 0.0338106
3.8252609 0.0000521 0.0003503 0.0011988 0.0026770 0.0046855 0.0065632 0.0077039 0.0078018 0.0310326
3.8453412 0.0000495 0.0003537 0.0011805 0.0026513 0.0047466 0.0064747 0.0080404 0.0084153 0.0319119
3.8654215 0.0000470 0.0003215 0.0010773 0.0024899 0.0044311 0.0062854 0.0074680 0.0075767 0.0296969
3.8855019 0.0000446 0.0003142 0.0011250 0.0027018 0.0047907 0.0069121 0.0082854 0.0086388 0.0328126
3.9055822 0.0000424 0.0003068 0.0010446 0.0024909 0.0043561 0.0064377 0.0077162 0.0079103 0.0303049
3.9256625 0.0000402 0.0002812 0.0009646 0.0023223 0.0040973 0.0058705 0.0071349 0.0074458 0.0281569
3.9457428 0.0000382 0.0002781 0.0009634 0.0023085 0.0042472 0.0062780 0.0077792 0.0081527 0.0300454
3.9658232 0.0000363 0.0002725 0.0009859 0.0022516 0.0041742 0.0062229 0.0078018 0.0082366 0.0299818
3.9859035 0.0000345 0.0002435 0.0009053 0.0021949 0.0042216 0.0062429 0.0078043 0.0083491 0.0299960
4.0059838 0.0000327 0.0002500 0.0008550 0.0020760 0.0037004 0.0055235 0.0070439 0.0076893 0.0271709
4.0260644 0.0000311 0.0002307 0.0008141 0.0019654 0.0036672 0.0053662 0.0065548 0.0071365 0.0257658
4.0461445 0.0000295 0.0002205 0.0007805 0.0020086 0.0036898 0.0055328 0.0072149 0.0079451 0.0274217
4.0662251 0.0000280 0.0002178 0.0008076 0.0020784 0.0039555 0.0060361 0.0075667 0.0081470 0.0288371
4.0863051 0.0000266 0.0001991 0.0007302 0.0018667 0.0034860 0.0053630 0.0068183 0.0077160 0.0262058
4.1063857 0.0000253 0.0001939 0.0007516 0.0018656 0.0035984 0.0057056 0.0075695 0.0083274 0.0280373
4.1264658 0.0000240 0.0001820 0.0006419 0.0016627 0.0032646 0.0050699 0.0063899 0.0069206 0.0241555
4.1465464 0.0000228 0.0001730 0.0006191 0.0016263 0.0031563 0.0050222 0.0063820 0.0070752 0.0240767
4.1666265 0.0000216 0.0001627 0.0006155 0.0015882 0.0032100 0.0048920 0.0062225 0.0070451 0.0237576
4.1867070 0.0000205 0.0001588 0.0005911 0.0014779 0.0028125 0.0043632 0.0057329 0.0061973 0.0213541
4.2067871 0.0000195 0.0001507 0.0005809 0.0014155 0.0027535 0.0043702 0.0057674 0.0063444 0.0214021
4.2268677 0.0000185 0.0001441 0.0005789 0.0015406 0.0030412 0.0049054 0.0064894 0.0075279 0.0242460
4.2469478 0.0000176 0.0001400 0.0005240 0.0013518 0.0026534 0.0042856 0.0057460 0.0066840 0.0214024
4.2670283 0.0000167 0.0001341 0.0005259 0.0014366 0.0028635 0.0045050 0.0057971 0.0065253 0.0218041
4.2871084 0.0000158 0.0001247 0.0004767 0.0012604 0.0024937 0.0039816 0.0053684 0.0061283 0.0198496
4.3071890 0.0000150 0.0001171 0.0004381 0.0011405 0.0022624 0.0036792 0.0048638 0.0056857 0.0182018
4.3272691 0.0000143 0.0001102 0.0004585 0.0012141 0.0023796 0.0038598 0.0054229 0.0064336 0.0198930
4.3473496 0.0000136 0.0001101 0.0004272 0.0011287 0.0022244 0.0035868 0.0049204 0.0058074 0.0182185
4.3674297 0.0000129 0.0001020 0.0003994 0.0010416 0.0021503 0.0035043 0.0048008 0.0056449 0.0176562
4.3875103 0.0000122 0.0000951 0.0003722 0.0010224 0.0021019 0.0034756 0.0049124 0.0058416 0.0178334
4.4075904 0.0000116 0.0000948 0.0004064 0.0011532 0.0023058 0.0037682 0.0051502 0.0061782 0.0190684
4.4276710 0.0000110 0.0000929 0.0003830 0.0010822 0.0022260 0.0037638 0.0053496 0.0066889 0.0195974
4.4477510 0.0000105 0.0000887 0.0003584 0.0009745 0.0020232 0.0032590 0.0044969 0.0054511 0.0166623
4.4678316 0.0000099 0.0000816 0.0003242 0.0009174 0.0018854 0.0032119 0.0045474 0.0057387 0.0167165
4.4879117 0.0000094 0.0000761 0.0003084 0.0008431 0.0017508 0.0029259 0.0041995 0.0051407 0.0152540
4.5079918 0.0000090 0.0000780 0.0003310 0.0009218 0.0019429 0.0033149 0.0047367 0.0058493 0.0171837
4.5280724 0.0000085 0.0000776 0.0003426 0.0009234 0.0019447 0.0033115 0.0046165 0.0057100 0.0169349
4.5481524 0.0000081 0.0000654 0.0002784 0.0007924 0.0016901 0.0028117 0.0039824 0.0048743 0.0145028
4.5682330 0.0000077 0.0000632 0.0002812 0.0007551 0.0016556 0.0027787 0.0039866 0.0049031 0.0144312
4.5883131 0.0000073 0.0000610 0.0002584 0.0007060 0.0015424 0.0026271 0.0038344 0.0046857 0.0137224
4.6083937 0.0000069 0.0000585 0.0002448 0.0007236 0.0015723 0.0028286 0.0041003 0.0050765 0.0146116
4.6284738 0.0000066 0.0000510 0.0002216 0.0006273 0.0014294 0.0025827 0.0037496 0.0047955 0.0134638
4.6485543 0.0000062 0.0000531 0.0002105 0.0006402 0.0013978 0.0024976 0.0037431 0.0046523 0.0132009
4.6686344 0.0000059 0.0000526 0.0002155 0.0006182 0.0013529 0.0023196 0.0033818 0.0043136 0.0122601
4.6887150 0.0000056 0.0000492 0.0002101 0.0006334 0.0014106 0.0025426 0.0037124 0.0048620 0.0134260
4.7087951 0.0000053 0.0000498 0.0002078 0.0006137 0.0013207 0.0023678 0.0035165 0.0044827 0.0125643
4.7288756 0.0000051 0.0000445 0.0002019 0.0005817 0.0013214 0.0023428 0.0035019 0.0045976 0.0125968
4.7489557 0.0000048 0.0000426 0.0001916 0.0005665 0.0012020 0.0021473 0.0031970 0.0041539 0.0115057
4.7690363 0.0000046 0.0000425 0.0001810 0.0005429 0.0012142 0.0022184 0.0033941 0.0044510 0.0120488
4.7891164 0.0000043 0.0000359 0.0001588 0.0004566 0.0010446 0.0019688 0.0030635 0.0039977 0.0107302
4.8091969 0.0000041 0.0000381 0.0001543 0.0004935 0.0010635 0.0019507 0.0029192 0.0038395 0.0104628
4.8292770 0.0000039 0.0000351 0.0001495 0.0004446 0.0010002 0.0017844 0.0027521 0.0036175 0.0097872
4.8493576 0.0000037 0.0000349 0.0001460 0.0004220 0.0010164 0.0019565 0.0030941 0.0041634 0.0108369
4.8694377 0.0000035 0.0000311 0.0001540 0.0004741 0.0010868 0.0020088 0.0030993 0.0042481 0.0111057
4.8895183 0.0000034 0.0000311 0.0001483 0.0004434 0.0010516 0.0019522 0.0030903 0.0041200 0.0108402
4.9095984 0.0000032 0.0000288 0.0001280 0.0004042 0.0008918 0.0016770 0.0025706 0.0034047 0.0091082
4.9296789 0.0000030 0.0000261 0.0001264 0.0003843 0.0009134 0.0016992 0.0026362 0.0035564 0.0093450
4.9497590 0.0000029 0.0000277 0.0001280 0.0004062 0.0009465 0.0017585 0.0027614 0.0036456 0.0096766
4.9698396 0.0000027 0.0000295 0.0001243 0.0003854 0.0009188 0.0017652 0.0028433 0.0039022 0.0099715
4.9899197 0.0000026 0.0000244 0.0001122 0.0003499 0.0008240 0.0015490 0.0026135 0.0036733 0.0091488
5.0100002 0.0000025 0.0000237 0.0001097 0.0003504 0.0008007 0.0015226 0.0024344 0.0033792 0.0086232
