-------- p=0.000 a=2.000 mu=-2.200 N=20000000 time=2017-02-22 01:09:51 --------
0.000 2.000 -2.200 20000000 2017-02-22 01:09:51
0.0100000 0.9782402 0.0014541 0.0000001 0.0000043 0.0000251 0.0001331 0.0000186 0.0000000 0.9798756
0.0300803 0.9359655 0.0073362 0.0000304 0.0000048 0.0000000 0.0000000 0.0000000 0.0000000 0.9433369
0.0501606 0.8955176 0.0148786 0.0001374 0.0000160 0.0000023 0.0000242 0.0000080 0.0000006 0.9105844
0.0702410 0.8568177 0.0237030 0.0003085 0.0000017 0.0000045 0.0000013 0.0000098 0.0000007 0.8808473
0.0903213 0.8197902 0.0327844 0.0005857 0.0000207 0.0000037 0.0000012 0.0000076 0.0000003 0.8531939
0.1104016 0.7843629 0.0421871 0.0010912 0.0000055 0.0000015 0.0000030 0.0000375 0.0000000 0.8276884
0.1304819 0.7504665 0.0517143 0.0018102 0.0000841 0.0000048 0.0000017 0.0000044 0.0000762 0.8041623
0.1505622 0.7180350 0.0612213 0.0024767 0.0000387 0.0000022 0.0000008 0.0000000 0.0000000 0.7817748
0.1706426 0.6870050 0.0704156 0.0034971 0.0001255 0.0000088 0.0000015 0.0000000 0.0000000 0.7610535
0.1907229 0.6573160 0.0795594 0.0046189 0.0002409 0.0000032 0.0000037 0.0000010 0.0000000 0.7417430
0.2108032 0.6289100 0.0877418 0.0063933 0.0003127 0.0000632 0.0000010 0.0000051 0.0000008 0.7234279
0.2308835 0.6017316 0.0960643 0.0083451 0.0004763 0.0000098 0.0000117 0.0000009 0.0000000 0.7066398
0.2509638 0.5757277 0.1039716 0.0092062 0.0006109 0.0000472 0.0000058 0.0000022 0.0000308 0.6896023
0.2710442 0.5508476 0.1110516 0.0114241 0.0008014 0.0000382 0.0000007 0.0000000 0.0000000 0.6741637
0.2911245 0.5270426 0.1180949 0.0134167 0.0010007 0.0001225 0.0000027 0.0000220 0.0000001 0.6597021
0.3112048 0.5042664 0.1239381 0.0157241 0.0012732 0.0000399 0.0000264 0.0000015 0.0000000 0.6452699
0.3312851 0.4824745 0.1298474 0.0180824 0.0016162 0.0001244 0.0000430 0.0000434 0.0000016 0.6322327
0.3513654 0.4616243 0.1349395 0.0198471 0.0019219 0.0001896 0.0000031 0.0000065 0.0000001 0.6185322
0.3714458 0.4416751 0.1402896 0.0228713 0.0027305 0.0001888 0.0000413 0.0000149 0.0000012 0.6078128
0.3915261 0.4225881 0.1443091 0.0259978 0.0029459 0.0003948 0.0000504 0.0000001 0.0000000 0.5962862
0.4116064 0.4043259 0.1487423 0.0283019 0.0032794 0.0002700 0.0000376 0.0000013 0.0000000 0.5849585
0.4316867 0.3868529 0.1517633 0.0308636 0.0038538 0.0003388 0.0000620 0.0000017 0.0000000 0.5737360
0.4517670 0.3701350 0.1551049 0.0330686 0.0048725 0.0006477 0.0000874 0.0000253 0.0000031 0.5639443
0.4718474 0.3541395 0.1573064 0.0353767 0.0056245 0.0008271 0.0001112 0.0000180 0.0000000 0.5534036
0.4919277 0.3388354 0.1606272 0.0389786 0.0060914 0.0007936 0.0000453 0.0000000 0.0000000 0.5453714
0.5120080 0.3241926 0.1619615 0.0411574 0.0072299 0.0010460 0.0001091 0.0000004 0.0000000 0.5356970
0.5320883 0.3101825 0.1638581 0.0452600 0.0083874 0.0011421 0.0002308 0.0000356 0.0000002 0.5290968
0.5521687 0.2967779 0.1649164 0.0459861 0.0087914 0.0011956 0.0001478 0.0000140 0.0000002 0.5178295
0.5722489 0.2839527 0.1660965 0.0495195 0.0095602 0.0015132 0.0001697 0.0000108 0.0000001 0.5108229
0.5923293 0.2716816 0.1669274 0.0526936 0.0110695 0.0017364 0.0002994 0.0000366 0.0000004 0.5044449
0.6124096 0.2599409 0.1673248 0.0545096 0.0114009 0.0020446 0.0001875 0.0000445 0.0000003 0.4954531
0.6324900 0.2487075 0.1674616 0.0571086 0.0131776 0.0020157 0.0002109 0.0001152 0.0000896 0.4888866
0.6525703 0.2379595 0.1678740 0.0608569 0.0145092 0.0026068 0.0004275 0.0000340 0.0000071 0.4842752
0.6726506 0.2276761 0.1666931 0.0620043 0.0153886 0.0029286 0.0005517 0.0001308 0.0000017 0.4753749
0.6927309 0.2178370 0.1661644 0.0642152 0.0159986 0.0031518 0.0004403 0.0001458 0.0000048 0.4679581
0.7128112 0.2084232 0.1655372 0.0669153 0.0186518 0.0035796 0.0007511 0.0001286 0.0000661 0.4640530
0.7328916 0.1994162 0.1642769 0.0681018 0.0195382 0.0038260 0.0006125 0.0000517 0.0000006 0.4558237
0.7529718 0.1907984 0.1632862 0.0719782 0.0211285 0.0049169 0.0008322 0.0001170 0.0000111 0.4530686
0.7730522 0.1825530 0.1621697 0.0716188 0.0221800 0.0047359 0.0009728 0.0001743 0.0000703 0.4444750
0.7931325 0.1746639 0.1607462 0.0758380 0.0238312 0.0056227 0.0012143 0.0001180 0.0000070 0.4420414
0.8132128 0.1671158 0.1588151 0.0764443 0.0249406 0.0057934 0.0012246 0.0002849 0.0000355 0.4346541
0.8332932 0.1598939 0.1573945 0.0775996 0.0256770 0.0062343 0.0013020 0.0001572 0.0000162 0.4282748
0.8533735 0.1529840 0.1555822 0.0796899 0.0279648 0.0073932 0.0018394 0.0005169 0.0001516 0.4261221
0.8734538 0.1463728 0.1532804 0.0807501 0.0286327 0.0075840 0.0016195 0.0002416 0.0000103 0.4184914
0.8935341 0.1400473 0.1514734 0.0827087 0.0308571 0.0082287 0.0017519 0.0004460 0.0001482 0.4156612
0.9136145 0.1339952 0.1489895 0.0837017 0.0317093 0.0092535 0.0020897 0.0003299 0.0000388 0.4101077
0.9336948 0.1282045 0.1472289 0.0840863 0.0326982 0.0099469 0.0024091 0.0004101 0.0000329 0.4050167
0.9537750 0.1226641 0.1442119 0.0862026 0.0353901 0.0108986 0.0026911 0.0004876 0.0001333 0.4026795
0.9738554 0.1173632 0.1427357 0.0873198 0.0358044 0.0111538 0.0028118 0.0006314 0.0000629 0.3978832
0.9939357 0.1122913 0.1403674 0.0885525 0.0372236 0.0119654 0.0031607 0.0007630 0.0000938 0.3944178
1.0140160 0.1074386 0.1374132 0.0899535 0.0398521 0.0132864 0.0036841 0.0008086 0.0002257 0.3926623
1.0340964 0.1027957 0.1350792 0.0887733 0.0401519 0.0134720 0.0034726 0.0007314 0.0001138 0.3845898
1.0541767 0.0983533 0.1326744 0.0892384 0.0398770 0.0140402 0.0042135 0.0009644 0.0001285 0.3794899
1.0742570 0.0941030 0.1304124 0.0904561 0.0428172 0.0155622 0.0041648 0.0007641 0.0000619 0.3783417
1.0943373 0.0900363 0.1273341 0.0909233 0.0433530 0.0165384 0.0048954 0.0013621 0.0002647 0.3747072
1.1144177 0.0861454 0.1255924 0.0911652 0.0453211 0.0171023 0.0050945 0.0014687 0.0002937 0.3721832
1.1344980 0.0824226 0.1228155 0.0923156 0.0458762 0.0178492 0.0054390 0.0016520 0.0002549 0.3686251
1.1545783 0.0788607 0.1200238 0.0916232 0.0478873 0.0189862 0.0059133 0.0015210 0.0004371 0.3652525
1.1746586 0.0754527 0.1178363 0.0927877 0.0485283 0.0194610 0.0060557 0.0016911 0.0003188 0.3621315
1.1947390 0.0721920 0.1147150 0.0908481 0.0501048 0.0206332 0.0070608 0.0019861 0.0004000 0.3579401
1.2148193 0.0690722 0.1127685 0.0918230 0.0501130 0.0212013 0.0072632 0.0021417 0.0004281 0.3548111
1.2348996 0.0660873 0.1099414 0.0922625 0.0518337 0.0221464 0.0074782 0.0020674 0.0005110 0.3523280
1.2549799 0.0632313 0.1073557 0.0913567 0.0526700 0.0243001 0.0091337 0.0027084 0.0006038 0.3513597
1.2750602 0.0604988 0.1049750 0.0908305 0.0530521 0.0234323 0.0084805 0.0022094 0.0006006 0.3440790
1.2951406 0.0578843 0.1027505 0.0905612 0.0557024 0.0248729 0.0093189 0.0024595 0.0006691 0.3442190
1.3152208 0.0553828 0.0999089 0.0897951 0.0556698 0.0256892 0.0100096 0.0028843 0.0007765 0.3401162
1.3353012 0.0529894 0.0973587 0.0896461 0.0562885 0.0255969 0.0099723 0.0030705 0.0009595 0.3358821
1.3553815 0.0506995 0.0950035 0.0909603 0.0581553 0.0288691 0.0112176 0.0034057 0.0009625 0.3392736
1.3754618 0.0485085 0.0929665 0.0900606 0.0581590 0.0284572 0.0118178 0.0041797 0.0011773 0.3353265
1.3955421 0.0464122 0.0901651 0.0873943 0.0573022 0.0296604 0.0120083 0.0040904 0.0013106 0.3283433
1.4156225 0.0444065 0.0884897 0.0876832 0.0596637 0.0304364 0.0131569 0.0049365 0.0013565 0.3301294
1.4357028 0.0424875 0.0861391 0.0872923 0.0599935 0.0315936 0.0143912 0.0053655 0.0016195 0.3288822
1.4557831 0.0406514 0.0837883 0.0872242 0.0598762 0.0307600 0.0137021 0.0045528 0.0014278 0.3219826
1.4758634 0.0388946 0.0813455 0.0843592 0.0599223 0.0318232 0.0142349 0.0054903 0.0021167 0.3181869
1.4959437 0.0372138 0.0794670 0.0842493 0.0601865 0.0341023 0.0153454 0.0061551 0.0020587 0.3187780
1.5160240 0.0356056 0.0773090 0.0839013 0.0614609 0.0348572 0.0160453 0.0063554 0.0021932 0.3177279
1.5361044 0.0340669 0.0751533 0.0840528 0.0628604 0.0357389 0.0167219 0.0066403 0.0020541 0.3172886
1.5561847 0.0325947 0.0727075 0.0818577 0.0625730 0.0368761 0.0173698 0.0073416 0.0023191 0.3136393
1.5762650 0.0311861 0.0710270 0.0824966 0.0630810 0.0377475 0.0182144 0.0072664 0.0033660 0.3143850
1.5963453 0.0298384 0.0694384 0.0800897 0.0633322 0.0388972 0.0181455 0.0076178 0.0033787 0.3107379
1.6164257 0.0285489 0.0674457 0.0792390 0.0635267 0.0381177 0.0181059 0.0072172 0.0025739 0.3047751
1.6365060 0.0273152 0.0652766 0.0791950 0.0642527 0.0394680 0.0191945 0.0084563 0.0032115 0.3063696
1.6565863 0.0261347 0.0631817 0.0776765 0.0642536 0.0394753 0.0198375 0.0083520 0.0032373 0.3021488
1.6766667 0.0250053 0.0619122 0.0765012 0.0629538 0.0406321 0.0210826 0.0089906 0.0030429 0.3001207
1.6967470 0.0239247 0.0596948 0.0751361 0.0646087 0.0418701 0.0212259 0.0091661 0.0032408 0.2988673
1.7168273 0.0228908 0.0583098 0.0740907 0.0643663 0.0429783 0.0229681 0.0098480 0.0036181 0.2990700
1.7369076 0.0219016 0.0562731 0.0731327 0.0619465 0.0401021 0.0213371 0.0100609 0.0038545 0.2886086
1.7569880 0.0209551 0.0548968 0.0723001 0.0630227 0.0430043 0.0230456 0.0103432 0.0042790 0.2918468
1.7770682 0.0200495 0.0527460 0.0702519 0.0624127 0.0428692 0.0234468 0.0113591 0.0049944 0.2881296
1.7971486 0.0191831 0.0512756 0.0692526 0.0628151 0.0439502 0.0241536 0.0111490 0.0043701 0.2861493
1.8172289 0.0183541 0.0505947 0.0684587 0.0628862 0.0440413 0.0238691 0.0116735 0.0053227 0.2852004
1.8373091 0.0175609 0.0483035 0.0683257 0.0640827 0.0457301 0.0265010 0.0129351 0.0056678 0.2891067
1.8573896 0.0168020 0.0472038 0.0672915 0.0653192 0.0467561 0.0272854 0.0133951 0.0060742 0.2901273
1.8774698 0.0160759 0.0457307 0.0641521 0.0624881 0.0452796 0.0263763 0.0131946 0.0058078 0.2791052
1.8975501 0.0153812 0.0445402 0.0638065 0.0631411 0.0473259 0.0272950 0.0135312 0.0052373 0.2802583
1.9176304 0.0147165 0.0429149 0.0632552 0.0619786 0.0472712 0.0295385 0.0151067 0.0065700 0.2813513
1.9377108 0.0140805 0.0420700 0.0626916 0.0631103 0.0482304 0.0300750 0.0149604 0.0068380 0.2820563
1.9577911 0.0134720 0.0402996 0.0608465 0.0612328 0.0480081 0.0297977 0.0164372 0.0082961 0.2783899
1.9778714 0.0128898 0.0391337 0.0598340 0.0615075 0.0476774 0.0305202 0.0161911 0.0075448 0.2752984
1.9979517 0.0123328 0.0375716 0.0579111 0.0603151 0.0474668 0.0301027 0.0159460 0.0070849 0.2687308
2.0180321 0.0117998 0.0364045 0.0562852 0.0597867 0.0474052 0.0297869 0.0157269 0.0074264 0.2646217
2.0381124 0.0112899 0.0356580 0.0565769 0.0616357 0.0486403 0.0316904 0.0167021 0.0077403 0.2699335
2.0581927 0.0108020 0.0345982 0.0549283 0.0598556 0.0480114 0.0319268 0.0176928 0.0095166 0.2673319
2.0782731 0.0103352 0.0330930 0.0528045 0.0578365 0.0497614 0.0343196 0.0195374 0.0098848 0.2675725
2.0983534 0.0098886 0.0322530 0.0519055 0.0559845 0.0465750 0.0316672 0.0180501 0.0085800 0.2549038
2.1184337 0.0094612 0.0309979 0.0513073 0.0572386 0.0488209 0.0345911 0.0199817 0.0107035 0.2631022
2.1385140 0.0090523 0.0302310 0.0513771 0.0574796 0.0501863 0.0360857 0.0210441 0.0108101 0.2662661
2.1585944 0.0086612 0.0293522 0.0490405 0.0569165 0.0485512 0.0340681 0.0189276 0.0095090 0.2550262
2.1786747 0.0082869 0.0284860 0.0484335 0.0567670 0.0504109 0.0355184 0.0215485 0.0119880 0.2614393
2.1987550 0.0079287 0.0276123 0.0467754 0.0541344 0.0479231 0.0344091 0.0206647 0.0101396 0.2495874
2.2188353 0.0075861 0.0264718 0.0464383 0.0544633 0.0498656 0.0362551 0.0213012 0.0109678 0.2533493
2.2389157 0.0072583 0.0257148 0.0455052 0.0547396 0.0504136 0.0363784 0.0227253 0.0121966 0.2549317
2.2589959 0.0069446 0.0248686 0.0438092 0.0532410 0.0481557 0.0354242 0.0216220 0.0119164 0.2459816
2.2790762 0.0066445 0.0238595 0.0429029 0.0528624 0.0499277 0.0371940 0.0236589 0.0132756 0.2503255
2.2991565 0.0063573 0.0229799 0.0411789 0.0508758 0.0481257 0.0359313 0.0229470 0.0131892 0.2415853
2.3192369 0.0060826 0.0223164 0.0410539 0.0511744 0.0485508 0.0362809 0.0226727 0.0126270 0.2407587
2.3393172 0.0058198 0.0215994 0.0401355 0.0496299 0.0473637 0.0362719 0.0236214 0.0132251 0.2376665
2.3593975 0.0055683 0.0208463 0.0396948 0.0509423 0.0490767 0.0380636 0.0246277 0.0137729 0.2425926
2.3794778 0.0053276 0.0201407 0.0385953 0.0492757 0.0489628 0.0384777 0.0259937 0.0147157 0.2414891
2.3995581 0.0050974 0.0197262 0.0375265 0.0487128 0.0470636 0.0374893 0.0250440 0.0139843 0.2346440
2.4196385 0.0048771 0.0188791 0.0362275 0.0473344 0.0468706 0.0392015 0.0267957 0.0157182 0.2359040
2.4397188 0.0046663 0.0184187 0.0365744 0.0481491 0.0482545 0.0380593 0.0261822 0.0161067 0.2364112
2.4597992 0.0044647 0.0178891 0.0351798 0.0473932 0.0476364 0.0398997 0.0269869 0.0170420 0.2364919
2.4798795 0.0042717 0.0170903 0.0345247 0.0469314 0.0491354 0.0420617 0.0309784 0.0184153 0.2434090
2.4999597 0.0040871 0.0165191 0.0330625 0.0447591 0.0453266 0.0379078 0.0260228 0.0150142 0.2226993
2.5200401 0.0039105 0.0159997 0.0325795 0.0448040 0.0472949 0.0387813 0.0273916 0.0168783 0.2276399
2.5401204 0.0037415 0.0153376 0.0323425 0.0450347 0.0478834 0.0389475 0.0271780 0.0167310 0.2271962
2.5602007 0.0035798 0.0150342 0.0316362 0.0446489 0.0476096 0.0396664 0.0286231 0.0182837 0.2290819
2.5802810 0.0034251 0.0143520 0.0301238 0.0431770 0.0464951 0.0400412 0.0288287 0.0174484 0.2238914
2.6003614 0.0032771 0.0137922 0.0293704 0.0412779 0.0453464 0.0402508 0.0292488 0.0188899 0.2214535
2.6204418 0.0031355 0.0133015 0.0287287 0.0402602 0.0435929 0.0384050 0.0280193 0.0176026 0.2130457
2.6405220 0.0030000 0.0130943 0.0277214 0.0409692 0.0458923 0.0405891 0.0301451 0.0186597 0.2200712
2.6606024 0.0028703 0.0125637 0.0280690 0.0415307 0.0458627 0.0405207 0.0303193 0.0205677 0.2223040
2.6806827 0.0027463 0.0119400 0.0265934 0.0384555 0.0445123 0.0392556 0.0290631 0.0199519 0.2125181
2.7007630 0.0026276 0.0114828 0.0259147 0.0392821 0.0446843 0.0405347 0.0304633 0.0197797 0.2147693
2.7208433 0.0025141 0.0113283 0.0253049 0.0382256 0.0434424 0.0386007 0.0299347 0.0197020 0.2090527
2.7409237 0.0024054 0.0109856 0.0251626 0.0377810 0.0438281 0.0407708 0.0321724 0.0215610 0.2146669
2.7610040 0.0023015 0.0104159 0.0235176 0.0363774 0.0430781 0.0391440 0.0312888 0.0212869 0.2074102
2.7810843 0.0022020 0.0101914 0.0234318 0.0362671 0.0418436 0.0401732 0.0320947 0.0222965 0.2085005
2.8011647 0.0021068 0.0097228 0.0226614 0.0357959 0.0415638 0.0399835 0.0316138 0.0220904 0.2055385
2.8212450 0.0020158 0.0095108 0.0222333 0.0348524 0.0414300 0.0402213 0.0322464 0.0228927 0.2054025
2.8413253 0.0019287 0.0091419 0.0220812 0.0351518 0.0411529 0.0398549 0.0324265 0.0235742 0.2053121
2.8614056 0.0018453 0.0086925 0.0209770 0.0327193 0.0402418 0.0395462 0.0326087 0.0230091 0.1996398
2.8814859 0.0017656 0.0084332 0.0200328 0.0326567 0.0394936 0.0395423 0.0337088 0.0242422 0.1998752
2.9015663 0.0016893 0.0080649 0.0194761 0.0318135 0.0399437 0.0398054 0.0332834 0.0246934 0.1987697
2.9216465 0.0016163 0.0078566 0.0192705 0.0315044 0.0387823 0.0379709 0.0321012 0.0229794 0.1920814
2.9417268 0.0015464 0.0075233 0.0187705 0.0301754 0.0382186 0.0387298 0.0322829 0.0227061 0.1899530
2.9618071 0.0014796 0.0073837 0.0185043 0.0304588 0.0379172 0.0393727 0.0329538 0.0259351 0.1940053
2.9818874 0.0014157 0.0070370 0.0174667 0.0289932 0.0371231 0.0382001 0.0331644 0.0254872 0.1888873
3.0019678 0.0013545 0.0068261 0.0170018 0.0286683 0.0369152 0.0393602 0.0345531 0.0263347 0.1910138
3.0220481 0.0012960 0.0066410 0.0164822 0.0284378 0.0369913 0.0391458 0.0343781 0.0260995 0.1894717
3.0421284 0.0012400 0.0065151 0.0167245 0.0286254 0.0375393 0.0398503 0.0354825 0.0263062 0.1922833
3.0622087 0.0011864 0.0061158 0.0157193 0.0273842 0.0353861 0.0369708 0.0330004 0.0258273 0.1815905
3.0822891 0.0011351 0.0058484 0.0149522 0.0264832 0.0350493 0.0366375 0.0325443 0.0249432 0.1775931
3.1023694 0.0010860 0.0056146 0.0150974 0.0262450 0.0348094 0.0387808 0.0342837 0.0265216 0.1824386
3.1224497 0.0010391 0.0054724 0.0142874 0.0251077 0.0334791 0.0360031 0.0318180 0.0238502 0.1710568
3.1425300 0.0009942 0.0053428 0.0141389 0.0254864 0.0346652 0.0374401 0.0350183 0.0292510 0.1823370
3.1626104 0.0009512 0.0050764 0.0134933 0.0248584 0.0332347 0.0371016 0.0339130 0.0274122 0.1760410
3.1826907 0.0009101 0.0048201 0.0132365 0.0238882 0.0322376 0.0350200 0.0328565 0.0269264 0.1698954
3.2027710 0.0008708 0.0047770 0.0126638 0.0227185 0.0307422 0.0346434 0.0313848 0.0253456 0.1631460
3.2228514 0.0008332 0.0044986 0.0127351 0.0233070 0.0320117 0.0367989 0.0349992 0.0291535 0.1743371
3.2429317 0.0007972 0.0044252 0.0122773 0.0223915 0.0313283 0.0352522 0.0328098 0.0266195 0.1659009
3.2630120 0.0007627 0.0043754 0.0116228 0.0215687 0.0300235 0.0342887 0.0330320 0.0282039 0.1638778
3.2830923 0.0007298 0.0040231 0.0113078 0.0204187 0.0286569 0.0328542 0.0316522 0.0259728 0.1556153
3.3031727 0.0006982 0.0039172 0.0112988 0.0213052 0.0309180 0.0356479 0.0341985 0.0293179 0.1673019
3.3232529 0.0006680 0.0038048 0.0109415 0.0207259 0.0307027 0.0358438 0.0349585 0.0294068 0.1670520
3.3433332 0.0006392 0.0036204 0.0102967 0.0202053 0.0284964 0.0340037 0.0328568 0.0291158 0.1592343
3.3634137 0.0006116 0.0034786 0.0100537 0.0189755 0.0276396 0.0320240 0.0320274 0.0267263 0.1515366
3.3834940 0.0005851 0.0033851 0.0099087 0.0195818 0.0291771 0.0350009 0.0349703 0.0294667 0.1620758
3.4035743 0.0005598 0.0032974 0.0095301 0.0188477 0.0286056 0.0332098 0.0328678 0.0285432 0.1554613
3.4236546 0.0005356 0.0031484 0.0092230 0.0179355 0.0265821 0.0317858 0.0320531 0.0277967 0.1490603
3.4437349 0.0005125 0.0030977 0.0091787 0.0178278 0.0271340 0.0324286 0.0334696 0.0295402 0.1531891
3.4638152 0.0004903 0.0029519 0.0085413 0.0165034 0.0246399 0.0298276 0.0302955 0.0269571 0.1402069
3.4838955 0.0004692 0.0027564 0.0084802 0.0169573 0.0261328 0.0314863 0.0324031 0.0302128 0.1488980
3.5039759 0.0004489 0.0026170 0.0078000 0.0158839 0.0240836 0.0299151 0.0316649 0.0283556 0.1407691
3.5240562 0.0004295 0.0026365 0.0079025 0.0161624 0.0252779 0.0317146 0.0321606 0.0299695 0.1462536
3.5441364 0.0004109 0.0024415 0.0076093 0.0155862 0.0242528 0.0303834 0.0309965 0.0281625 0.1398432
3.5642167 0.0003932 0.0024391 0.0076248 0.0162615 0.0249513 0.0310747 0.0317950 0.0283490 0.1428888
3.5842970 0.0003762 0.0022709 0.0071053 0.0151975 0.0229180 0.0289325 0.0306094 0.0281232 0.1355330
3.6043774 0.0003599 0.0021986 0.0068975 0.0144721 0.0223950 0.0283790 0.0310925 0.0280499 0.1338446
3.6244577 0.0003444 0.0022172 0.0068848 0.0143807 0.0223423 0.0286107 0.0316374 0.0304820 0.1368996
3.6445380 0.0003295 0.0020733 0.0067270 0.0143196 0.0230765 0.0300175 0.0325295 0.0299002 0.1389730
3.6646184 0.0003152 0.0020209 0.0061779 0.0134672 0.0208734 0.0272718 0.0292680 0.0271620 0.1265563
3.6846987 0.0003016 0.0019129 0.0059220 0.0126134 0.0205643 0.0263968 0.0287189 0.0260787 0.1225086
3.7047790 0.0002886 0.0018147 0.0058774 0.0125187 0.0208477 0.0264498 0.0295374 0.0288017 0.1261361
3.7248593 0.0002761 0.0017815 0.0057161 0.0121154 0.0200809 0.0261996 0.0290479 0.0272008 0.1224182
3.7449397 0.0002642 0.0017305 0.0054340 0.0118768 0.0204713 0.0268883 0.0304684 0.0292909 0.1264245
3.7650200 0.0002528 0.0016986 0.0053743 0.0116668 0.0188431 0.0248212 0.0277235 0.0264829 0.1168631
3.7851003 0.0002418 0.0016471 0.0050910 0.0112441 0.0187740 0.0253784 0.0286986 0.0282626 0.1193377
3.8051806 0.0002314 0.0014719 0.0048252 0.0104482 0.0176402 0.0231293 0.0258661 0.0246900 0.1083021
3.8252609 0.0002214 0.0014863 0.0049810 0.0112005 0.0189266 0.0256486 0.0287409 0.0283825 0.1195877
3.8453413 0.0002118 0.0013962 0.0045973 0.0106040 0.0181183 0.0254750 0.0296491 0.0286789 0.1187307
3.8654216 0.0002027 0.0013683 0.0047202 0.0108577 0.0183946 0.0256906 0.0304472 0.0305941 0.1222755
3.8855020 0.0001939 0.0012710 0.0041916 0.0098632 0.0168053 0.0239289 0.0276967 0.0277526 0.1117031
3.9055823 0.0001855 0.0012468 0.0041264 0.0094337 0.0162038 0.0226394 0.0269533 0.0281345 0.1089235
3.9256626 0.0001775 0.0012197 0.0041630 0.0098861 0.0174122 0.0243781 0.0282956 0.0286123 0.1141445
3.9457429 0.0001698 0.0011773 0.0042071 0.0097799 0.0166938 0.0241760 0.0278624 0.0285483 0.1126146
3.9658232 0.0001625 0.0011439 0.0040749 0.0092291 0.0162080 0.0227880 0.0272432 0.0286192 0.1094688
3.9859035 0.0001555 0.0010925 0.0037002 0.0089649 0.0159443 0.0230486 0.0274898 0.0291261 0.1095219
4.0059838 0.0001488 0.0010510 0.0035021 0.0083395 0.0150650 0.0211973 0.0250773 0.0259316 0.1003126
4.0260644 0.0001423 0.0010088 0.0037157 0.0089308 0.0160424 0.0228917 0.0272447 0.0274990 0.1074755
4.0461445 0.0001362 0.0009664 0.0035592 0.0085547 0.0151327 0.0221945 0.0269179 0.0286414 0.1061028
4.0662250 0.0001303 0.0009526 0.0033834 0.0081372 0.0144062 0.0207708 0.0255900 0.0278736 0.1012441
4.0863051 0.0001247 0.0009011 0.0034823 0.0085702 0.0157407 0.0235028 0.0287495 0.0300306 0.1111020
4.1063856 0.0001193 0.0008557 0.0031020 0.0075938 0.0138119 0.0198028 0.0243911 0.0255634 0.0952400
4.1264659 0.0001141 0.0008377 0.0031382 0.0075292 0.0134174 0.0193537 0.0238588 0.0243842 0.0926334
4.1465463 0.0001092 0.0007688 0.0029241 0.0069818 0.0130580 0.0204962 0.0253075 0.0269426 0.0965881
4.1666265 0.0001045 0.0007688 0.0028404 0.0070668 0.0133855 0.0206462 0.0263342 0.0287926 0.0999390
4.1867069 0.0001000 0.0007244 0.0027507 0.0070945 0.0130949 0.0198803 0.0256443 0.0289193 0.0982086
4.2067871 0.0000956 0.0007232 0.0026941 0.0066536 0.0120014 0.0181229 0.0226512 0.0244269 0.0873687
4.2268676 0.0000915 0.0006750 0.0025188 0.0064702 0.0118612 0.0174518 0.0216998 0.0241128 0.0848810
4.2469478 0.0000876 0.0006591 0.0025635 0.0065971 0.0126794 0.0196230 0.0256460 0.0285625 0.0964182
4.2670282 0.0000838 0.0006244 0.0022487 0.0057300 0.0105246 0.0155583 0.0199125 0.0218002 0.0764824
4.2871084 0.0000801 0.0006047 0.0023174 0.0058011 0.0106557 0.0165288 0.0210737 0.0237921 0.0808538
4.3071889 0.0000767 0.0005824 0.0021031 0.0054161 0.0105466 0.0170303 0.0229721 0.0266649 0.0853923
4.3272691 0.0000734 0.0005734 0.0021637 0.0054320 0.0108201 0.0169118 0.0219271 0.0254087 0.0833102
4.3473495 0.0000702 0.0005173 0.0020633 0.0054962 0.0103569 0.0156942 0.0206595 0.0236395 0.0784971
4.3674297 0.0000672 0.0005184 0.0018920 0.0049012 0.0094839 0.0151442 0.0199260 0.0231001 0.0750331
4.3875101 0.0000643 0.0005294 0.0019788 0.0049683 0.0097821 0.0157041 0.0213861 0.0246594 0.0790725
4.4075904 0.0000615 0.0004681 0.0019687 0.0051993 0.0104533 0.0167100 0.0227615 0.0264100 0.0840325
4.4276709 0.0000588 0.0004583 0.0018637 0.0046645 0.0096816 0.0159605 0.0214065 0.0247463 0.0788401
4.4477510 0.0000563 0.0004466 0.0017922 0.0046913 0.0091629 0.0150134 0.0209300 0.0242634 0.0763562
4.4678315 0.0000539 0.0004054 0.0017035 0.0044012 0.0091254 0.0147616 0.0200015 0.0228560 0.0733085
4.4879117 0.0000515 0.0004303 0.0015375 0.0041774 0.0086405 0.0140808 0.0198202 0.0238029 0.0725412
4.5079919 0.0000493 0.0004046 0.0016099 0.0042692 0.0086850 0.0143894 0.0196403 0.0229340 0.0719817
4.5280724 0.0000472 0.0003745 0.0014974 0.0038966 0.0077836 0.0125251 0.0174383 0.0207852 0.0643481
4.5481525 0.0000451 0.0003826 0.0014050 0.0038416 0.0077633 0.0127916 0.0176531 0.0210210 0.0649033
4.5682330 0.0000432 0.0003403 0.0014830 0.0038643 0.0076529 0.0129727 0.0180105 0.0215695 0.0659364
4.5883132 0.0000413 0.0003402 0.0014425 0.0039060 0.0081767 0.0134249 0.0188727 0.0226757 0.0688799
4.6083937 0.0000395 0.0003011 0.0012467 0.0035652 0.0075338 0.0126803 0.0180307 0.0222980 0.0656953
4.6284739 0.0000378 0.0003483 0.0014387 0.0041908 0.0086562 0.0147321 0.0208965 0.0259431 0.0762434
4.6485543 0.0000362 0.0003004 0.0013225 0.0038161 0.0082575 0.0140128 0.0196938 0.0245959 0.0720351
4.6686344 0.0000346 0.0002788 0.0012479 0.0034712 0.0076210 0.0129339 0.0187016 0.0230182 0.0673072
4.6887149 0.0000331 0.0002995 0.0012633 0.0033840 0.0069749 0.0115938 0.0171649 0.0212868 0.0620002
4.7087952 0.0000317 0.0002719 0.0011653 0.0032064 0.0070152 0.0121727 0.0177627 0.0218991 0.0635249
4.7288755 0.0000303 0.0002482 0.0010559 0.0030959 0.0066882 0.0121964 0.0176118 0.0217494 0.0626761
4.7489558 0.0000290 0.0002243 0.0010279 0.0030455 0.0062135 0.0108249 0.0154576 0.0190357 0.0558584
4.7690362 0.0000278 0.0002563 0.0010634 0.0029423 0.0064281 0.0113894 0.0163073 0.0200567 0.0584711
4.7891164 0.0000266 0.0002286 0.0009839 0.0029910 0.0065256 0.0111712 0.0165343 0.0212510 0.0597121
4.8091968 0.0000254 0.0002206 0.0009385 0.0027256 0.0058553 0.0103628 0.0154132 0.0191533 0.0546948
4.8292770 0.0000243 0.0002029 0.0009287 0.0026325 0.0055090 0.0094360 0.0137825 0.0177588 0.0502749
4.8493575 0.0000233 0.0001945 0.0007910 0.0022787 0.0049816 0.0088895 0.0128114 0.0162033 0.0461733
4.8694377 0.0000223 0.0001943 0.0008265 0.0024839 0.0054610 0.0094386 0.0141211 0.0183548 0.0509025
4.8895182 0.0000213 0.0001852 0.0007784 0.0022997 0.0052517 0.0091080 0.0137417 0.0174576 0.0488434
4.9095984 0.0000204 0.0001799 0.0008333 0.0024209 0.0052445 0.0092122 0.0141105 0.0185077 0.0505295
4.9296788 0.0000195 0.0001786 0.0006820 0.0020474 0.0046887 0.0087168 0.0139855 0.0185500 0.0488685
4.9497590 0.0000187 0.0001738 0.0008188 0.0024752 0.0057457 0.0101230 0.0151318 0.0196979 0.0541850
4.9698395 0.0000178 0.0001685 0.0007476 0.0022238 0.0049604 0.0091864 0.0137334 0.0183442 0.0493823
4.9899197 0.0000171 0.0001640 0.0007073 0.0020625 0.0046449 0.0085428 0.0128550 0.0166099 0.0456037
5.0100001 0.0000163 0.0001392 0.0005830 0.0017371 0.0039841 0.0074756 0.0119141 0.0160934 0.0419429