-------- p=0.000 a=1.000 mu=-2.200 N=20000000 time=2017-02-23 08:00:39 --------
0.0100000 0.9782402 0.0007165 0.0000000 0.0000000 0.0000000 0.0000000 0.0000000 0.0000000 0.9789567
0.0300803 0.9359655 0.0036581 0.0000019 0.0000000 0.0000000 0.0000000 0.0000000 0.0000000 0.9396255
0.0501606 0.8955176 0.0075082 0.0000387 0.0000000 0.0000000 0.0000000 0.0000000 0.0000000 0.9030645
0.0702410 0.8568177 0.0118404 0.0000835 0.0000000 0.0000000 0.0000000 0.0000000 0.0000000 0.8687416
0.0903213 0.8197902 0.0163061 0.0001701 0.0000000 0.0000000 0.0000000 0.0000000 0.0000000 0.8362664
0.1104016 0.7843629 0.0211534 0.0002949 0.0000000 0.0000000 0.0000000 0.0000000 0.0000000 0.8058111
0.1304819 0.7504665 0.0259446 0.0003973 0.0000003 0.0000000 0.0000000 0.0000000 0.0000000 0.7768088
0.1505622 0.7180350 0.0303501 0.0007442 0.0000039 0.0000000 0.0000000 0.0000000 0.0000000 0.7491332
0.1706426 0.6870050 0.0350726 0.0010376 0.0000025 0.0000000 0.0000000 0.0000000 0.0000000 0.7231178
0.1907229 0.6573160 0.0394907 0.0011339 0.0000185 0.0000000 0.0000000 0.0000000 0.0000000 0.6979591
0.2108032 0.6289100 0.0438022 0.0012895 0.0000177 0.0000000 0.0000000 0.0000000 0.0000000 0.6740194
0.2308835 0.6017316 0.0480706 0.0020558 0.0000875 0.0000002 0.0000000 0.0000000 0.0000000 0.6519456
0.2509638 0.5757277 0.0518060 0.0024280 0.0000324 0.0000000 0.0000000 0.0000000 0.0000000 0.6299941
0.2710442 0.5508476 0.0554654 0.0028662 0.0000613 0.0000000 0.0000000 0.0000000 0.0000000 0.6092404
0.2911245 0.5270426 0.0589115 0.0033646 0.0001448 0.0000038 0.0000000 0.0000000 0.0000000 0.5894674
0.3112048 0.5042664 0.0619872 0.0037641 0.0001257 0.0000035 0.0000000 0.0000000 0.0000000 0.5701470
0.3312851 0.4824745 0.0651184 0.0042760 0.0002741 0.0000052 0.0000000 0.0000000 0.0000000 0.5521481
0.3513654 0.4616243 0.0675346 0.0046949 0.0002290 0.0000024 0.0000000 0.0000000 0.0000000 0.5340852
0.3714458 0.4416751 0.0698845 0.0054981 0.0002198 0.0000102 0.0000000 0.0000000 0.0000000 0.5172877
0.3915261 0.4225881 0.0720650 0.0059851 0.0003468 0.0000153 0.0000000 0.0000000 0.0000000 0.5010003
0.4116064 0.4043259 0.0742720 0.0069394 0.0003775 0.0000623 0.0000001 0.0000000 0.0000000 0.4859772
0.4316867 0.3868529 0.0759474 0.0076176 0.0004739 0.0000182 0.0000000 0.0000000 0.0000000 0.4709100
0.4517670 0.3701350 0.0775679 0.0080565 0.0004711 0.0000340 0.0000000 0.0000000 0.0000000 0.4562646
0.4718474 0.3541396 0.0786784 0.0084361 0.0007289 0.0000275 0.0000004 0.0000000 0.0000000 0.4420109
0.4919277 0.3388354 0.0801796 0.0096968 0.0006513 0.0000560 0.0000006 0.0000000 0.0000000 0.4294197
0.5120080 0.3241926 0.0813033 0.0101345 0.0008874 0.0000433 0.0000001 0.0000000 0.0000000 0.4165612
0.5320883 0.3101825 0.0819396 0.0104757 0.0010121 0.0000678 0.0000003 0.0000000 0.0000000 0.4036780
0.5521687 0.2967779 0.0826834 0.0120875 0.0011523 0.0001086 0.0000165 0.0000000 0.0000000 0.3928262
0.5722489 0.2839527 0.0830923 0.0121622 0.0012376 0.0000950 0.0000006 0.0000000 0.0000000 0.3805404
0.5923293 0.2716816 0.0832972 0.0128804 0.0016090 0.0001477 0.0000115 0.0000000 0.0000000 0.3696275
0.6124096 0.2599409 0.0834422 0.0137834 0.0016005 0.0002053 0.0000608 0.0000002 0.0000000 0.3590332
0.6324899 0.2487075 0.0840036 0.0141548 0.0015701 0.0001309 0.0000057 0.0000005 0.0000000 0.3485732
0.6525702 0.2379596 0.0837006 0.0144659 0.0017052 0.0001198 0.0000022 0.0000000 0.0000000 0.3379533
0.6726506 0.2276761 0.0834896 0.0153558 0.0019486 0.0001840 0.0000294 0.0000000 0.0000000 0.3286836
0.6927309 0.2178370 0.0832429 0.0159780 0.0019084 0.0001916 0.0000110 0.0000000 0.0000000 0.3191690
0.7128112 0.2084232 0.0827109 0.0167851 0.0022356 0.0002779 0.0000403 0.0000004 0.0000000 0.3104734
0.7328916 0.1994162 0.0822029 0.0170795 0.0024619 0.0003789 0.0000486 0.0000005 0.0000000 0.3015885
0.7529718 0.1907984 0.0816461 0.0174488 0.0024947 0.0002359 0.0000306 0.0000091 0.0000001 0.2926637
0.7730522 0.1825530 0.0810220 0.0184583 0.0027416 0.0003221 0.0000359 0.0000079 0.0000001 0.2851408
0.7931325 0.1746639 0.0803265 0.0191561 0.0029199 0.0002885 0.0000186 0.0000002 0.0000000 0.2773737
0.8132128 0.1671158 0.0796575 0.0193389 0.0031483 0.0004107 0.0001038 0.0000292 0.0000020 0.2698062
0.8332931 0.1598939 0.0786949 0.0194216 0.0032066 0.0004289 0.0000185 0.0000000 0.0000000 0.2616643
0.8533735 0.1529840 0.0774732 0.0203043 0.0034280 0.0004391 0.0000284 0.0000001 0.0000000 0.2546570
0.8734538 0.1463728 0.0766951 0.0204400 0.0036314 0.0004971 0.0000536 0.0000051 0.0000000 0.2476951
0.8935341 0.1400473 0.0756694 0.0205765 0.0034881 0.0004866 0.0000500 0.0000234 0.0000140 0.2403553
0.9136144 0.1339952 0.0743646 0.0208276 0.0036044 0.0004733 0.0000629 0.0000122 0.0000011 0.2333412
0.9336947 0.1282045 0.0735486 0.0213627 0.0042035 0.0006033 0.0000531 0.0000047 0.0000000 0.2279804
0.9537750 0.1226642 0.0721134 0.0212180 0.0045011 0.0005862 0.0000554 0.0000034 0.0000000 0.2211415
0.9738554 0.1173632 0.0713757 0.0217472 0.0046784 0.0007097 0.0000916 0.0000011 0.0000000 0.2159669
0.9939357 0.1122913 0.0698250 0.0214441 0.0044508 0.0007854 0.0001110 0.0000050 0.0000000 0.2089127
1.0140160 0.1074387 0.0688328 0.0225793 0.0048857 0.0007983 0.0000629 0.0000224 0.0000003 0.2046203
1.0340964 0.1027957 0.0675488 0.0226342 0.0049308 0.0009428 0.0001411 0.0000168 0.0000132 0.1990233
1.0541767 0.0983533 0.0663404 0.0225093 0.0050719 0.0007608 0.0001160 0.0000016 0.0000000 0.1931534
1.0742570 0.0941030 0.0651006 0.0224765 0.0053557 0.0008657 0.0001676 0.0000214 0.0000004 0.1880908
1.0943373 0.0900363 0.0640561 0.0226268 0.0052446 0.0009571 0.0001212 0.0000103 0.0000005 0.1830530
1.1144177 0.0861454 0.0624120 0.0226451 0.0056914 0.0010381 0.0001708 0.0000180 0.0000002 0.1781210
1.1344979 0.0824226 0.0613737 0.0230567 0.0057161 0.0010161 0.0001237 0.0000095 0.0000123 0.1737306
1.1545782 0.0788607 0.0601182 0.0232375 0.0057109 0.0011293 0.0001541 0.0000110 0.0000000 0.1692218
1.1746585 0.0754527 0.0586228 0.0226011 0.0059749 0.0013753 0.0002431 0.0000258 0.0000003 0.1642959
1.1947389 0.0721920 0.0575540 0.0231673 0.0065509 0.0012855 0.0002274 0.0000256 0.0000002 0.1610030
1.2148192 0.0690722 0.0562243 0.0230609 0.0061613 0.0012712 0.0002040 0.0000312 0.0000024 0.1560277
1.2348995 0.0660873 0.0548158 0.0227512 0.0063906 0.0013758 0.0002654 0.0000485 0.0000003 0.1517348
1.2549798 0.0632313 0.0537754 0.0227932 0.0067573 0.0016301 0.0003378 0.0000725 0.0000057 0.1486034
1.2750602 0.0604988 0.0524879 0.0229556 0.0067898 0.0014595 0.0002762 0.0000342 0.0000004 0.1445023
1.2951405 0.0578843 0.0512345 0.0229350 0.0068481 0.0016391 0.0003461 0.0000767 0.0000023 0.1409660
1.3152208 0.0553828 0.0500255 0.0228670 0.0071728 0.0017624 0.0002925 0.0000303 0.0000007 0.1375339
1.3353012 0.0529894 0.0489391 0.0226650 0.0070579 0.0016375 0.0003057 0.0000395 0.0000026 0.1336368
1.3553815 0.0506995 0.0475110 0.0226246 0.0071760 0.0017062 0.0003760 0.0000627 0.0000016 0.1301577
1.3754618 0.0485085 0.0463467 0.0225375 0.0074060 0.0019133 0.0003749 0.0000484 0.0000030 0.1271382
1.3955421 0.0464122 0.0452774 0.0218276 0.0074249 0.0019597 0.0003583 0.0000524 0.0000168 0.1233292
1.4156225 0.0444065 0.0440272 0.0220534 0.0077088 0.0020877 0.0003674 0.0000516 0.0000052 0.1207079
1.4357028 0.0424875 0.0429412 0.0219397 0.0075011 0.0020336 0.0004206 0.0000650 0.0000170 0.1174056
1.4557831 0.0406514 0.0418194 0.0213846 0.0075523 0.0020587 0.0004258 0.0000667 0.0000044 0.1139632
1.4758633 0.0388946 0.0407964 0.0213921 0.0076805 0.0020750 0.0004518 0.0000580 0.0000070 0.1113554
1.4959437 0.0372138 0.0396257 0.0211254 0.0077232 0.0021761 0.0004751 0.0000730 0.0000347 0.1084468
1.5160240 0.0356056 0.0386781 0.0212369 0.0079996 0.0021852 0.0005419 0.0001218 0.0000089 0.1063780
1.5361043 0.0340669 0.0375631 0.0207208 0.0076904 0.0021513 0.0005087 0.0000930 0.0000192 0.1028133
1.5561846 0.0325947 0.0366184 0.0213413 0.0081260 0.0025483 0.0005028 0.0000943 0.0000273 0.1018530
1.5762650 0.0311861 0.0355448 0.0206147 0.0079491 0.0022956 0.0005894 0.0000931 0.0000058 0.0982786
1.5963453 0.0298384 0.0346259 0.0201104 0.0079508 0.0024263 0.0006840 0.0001415 0.0000252 0.0958024
1.6164256 0.0285489 0.0336523 0.0198683 0.0079516 0.0024693 0.0006634 0.0001362 0.0000198 0.0933098
1.6365060 0.0273152 0.0326572 0.0197683 0.0082151 0.0026530 0.0007126 0.0001453 0.0000199 0.0914866
1.6565863 0.0261347 0.0317811 0.0193161 0.0080976 0.0024218 0.0006293 0.0001352 0.0000146 0.0885304
1.6766666 0.0250053 0.0308842 0.0193737 0.0078602 0.0025684 0.0006741 0.0001167 0.0000201 0.0865028
1.6967469 0.0239247 0.0301159 0.0189545 0.0079805 0.0025801 0.0006760 0.0001487 0.0000177 0.0843982
1.7168273 0.0228908 0.0290828 0.0185158 0.0080241 0.0026684 0.0006777 0.0001511 0.0000395 0.0820502
1.7369076 0.0219016 0.0281968 0.0184081 0.0081131 0.0027159 0.0006737 0.0001090 0.0000140 0.0801321
1.7569879 0.0209551 0.0273787 0.0182998 0.0082021 0.0028153 0.0007682 0.0002230 0.0000556 0.0786978
1.7770681 0.0200495 0.0266808 0.0175370 0.0079706 0.0027588 0.0007219 0.0001564 0.0000311 0.0759061
1.7971485 0.0191831 0.0259812 0.0175591 0.0078740 0.0028060 0.0008821 0.0002227 0.0000312 0.0745394
1.8172288 0.0183541 0.0249902 0.0173744 0.0081234 0.0028526 0.0008102 0.0001561 0.0000471 0.0727081
1.8373091 0.0175609 0.0243486 0.0171448 0.0081114 0.0029306 0.0008620 0.0001753 0.0000275 0.0711612
1.8573895 0.0168020 0.0236919 0.0167586 0.0081690 0.0029793 0.0008592 0.0001831 0.0000540 0.0694971
1.8774698 0.0160759 0.0228632 0.0163366 0.0079827 0.0030485 0.0008989 0.0002403 0.0000515 0.0674975
1.8975501 0.0153812 0.0222570 0.0158214 0.0077814 0.0028599 0.0009033 0.0002618 0.0000419 0.0653078
1.9176304 0.0147165 0.0215851 0.0158398 0.0077380 0.0028588 0.0008724 0.0001991 0.0000316 0.0638413
1.9377108 0.0140805 0.0207579 0.0153667 0.0078937 0.0029305 0.0008937 0.0002078 0.0000236 0.0621544
1.9577911 0.0134720 0.0201150 0.0153831 0.0079079 0.0030307 0.0008479 0.0002587 0.0000577 0.0610730
1.9778714 0.0128898 0.0195815 0.0151081 0.0076558 0.0030199 0.0009229 0.0002213 0.0000537 0.0594530
1.9979517 0.0123328 0.0189901 0.0146560 0.0077413 0.0031665 0.0010238 0.0002911 0.0000533 0.0582549
2.0180321 0.0117998 0.0183105 0.0141094 0.0075047 0.0028057 0.0009325 0.0003004 0.0000539 0.0558169
2.0381124 0.0112899 0.0177130 0.0139892 0.0075726 0.0029413 0.0009566 0.0002248 0.0000401 0.0547275
2.0581927 0.0108020 0.0173142 0.0138018 0.0075120 0.0031749 0.0010404 0.0002949 0.0000790 0.0540190
2.0782731 0.0103352 0.0167187 0.0133605 0.0073639 0.0031021 0.0011103 0.0003081 0.0000844 0.0523832
2.0983534 0.0098886 0.0162379 0.0131071 0.0071290 0.0030026 0.0010538 0.0003228 0.0001138 0.0508554
2.1184337 0.0094612 0.0156645 0.0129009 0.0070965 0.0030484 0.0010758 0.0003306 0.0000712 0.0496491
2.1385140 0.0090523 0.0151603 0.0126086 0.0070949 0.0031347 0.0011098 0.0003548 0.0000825 0.0485979
2.1585944 0.0086612 0.0146099 0.0125137 0.0070422 0.0031445 0.0011334 0.0003184 0.0000878 0.0475111
2.1786747 0.0082869 0.0141726 0.0122411 0.0071725 0.0031678 0.0011579 0.0003275 0.0000898 0.0466160
2.1987550 0.0079287 0.0137059 0.0118560 0.0069688 0.0030498 0.0011340 0.0003377 0.0000866 0.0450674
2.2188354 0.0075861 0.0132823 0.0115548 0.0067971 0.0030890 0.0011613 0.0003402 0.0000757 0.0438866
2.2389157 0.0072583 0.0128129 0.0115459 0.0068279 0.0030509 0.0011207 0.0003108 0.0000800 0.0430073
2.2589958 0.0069446 0.0124680 0.0112872 0.0068427 0.0031329 0.0011256 0.0003378 0.0001169 0.0422557
2.2790761 0.0066445 0.0120195 0.0109760 0.0068091 0.0031103 0.0011714 0.0003422 0.0000671 0.0411401
2.2991564 0.0063573 0.0116029 0.0105931 0.0066083 0.0031114 0.0011469 0.0003474 0.0001039 0.0398713
2.3192368 0.0060826 0.0112717 0.0103793 0.0065553 0.0031427 0.0012545 0.0003876 0.0001011 0.0391747
2.3393171 0.0058198 0.0108285 0.0101484 0.0063443 0.0031291 0.0011971 0.0003804 0.0001291 0.0379765
2.3593974 0.0055683 0.0105358 0.0098944 0.0064670 0.0031557 0.0012818 0.0004701 0.0001424 0.0375154
2.3794777 0.0053276 0.0101513 0.0096738 0.0062779 0.0031292 0.0012155 0.0003964 0.0001015 0.0362732
2.3995581 0.0050974 0.0098239 0.0095733 0.0061708 0.0031084 0.0011291 0.0003721 0.0000735 0.0353486
2.4196384 0.0048771 0.0094546 0.0092873 0.0060951 0.0029841 0.0011583 0.0003398 0.0000883 0.0342848
2.4397187 0.0046663 0.0091242 0.0090445 0.0059387 0.0029835 0.0011852 0.0004035 0.0001183 0.0334643
2.4597991 0.0044647 0.0088068 0.0086599 0.0057899 0.0029643 0.0011986 0.0004150 0.0001398 0.0324389
2.4798794 0.0042717 0.0084722 0.0084444 0.0056532 0.0028822 0.0011528 0.0003827 0.0001193 0.0313785
2.4999597 0.0040871 0.0082183 0.0083224 0.0057090 0.0030885 0.0012512 0.0004309 0.0001089 0.0312163
2.5200400 0.0039105 0.0079972 0.0081667 0.0056245 0.0028855 0.0012125 0.0004433 0.0001208 0.0303610
2.5401204 0.0037415 0.0076753 0.0080553 0.0055506 0.0028027 0.0012241 0.0003698 0.0001222 0.0295415
2.5602007 0.0035798 0.0074712 0.0077838 0.0054129 0.0029074 0.0012969 0.0004788 0.0001397 0.0290705
2.5802810 0.0034251 0.0071511 0.0076178 0.0053638 0.0029347 0.0012410 0.0005072 0.0001765 0.0284172
2.6003613 0.0032771 0.0069508 0.0072841 0.0052283 0.0028723 0.0012936 0.0005402 0.0001547 0.0276011
2.6204417 0.0031355 0.0066840 0.0072766 0.0053521 0.0029263 0.0012965 0.0005059 0.0001476 0.0273245
2.6405220 0.0030000 0.0064626 0.0070337 0.0051218 0.0028316 0.0011935 0.0004456 0.0001557 0.0262444
2.6606023 0.0028703 0.0062565 0.0069046 0.0050424 0.0028237 0.0013193 0.0005253 0.0001649 0.0259070
2.6806827 0.0027463 0.0060248 0.0065545 0.0048560 0.0027457 0.0013358 0.0005397 0.0002164 0.0250192
2.7007630 0.0026276 0.0058548 0.0065671 0.0049317 0.0029116 0.0013144 0.0005003 0.0001663 0.0248739
2.7208433 0.0025141 0.0056291 0.0062267 0.0047590 0.0027507 0.0012214 0.0004820 0.0001513 0.0237344
2.7409236 0.0024054 0.0054202 0.0060169 0.0047304 0.0026350 0.0011746 0.0004844 0.0001401 0.0230070
2.7610040 0.0023015 0.0052338 0.0059129 0.0046748 0.0026053 0.0013217 0.0005318 0.0001872 0.0227690
2.7810843 0.0022020 0.0050499 0.0057579 0.0044727 0.0025898 0.0012441 0.0004723 0.0001753 0.0219641
2.8011646 0.0021068 0.0048699 0.0057216 0.0044667 0.0025590 0.0012309 0.0004718 0.0001602 0.0215870
2.8212450 0.0020158 0.0047319 0.0055476 0.0044008 0.0025972 0.0012781 0.0005455 0.0001812 0.0212981
2.8413253 0.0019287 0.0045591 0.0053599 0.0042796 0.0025482 0.0012255 0.0005239 0.0002023 0.0206271
2.8614056 0.0018453 0.0043934 0.0052065 0.0041561 0.0024882 0.0011639 0.0004716 0.0002051 0.0199302
2.8814859 0.0017656 0.0042662 0.0051290 0.0041407 0.0025167 0.0012360 0.0005252 0.0001999 0.0197793
2.9015663 0.0016893 0.0040911 0.0048999 0.0040171 0.0025295 0.0012193 0.0004681 0.0001895 0.0191038
2.9216464 0.0016163 0.0039103 0.0046957 0.0038410 0.0024003 0.0011761 0.0004736 0.0001861 0.0182994
2.9417267 0.0015464 0.0038054 0.0047262 0.0038644 0.0023916 0.0012545 0.0005081 0.0001674 0.0182640
2.9618070 0.0014796 0.0036702 0.0045549 0.0037187 0.0023272 0.0011641 0.0005045 0.0001952 0.0176144
2.9818873 0.0014157 0.0035588 0.0044253 0.0037738 0.0023865 0.0011998 0.0005303 0.0002044 0.0174945
3.0019677 0.0013545 0.0033984 0.0042586 0.0036143 0.0023090 0.0011806 0.0005481 0.0001947 0.0168583
3.0220480 0.0012960 0.0033043 0.0042122 0.0035715 0.0023653 0.0012625 0.0005124 0.0001869 0.0167110
3.0421283 0.0012400 0.0031804 0.0040488 0.0034853 0.0022967 0.0011715 0.0005213 0.0001989 0.0161428
3.0622087 0.0011864 0.0030692 0.0039423 0.0033947 0.0022670 0.0012303 0.0005723 0.0001971 0.0158592
3.0822890 0.0011351 0.0029545 0.0038325 0.0034302 0.0022453 0.0011566 0.0005230 0.0002045 0.0154818
3.1023693 0.0010860 0.0028185 0.0037263 0.0032340 0.0021221 0.0011601 0.0005005 0.0001953 0.0148429
3.1224496 0.0010391 0.0027489 0.0036022 0.0032830 0.0022756 0.0012809 0.0006216 0.0002334 0.0150848
3.1425300 0.0009942 0.0026329 0.0035570 0.0031791 0.0021702 0.0011729 0.0005578 0.0002129 0.0144770
3.1626103 0.0009512 0.0025540 0.0033894 0.0030291 0.0020488 0.0011202 0.0005127 0.0002425 0.0138479
3.1826906 0.0009101 0.0024498 0.0033279 0.0030269 0.0020631 0.0011720 0.0005497 0.0002115 0.0137111
3.2027709 0.0008708 0.0023570 0.0032890 0.0029845 0.0020472 0.0011605 0.0005060 0.0001898 0.0134047
3.2228513 0.0008332 0.0022824 0.0030657 0.0028113 0.0019307 0.0010983 0.0004937 0.0001968 0.0127121
3.2429316 0.0007972 0.0021892 0.0030806 0.0028241 0.0020002 0.0011188 0.0005389 0.0002147 0.0127636
3.2630119 0.0007627 0.0021357 0.0029666 0.0027590 0.0019799 0.0011069 0.0005252 0.0002079 0.0124439
3.2830923 0.0007298 0.0020493 0.0028897 0.0026957 0.0018677 0.0010846 0.0005429 0.0002181 0.0120778
