-------- p=0.652 a=1.000 mu=-2.200 N=20000000 time=2017-02-23 08:00:39 --------
0.0100000 0.9761621 0.0007394 0.0000000 0.0000000 0.0000000 0.0000000 0.0000000 0.0000000 0.9769015
0.0300803 0.9299972 0.0035674 0.0000075 0.0000000 0.0000000 0.0000000 0.0000000 0.0000000 0.9335721
0.0501606 0.8860155 0.0073162 0.0000505 0.0000000 0.0000000 0.0000000 0.0000000 0.0000000 0.8933822
0.0702410 0.8441138 0.0117139 0.0000722 0.0000000 0.0000000 0.0000000 0.0000000 0.0000000 0.8559000
0.0903213 0.8041938 0.0161417 0.0001549 0.0000013 0.0000000 0.0000000 0.0000000 0.0000000 0.8204917
0.1104016 0.7661616 0.0208307 0.0002560 0.0000009 0.0000000 0.0000000 0.0000000 0.0000000 0.7872492
0.1304819 0.7299281 0.0251548 0.0004881 0.0000280 0.0000000 0.0000000 0.0000000 0.0000000 0.7555990
0.1505622 0.6954082 0.0296595 0.0006729 0.0000006 0.0000000 0.0000000 0.0000000 0.0000000 0.7257412
0.1706426 0.6625207 0.0341095 0.0008341 0.0000073 0.0000000 0.0000000 0.0000000 0.0000000 0.6974716
0.1907229 0.6311886 0.0382258 0.0012931 0.0000150 0.0000000 0.0000000 0.0000000 0.0000000 0.6707225
0.2108032 0.6013383 0.0420849 0.0013664 0.0000684 0.0000003 0.0000000 0.0000000 0.0000000 0.6448583
0.2308835 0.5728997 0.0458251 0.0019253 0.0000767 0.0000023 0.0000000 0.0000000 0.0000000 0.6207289
0.2509638 0.5458060 0.0496664 0.0023486 0.0000574 0.0000002 0.0000000 0.0000000 0.0000000 0.5978785
0.2710442 0.5199935 0.0526796 0.0027889 0.0000819 0.0000000 0.0000000 0.0000000 0.0000000 0.5755439
0.2911245 0.4954019 0.0554397 0.0030849 0.0001202 0.0000033 0.0000000 0.0000000 0.0000000 0.5540500
0.3112048 0.4719732 0.0583610 0.0038319 0.0001742 0.0000060 0.0000000 0.0000000 0.0000000 0.5343463
0.3312851 0.4496525 0.0607790 0.0039866 0.0001605 0.0000007 0.0000000 0.0000000 0.0000000 0.5145792
0.3513654 0.4283874 0.0630200 0.0048219 0.0002430 0.0000019 0.0000000 0.0000000 0.0000000 0.4964743
0.3714458 0.4081280 0.0649318 0.0050214 0.0002464 0.0000100 0.0000000 0.0000000 0.0000000 0.4783377
0.3915261 0.3888267 0.0668169 0.0058781 0.0003186 0.0000141 0.0000000 0.0000000 0.0000000 0.4618544
0.4116064 0.3704382 0.0685437 0.0065575 0.0004889 0.0000254 0.0000081 0.0000000 0.0000000 0.4460619
0.4316867 0.3529194 0.0694854 0.0065577 0.0004508 0.0000078 0.0000000 0.0000000 0.0000000 0.4294211
0.4517670 0.3362290 0.0709834 0.0077334 0.0006444 0.0000488 0.0000000 0.0000000 0.0000000 0.4156391
0.4718474 0.3203280 0.0720230 0.0081655 0.0006454 0.0000176 0.0000000 0.0000000 0.0000000 0.4011794
0.4919277 0.3051790 0.0725235 0.0085229 0.0008381 0.0001062 0.0000001 0.0000000 0.0000000 0.3871698
0.5120080 0.2907464 0.0731461 0.0093843 0.0006577 0.0000426 0.0000035 0.0000000 0.0000000 0.3739806
0.5320883 0.2769963 0.0734488 0.0101383 0.0008571 0.0000574 0.0000016 0.0000000 0.0000000 0.3614995
0.5521687 0.2638965 0.0740549 0.0103222 0.0010818 0.0000899 0.0000004 0.0000000 0.0000000 0.3494457
0.5722489 0.2514163 0.0740939 0.0107871 0.0012167 0.0001244 0.0000008 0.0000000 0.0000000 0.3376392
0.5923293 0.2395262 0.0741109 0.0115576 0.0011785 0.0001122 0.0000133 0.0000000 0.0000000 0.3264988
0.6124096 0.2281985 0.0737066 0.0118057 0.0012506 0.0001144 0.0000007 0.0000000 0.0000000 0.3150765
0.6324899 0.2174065 0.0737962 0.0124891 0.0014421 0.0001178 0.0000032 0.0000000 0.0000000 0.3052549
0.6525702 0.2071248 0.0732732 0.0133758 0.0016681 0.0001219 0.0000045 0.0000000 0.0000000 0.2955682
0.6726506 0.1973294 0.0727488 0.0136571 0.0016803 0.0001472 0.0000235 0.0000000 0.0000000 0.2855864
0.6927309 0.1879973 0.0723423 0.0141951 0.0017680 0.0001742 0.0000123 0.0000006 0.0000000 0.2764897
0.7128112 0.1791064 0.0715993 0.0141391 0.0019168 0.0002384 0.0000206 0.0000000 0.0000000 0.2670206
0.7328916 0.1706361 0.0708911 0.0149095 0.0021373 0.0002153 0.0000354 0.0000001 0.0000000 0.2588248
0.7529718 0.1625663 0.0699869 0.0152754 0.0022942 0.0002363 0.0000054 0.0000014 0.0000041 0.2503702
0.7730522 0.1548782 0.0693861 0.0155262 0.0024300 0.0003165 0.0000267 0.0000001 0.0000000 0.2425639
0.7931325 0.1475537 0.0683046 0.0159543 0.0026309 0.0003148 0.0000314 0.0000013 0.0000001 0.2347911
0.8132128 0.1405755 0.0673386 0.0162477 0.0028118 0.0003369 0.0000442 0.0000043 0.0000000 0.2273589
0.8332931 0.1339274 0.0664514 0.0167091 0.0028378 0.0004121 0.0000316 0.0000002 0.0000000 0.2203697
0.8533735 0.1275937 0.0653079 0.0170563 0.0028280 0.0003652 0.0000384 0.0000014 0.0000000 0.2131909
0.8734538 0.1215595 0.0643104 0.0173704 0.0031527 0.0005278 0.0001201 0.0000218 0.0000031 0.2070659
0.8935341 0.1158107 0.0629803 0.0172544 0.0031939 0.0004175 0.0000522 0.0000003 0.0000000 0.1997093
0.9136144 0.1103337 0.0619167 0.0177443 0.0032783 0.0004826 0.0000719 0.0000107 0.0000034 0.1938417
0.9336947 0.1051158 0.0607884 0.0179133 0.0036340 0.0005207 0.0000707 0.0000006 0.0000000 0.1880436
0.9537750 0.1001446 0.0597301 0.0178267 0.0036445 0.0005224 0.0001013 0.0000149 0.0000006 0.1819851
0.9738554 0.0954085 0.0584971 0.0183508 0.0038624 0.0006412 0.0000639 0.0000071 0.0000000 0.1768309
0.9939357 0.0908965 0.0573771 0.0179445 0.0040097 0.0007036 0.0000752 0.0000010 0.0000000 0.1710074
1.0140160 0.0865978 0.0558165 0.0182890 0.0041376 0.0006092 0.0001083 0.0000136 0.0000003 0.1655722
1.0340964 0.0825023 0.0546597 0.0180293 0.0040688 0.0007098 0.0001234 0.0000094 0.0000001 0.1601028
1.0541767 0.0786006 0.0534887 0.0182815 0.0042882 0.0008019 0.0001688 0.0000138 0.0000001 0.1556437
1.0742570 0.0748834 0.0521815 0.0188411 0.0045187 0.0008219 0.0001487 0.0000113 0.0000001 0.1514067
1.0943373 0.0713420 0.0511043 0.0183300 0.0042550 0.0007414 0.0001171 0.0000102 0.0000002 0.1459002
1.1144177 0.0679681 0.0498341 0.0181071 0.0046169 0.0009180 0.0001086 0.0000138 0.0000005 0.1415670
1.1344979 0.0647537 0.0484430 0.0181765 0.0047979 0.0009519 0.0001151 0.0000213 0.0000002 0.1372597
1.1545782 0.0616914 0.0474543 0.0185296 0.0046871 0.0009380 0.0001223 0.0000372 0.0000051 0.1334650
1.1746585 0.0587739 0.0461400 0.0179431 0.0048327 0.0009381 0.0001617 0.0000187 0.0000001 0.1288082
1.1947389 0.0559943 0.0450587 0.0180577 0.0047879 0.0011477 0.0002172 0.0000306 0.0000019 0.1252960
1.2148192 0.0533462 0.0437252 0.0177304 0.0049530 0.0010145 0.0001251 0.0000104 0.0000030 0.1209078
1.2348995 0.0508234 0.0425727 0.0179979 0.0052219 0.0011350 0.0002282 0.0000265 0.0000003 0.1180060
1.2549798 0.0484198 0.0415061 0.0179346 0.0052563 0.0011019 0.0002158 0.0000340 0.0000020 0.1144704
1.2750602 0.0461299 0.0404670 0.0180590 0.0053310 0.0012038 0.0002464 0.0000604 0.0000026 0.1115001
1.2951405 0.0439483 0.0391813 0.0178281 0.0054601 0.0011883 0.0002650 0.0000524 0.0000097 0.1079332
1.3152208 0.0418699 0.0381174 0.0177069 0.0056576 0.0013684 0.0002468 0.0000431 0.0000002 0.1050104
1.3353012 0.0398898 0.0368959 0.0172400 0.0055887 0.0013539 0.0002619 0.0000413 0.0000001 0.1012716
1.3553815 0.0380033 0.0358964 0.0173961 0.0056708 0.0013325 0.0002436 0.0000639 0.0000274 0.0986341
1.3754618 0.0362060 0.0349198 0.0172310 0.0057549 0.0013937 0.0002850 0.0000364 0.0000006 0.0958275
1.3955421 0.0344938 0.0339140 0.0166444 0.0055874 0.0015547 0.0003197 0.0000616 0.0000141 0.0925896
1.4156225 0.0328625 0.0329777 0.0166629 0.0057437 0.0015590 0.0003486 0.0000585 0.0000016 0.0902146
1.4357028 0.0313083 0.0319863 0.0166279 0.0058269 0.0015241 0.0003313 0.0000899 0.0000166 0.0877113
1.4557831 0.0298277 0.0309962 0.0166084 0.0058387 0.0015411 0.0003147 0.0000847 0.0000250 0.0852365
1.4758633 0.0284171 0.0300738 0.0162104 0.0059455 0.0015633 0.0003447 0.0000639 0.0000100 0.0826287
1.4959437 0.0270732 0.0290402 0.0157575 0.0059298 0.0016417 0.0003323 0.0000454 0.0000105 0.0798306
1.5160240 0.0257928 0.0283529 0.0156878 0.0057343 0.0017550 0.0004351 0.0000986 0.0000261 0.0778827
1.5361043 0.0245730 0.0273424 0.0153180 0.0060348 0.0017268 0.0003731 0.0000803 0.0000109 0.0754592
1.5561846 0.0234109 0.0264793 0.0149814 0.0058504 0.0017940 0.0004386 0.0000863 0.0000068 0.0730475
1.5762650 0.0223038 0.0257257 0.0148825 0.0058678 0.0017185 0.0003858 0.0000937 0.0000229 0.0710005
1.5963453 0.0212490 0.0248280 0.0147417 0.0059185 0.0018475 0.0004179 0.0000921 0.0000353 0.0691299
1.6164256 0.0202441 0.0239834 0.0144105 0.0059019 0.0018237 0.0004458 0.0000733 0.0000144 0.0668971
1.6365060 0.0192867 0.0231965 0.0142543 0.0058160 0.0018493 0.0004272 0.0000968 0.0000191 0.0649459
1.6565863 0.0183746 0.0225949 0.0141244 0.0058414 0.0019347 0.0004616 0.0001097 0.0000191 0.0634604
1.6766666 0.0175056 0.0218179 0.0139352 0.0059187 0.0018912 0.0005037 0.0000987 0.0000099 0.0616808
1.6967469 0.0166777 0.0210309 0.0135956 0.0059469 0.0020575 0.0005609 0.0001425 0.0000286 0.0600407
1.7168273 0.0158890 0.0203670 0.0131554 0.0057711 0.0019622 0.0005197 0.0001080 0.0000127 0.0577851
1.7369076 0.0151375 0.0197584 0.0128965 0.0056943 0.0019776 0.0005266 0.0001351 0.0000117 0.0561376
1.7569879 0.0144217 0.0190779 0.0126305 0.0058730 0.0019503 0.0005452 0.0001273 0.0000256 0.0546514
1.7770681 0.0137396 0.0184311 0.0124456 0.0057418 0.0021152 0.0005736 0.0001422 0.0000162 0.0532053
1.7971485 0.0130899 0.0177458 0.0121625 0.0057275 0.0019692 0.0006031 0.0001544 0.0000300 0.0514825
1.8172288 0.0124708 0.0171724 0.0119773 0.0056685 0.0020885 0.0005784 0.0001385 0.0000240 0.0501185
1.8373091 0.0118810 0.0166531 0.0117601 0.0055191 0.0019987 0.0006105 0.0001437 0.0000308 0.0485970
1.8573895 0.0113192 0.0160495 0.0113070 0.0053228 0.0020086 0.0006346 0.0001508 0.0000163 0.0468087
1.8774698 0.0107838 0.0155294 0.0112755 0.0054345 0.0020587 0.0006765 0.0001416 0.0000422 0.0459423
1.8975501 0.0102738 0.0150273 0.0108659 0.0053760 0.0020563 0.0007092 0.0002047 0.0000522 0.0445654
1.9176304 0.0097880 0.0144400 0.0106522 0.0053775 0.0020183 0.0005955 0.0001584 0.0000289 0.0430588
1.9377108 0.0093251 0.0139637 0.0104938 0.0053654 0.0020081 0.0005899 0.0001717 0.0000258 0.0419435
1.9577911 0.0088841 0.0134379 0.0101997 0.0054154 0.0020379 0.0006477 0.0001837 0.0000254 0.0408317
1.9778714 0.0084639 0.0130069 0.0099991 0.0052792 0.0020420 0.0007049 0.0002186 0.0000429 0.0397576
1.9979517 0.0080636 0.0125290 0.0097990 0.0052075 0.0020264 0.0006663 0.0001838 0.0000443 0.0385200
2.0180321 0.0076823 0.0120982 0.0095736 0.0051369 0.0021206 0.0006625 0.0001928 0.0000473 0.0375143
2.0381124 0.0073190 0.0116530 0.0093392 0.0050892 0.0021589 0.0006469 0.0001499 0.0000348 0.0363908
2.0581927 0.0069729 0.0112675 0.0093254 0.0050294 0.0021097 0.0007219 0.0002105 0.0000440 0.0356812
2.0782731 0.0066431 0.0108637 0.0088871 0.0049941 0.0021554 0.0007263 0.0002048 0.0000489 0.0345233
2.0983534 0.0063289 0.0104744 0.0087086 0.0048218 0.0020636 0.0007166 0.0002028 0.0000624 0.0333791
2.1184337 0.0060296 0.0100954 0.0085726 0.0048412 0.0020818 0.0007131 0.0002090 0.0000414 0.0325842
2.1385140 0.0057445 0.0097170 0.0082020 0.0047121 0.0020847 0.0007111 0.0002071 0.0000418 0.0314202
2.1585944 0.0054728 0.0093281 0.0079885 0.0047608 0.0021198 0.0007692 0.0002328 0.0000879 0.0307598
2.1786747 0.0052140 0.0090328 0.0077379 0.0046220 0.0020969 0.0007538 0.0002194 0.0000499 0.0297268
2.1987550 0.0049674 0.0087047 0.0076896 0.0044806 0.0020462 0.0008015 0.0002517 0.0000648 0.0290065
2.2188354 0.0047325 0.0083979 0.0074936 0.0045392 0.0021029 0.0007812 0.0002574 0.0000654 0.0283702
2.2389157 0.0045087 0.0080695 0.0072505 0.0044623 0.0020833 0.0007874 0.0002493 0.0000802 0.0274913
2.2589958 0.0042954 0.0078091 0.0072003 0.0044676 0.0020393 0.0007781 0.0003190 0.0000793 0.0269882
2.2790761 0.0040923 0.0075219 0.0069924 0.0042962 0.0020435 0.0008500 0.0002828 0.0000752 0.0261542
2.2991564 0.0038988 0.0072341 0.0067066 0.0042381 0.0020202 0.0007751 0.0002340 0.0000742 0.0251811
2.3192368 0.0037144 0.0069736 0.0065781 0.0041999 0.0020351 0.0007595 0.0002443 0.0000573 0.0245621
2.3393171 0.0035387 0.0067180 0.0062695 0.0040546 0.0019625 0.0007658 0.0002567 0.0000686 0.0236344
2.3593974 0.0033714 0.0064054 0.0061368 0.0039698 0.0019605 0.0007791 0.0002728 0.0000782 0.0229740
2.3794777 0.0032119 0.0062115 0.0060488 0.0040181 0.0019973 0.0008150 0.0002740 0.0000728 0.0226495
2.3995581 0.0030600 0.0059584 0.0058373 0.0039047 0.0019617 0.0007781 0.0002297 0.0000536 0.0217835
2.4196384 0.0029153 0.0057611 0.0057674 0.0038449 0.0019517 0.0007980 0.0002807 0.0000805 0.0213997
2.4397187 0.0027774 0.0055581 0.0055972 0.0037612 0.0018997 0.0007799 0.0002427 0.0000690 0.0206852
2.4597991 0.0026461 0.0053240 0.0053992 0.0036801 0.0019584 0.0008123 0.0002947 0.0000873 0.0202021
2.4798794 0.0025210 0.0051156 0.0052111 0.0035892 0.0018795 0.0008411 0.0002980 0.0000928 0.0195482
2.4999597 0.0024017 0.0049047 0.0050538 0.0035523 0.0018598 0.0007937 0.0002970 0.0000947 0.0189578
2.5200400 0.0022881 0.0047205 0.0048485 0.0033525 0.0018075 0.0007353 0.0002802 0.0000871 0.0181197
2.5401204 0.0021799 0.0045497 0.0047273 0.0033361 0.0018344 0.0008150 0.0003066 0.0000997 0.0178488
2.5602007 0.0020768 0.0043963 0.0045913 0.0032585 0.0018188 0.0008124 0.0003288 0.0001102 0.0173930
2.5802810 0.0019786 0.0042406 0.0045087 0.0032892 0.0017569 0.0007489 0.0002747 0.0001116 0.0169093
2.6003613 0.0018850 0.0040518 0.0043420 0.0032064 0.0018050 0.0008105 0.0002772 0.0000684 0.0164465
2.6204417 0.0017959 0.0038861 0.0042322 0.0031166 0.0017982 0.0007932 0.0003203 0.0001033 0.0160457
2.6405220 0.0017110 0.0037511 0.0041320 0.0030309 0.0017254 0.0008133 0.0003053 0.0000934 0.0155624
2.6606023 0.0016301 0.0036088 0.0040453 0.0030161 0.0017266 0.0007876 0.0003277 0.0001206 0.0152627
2.6806827 0.0015530 0.0034802 0.0039336 0.0029721 0.0016960 0.0008020 0.0003104 0.0001017 0.0148490
2.7007630 0.0014795 0.0033329 0.0037349 0.0028742 0.0016521 0.0007866 0.0003046 0.0001010 0.0142658
2.7208433 0.0014096 0.0032086 0.0036570 0.0028458 0.0016856 0.0007706 0.0003315 0.0001225 0.0140311
2.7409236 0.0013429 0.0030714 0.0034765 0.0026725 0.0015454 0.0007421 0.0003029 0.0001007 0.0132543
2.7610040 0.0012794 0.0029614 0.0034558 0.0027322 0.0016689 0.0007931 0.0003172 0.0000982 0.0133064
2.7810843 0.0012189 0.0028595 0.0033612 0.0026714 0.0016169 0.0007655 0.0002982 0.0000843 0.0128759
2.8011646 0.0011612 0.0027306 0.0031948 0.0025705 0.0015362 0.0007387 0.0002929 0.0000907 0.0123156
2.8212450 0.0011063 0.0026306 0.0030973 0.0025613 0.0015421 0.0007420 0.0003129 0.0001059 0.0120983
2.8413253 0.0010540 0.0025272 0.0030615 0.0024989 0.0015445 0.0007471 0.0003074 0.0001062 0.0118467
2.8614056 0.0010041 0.0024253 0.0029408 0.0023913 0.0015053 0.0007662 0.0003008 0.0001186 0.0114524
2.8814859 0.0009567 0.0023232 0.0028126 0.0023284 0.0014783 0.0007485 0.0003008 0.0001252 0.0110738
2.9015663 0.0009114 0.0022343 0.0026936 0.0022514 0.0014110 0.0007003 0.0002920 0.0000931 0.0105872
2.9216464 0.0008683 0.0021568 0.0026901 0.0022595 0.0014548 0.0007623 0.0003201 0.0001104 0.0106222
2.9417267 0.0008273 0.0020721 0.0026270 0.0022266 0.0014297 0.0006913 0.0002997 0.0001117 0.0102854
2.9618070 0.0007881 0.0019914 0.0025279 0.0021441 0.0013830 0.0007056 0.0003160 0.0001049 0.0099610
2.9818873 0.0007509 0.0018980 0.0023503 0.0020297 0.0013527 0.0006794 0.0002849 0.0001149 0.0094608
3.0019677 0.0007153 0.0018224 0.0022921 0.0019923 0.0012962 0.0006476 0.0002702 0.0001070 0.0091432
3.0220480 0.0006815 0.0017672 0.0022445 0.0019527 0.0013006 0.0006636 0.0002903 0.0001229 0.0090233
3.0421283 0.0006493 0.0016935 0.0021874 0.0019409 0.0012724 0.0006801 0.0003027 0.0001278 0.0088542
3.0622087 0.0006186 0.0016164 0.0021224 0.0018547 0.0012664 0.0006826 0.0003050 0.0001204 0.0085865
3.0822890 0.0005893 0.0015450 0.0020217 0.0018232 0.0012283 0.0006915 0.0003075 0.0001184 0.0083250
3.1023693 0.0005615 0.0014857 0.0019673 0.0017563 0.0011850 0.0006362 0.0002864 0.0001177 0.0079960
3.1224496 0.0005349 0.0014291 0.0019593 0.0017592 0.0012134 0.0006721 0.0003019 0.0001199 0.0079898
3.1425300 0.0005096 0.0013830 0.0018789 0.0017153 0.0011503 0.0006549 0.0002896 0.0001091 0.0076908
3.1626103 0.0004855 0.0013300 0.0018121 0.0016595 0.0011276 0.0006347 0.0002799 0.0001221 0.0074514
3.1826906 0.0004625 0.0012661 0.0017319 0.0015696 0.0010905 0.0006200 0.0002965 0.0001215 0.0071585
3.2027709 0.0004407 0.0012147 0.0016739 0.0015552 0.0011081 0.0006363 0.0003044 0.0001204 0.0070537
