-------- p=0.870 a=1.000 mu=-2.200 N=20000000 time=2017-02-23 08:00:39 --------
0.0100000 0.9745488 0.0007174 0.0000000 0.0000000 0.0000000 0.0000000 0.0000000 0.0000000 0.9752662
0.0300803 0.9253815 0.0036162 0.0000085 0.0000000 0.0000000 0.0000000 0.0000000 0.0000000 0.9290061
0.0501606 0.8786947 0.0073614 0.0000669 0.0000000 0.0000000 0.0000000 0.0000000 0.0000000 0.8861230
0.0702410 0.8343634 0.0114621 0.0001017 0.0000000 0.0000000 0.0000000 0.0000000 0.0000000 0.8459272
0.0903213 0.7922686 0.0158642 0.0001536 0.0000004 0.0000000 0.0000000 0.0000000 0.0000000 0.8082869
0.1104016 0.7522976 0.0203685 0.0002837 0.0000000 0.0000000 0.0000000 0.0000000 0.0000000 0.7729498
0.1304819 0.7143432 0.0247215 0.0004121 0.0000000 0.0000000 0.0000000 0.0000000 0.0000000 0.7394768
0.1505622 0.6783036 0.0290996 0.0005886 0.0000156 0.0000000 0.0000000 0.0000000 0.0000000 0.7080074
0.1706426 0.6440823 0.0329998 0.0009449 0.0000435 0.0000000 0.0000000 0.0000000 0.0000000 0.6780705
0.1907229 0.6115874 0.0372417 0.0011854 0.0000295 0.0000000 0.0000000 0.0000000 0.0000000 0.6500440
0.2108032 0.5807320 0.0407794 0.0015067 0.0000829 0.0000000 0.0000000 0.0000000 0.0000000 0.6231010
0.2308835 0.5514333 0.0444842 0.0018514 0.0000451 0.0000000 0.0000000 0.0000000 0.0000000 0.5978141
0.2509638 0.5236128 0.0475777 0.0022466 0.0000746 0.0000003 0.0000000 0.0000000 0.0000000 0.5735120
0.2710442 0.4971958 0.0505455 0.0025462 0.0000500 0.0000001 0.0000000 0.0000000 0.0000000 0.5503376
0.2911245 0.4721116 0.0529949 0.0029800 0.0001669 0.0000043 0.0000000 0.0000000 0.0000000 0.5282578
0.3112048 0.4482930 0.0555109 0.0035081 0.0001107 0.0000046 0.0000000 0.0000000 0.0000000 0.5074272
0.3312851 0.4256760 0.0577493 0.0038407 0.0001581 0.0000011 0.0000000 0.0000000 0.0000000 0.4874253
0.3513654 0.4042000 0.0596682 0.0042644 0.0002210 0.0000166 0.0000000 0.0000000 0.0000000 0.4683702
0.3714458 0.3838076 0.0615766 0.0048102 0.0002890 0.0000054 0.0000000 0.0000000 0.0000000 0.4504888
0.3915261 0.3644440 0.0628888 0.0057307 0.0002916 0.0000192 0.0000000 0.0000000 0.0000000 0.4333744
0.4116064 0.3460573 0.0638442 0.0062188 0.0003283 0.0000194 0.0000101 0.0000000 0.0000000 0.4164781
0.4316867 0.3285983 0.0651543 0.0064059 0.0003499 0.0000120 0.0000000 0.0000000 0.0000000 0.4005204
0.4517670 0.3120200 0.0660506 0.0069866 0.0005345 0.0000280 0.0000000 0.0000000 0.0000000 0.3856197
0.4718474 0.2962782 0.0667595 0.0079359 0.0006511 0.0000133 0.0000000 0.0000000 0.0000000 0.3716381
0.4919277 0.2813306 0.0670592 0.0080723 0.0006792 0.0000226 0.0000001 0.0000000 0.0000000 0.3571640
0.5120080 0.2671371 0.0675325 0.0088976 0.0007913 0.0000508 0.0000001 0.0000000 0.0000000 0.3444094
0.5320883 0.2536596 0.0676638 0.0090670 0.0008618 0.0000752 0.0000007 0.0000000 0.0000000 0.3313282
0.5521687 0.2408622 0.0680198 0.0097736 0.0008884 0.0000399 0.0000000 0.0000000 0.0000000 0.3195840
0.5722489 0.2287104 0.0675901 0.0102566 0.0009671 0.0000520 0.0000001 0.0000000 0.0000000 0.3075763
0.5923293 0.2171716 0.0676022 0.0105548 0.0010895 0.0000944 0.0000003 0.0000000 0.0000000 0.2965128
0.6124096 0.2062150 0.0669907 0.0111462 0.0012409 0.0001250 0.0000027 0.0000000 0.0000000 0.2857206
0.6324899 0.1958112 0.0666714 0.0116714 0.0013007 0.0001464 0.0000329 0.0000000 0.0000000 0.2756340
0.6525702 0.1859322 0.0663329 0.0118118 0.0014099 0.0001154 0.0000144 0.0000000 0.0000000 0.2656166
0.6726506 0.1765517 0.0656102 0.0124032 0.0015310 0.0001381 0.0000073 0.0000001 0.0000000 0.2562417
0.6927309 0.1676444 0.0648714 0.0124843 0.0016563 0.0001448 0.0000224 0.0000000 0.0000000 0.2468235
0.7128112 0.1591865 0.0638839 0.0128677 0.0018708 0.0001660 0.0000033 0.0000000 0.0000000 0.2379783
0.7328916 0.1511554 0.0629614 0.0134129 0.0019475 0.0002120 0.0000107 0.0000000 0.0000000 0.2296998
0.7529718 0.1435294 0.0622732 0.0137783 0.0020552 0.0002407 0.0000205 0.0000038 0.0000000 0.2219011
0.7730522 0.1362881 0.0613698 0.0139702 0.0022497 0.0002670 0.0000157 0.0000002 0.0000000 0.2141608
0.7931325 0.1294122 0.0602366 0.0141168 0.0023233 0.0002908 0.0000345 0.0000051 0.0000000 0.2064194
0.8132128 0.1228832 0.0592108 0.0145401 0.0023407 0.0002941 0.0000138 0.0000003 0.0000000 0.1992829
0.8332931 0.1166836 0.0580312 0.0146281 0.0026391 0.0003382 0.0000225 0.0000002 0.0000000 0.1923428
0.8533735 0.1107967 0.0568197 0.0144025 0.0026498 0.0002992 0.0000153 0.0000003 0.0000000 0.1849836
0.8734538 0.1052069 0.0558881 0.0151920 0.0029316 0.0004385 0.0000627 0.0000408 0.0000357 0.1797963
0.8935341 0.0998991 0.0546455 0.0151769 0.0027952 0.0004222 0.0000309 0.0000136 0.0000001 0.1729834
0.9136144 0.0948590 0.0535820 0.0152908 0.0029127 0.0004202 0.0000761 0.0000047 0.0000003 0.1671457
0.9336947 0.0900732 0.0524797 0.0153700 0.0029439 0.0004093 0.0000818 0.0000045 0.0000000 0.1613624
0.9537750 0.0855289 0.0510402 0.0154491 0.0032483 0.0005102 0.0000397 0.0000064 0.0000001 0.1558230
0.9738554 0.0812139 0.0498245 0.0158898 0.0032660 0.0005759 0.0000829 0.0000142 0.0000004 0.1508676
0.9939357 0.0771165 0.0488931 0.0158215 0.0035392 0.0005198 0.0000915 0.0000063 0.0000000 0.1459880
1.0140160 0.0732259 0.0475899 0.0153931 0.0035306 0.0005871 0.0000752 0.0000105 0.0000000 0.1404123
1.0340964 0.0695315 0.0462260 0.0156015 0.0036292 0.0006915 0.0000817 0.0000185 0.0000001 0.1357800
1.0541767 0.0660236 0.0449584 0.0155010 0.0036647 0.0006767 0.0001054 0.0000074 0.0000000 0.1309372
1.0742570 0.0626926 0.0441159 0.0155751 0.0037162 0.0006594 0.0000791 0.0000167 0.0000011 0.1268561
1.0943373 0.0595297 0.0428152 0.0156297 0.0037230 0.0006712 0.0001061 0.0000317 0.0000033 0.1225097
1.1144177 0.0565263 0.0417039 0.0157319 0.0040523 0.0008031 0.0001221 0.0000162 0.0000003 0.1189560
1.1344979 0.0536745 0.0404735 0.0155794 0.0041019 0.0007839 0.0001373 0.0000177 0.0000001 0.1147683
1.1545782 0.0509666 0.0394039 0.0153175 0.0040189 0.0007861 0.0001159 0.0000220 0.0000022 0.1106331
1.1746585 0.0483952 0.0381979 0.0153234 0.0040874 0.0008401 0.0001473 0.0000240 0.0000132 0.1070284
1.1947389 0.0459536 0.0370199 0.0151542 0.0041735 0.0008805 0.0001494 0.0000280 0.0000031 0.1033622
1.2148192 0.0436352 0.0360684 0.0150746 0.0043212 0.0009224 0.0001680 0.0000200 0.0000031 0.1002130
1.2348995 0.0414337 0.0348762 0.0152439 0.0043018 0.0009676 0.0001612 0.0000176 0.0000033 0.0970053
1.2549798 0.0393434 0.0340105 0.0147569 0.0043946 0.0010093 0.0002027 0.0000451 0.0000070 0.0937694
1.2750602 0.0373584 0.0329187 0.0144548 0.0042852 0.0010124 0.0001943 0.0000220 0.0000014 0.0902472
1.2951405 0.0354736 0.0319205 0.0145781 0.0043293 0.0009942 0.0002202 0.0000287 0.0000030 0.0875477
1.3152208 0.0336840 0.0308994 0.0141287 0.0044169 0.0011492 0.0002066 0.0000413 0.0000053 0.0845314
1.3353012 0.0319845 0.0298989 0.0139226 0.0045252 0.0011192 0.0002047 0.0000405 0.0000029 0.0816987
1.3553815 0.0303709 0.0288907 0.0139618 0.0046068 0.0011610 0.0002623 0.0000353 0.0000019 0.0792908
1.3754618 0.0288386 0.0280279 0.0138094 0.0048148 0.0012643 0.0002454 0.0000482 0.0000190 0.0770675
1.3955421 0.0273837 0.0271487 0.0135895 0.0045583 0.0012295 0.0002841 0.0000391 0.0000130 0.0742459
1.4156225 0.0260021 0.0261250 0.0133759 0.0045559 0.0012040 0.0002796 0.0000471 0.0000087 0.0715983
1.4357028 0.0246903 0.0253260 0.0130017 0.0046862 0.0012976 0.0003113 0.0000525 0.0000071 0.0693726
1.4557831 0.0234446 0.0245125 0.0130015 0.0046288 0.0013025 0.0002845 0.0000451 0.0000069 0.0672264
1.4758633 0.0222618 0.0237078 0.0127061 0.0045913 0.0012745 0.0003085 0.0000441 0.0000040 0.0648982
1.4959437 0.0211387 0.0230708 0.0126049 0.0047252 0.0013617 0.0003387 0.0001153 0.0000304 0.0633858
1.5160240 0.0200722 0.0221456 0.0121447 0.0045546 0.0012565 0.0003011 0.0000647 0.0000190 0.0605584
1.5361043 0.0190595 0.0213274 0.0122510 0.0046810 0.0013946 0.0002909 0.0000564 0.0000143 0.0590752
1.5561846 0.0180980 0.0205687 0.0118677 0.0046719 0.0013687 0.0003329 0.0000534 0.0000126 0.0569740
1.5762650 0.0171849 0.0199417 0.0116833 0.0045061 0.0013937 0.0003331 0.0000574 0.0000055 0.0551057
1.5963453 0.0163179 0.0192378 0.0112891 0.0046218 0.0014397 0.0003463 0.0000643 0.0000132 0.0533301
1.6164256 0.0154946 0.0186425 0.0114242 0.0046048 0.0013382 0.0003518 0.0000680 0.0000117 0.0519359
1.6365060 0.0147129 0.0178880 0.0112330 0.0046788 0.0014455 0.0003461 0.0000652 0.0000104 0.0503798
1.6565863 0.0139706 0.0172610 0.0106919 0.0045776 0.0015647 0.0004523 0.0001003 0.0000263 0.0486447
1.6766666 0.0132658 0.0167077 0.0105327 0.0045279 0.0015050 0.0004315 0.0000816 0.0000083 0.0470605
1.6967469 0.0125965 0.0160933 0.0103667 0.0045027 0.0014531 0.0004282 0.0001000 0.0000213 0.0455618
1.7168273 0.0119610 0.0154375 0.0101453 0.0044973 0.0015290 0.0004432 0.0001143 0.0000392 0.0441667
1.7369076 0.0113575 0.0148645 0.0098040 0.0043699 0.0015522 0.0003965 0.0001069 0.0000204 0.0424720
1.7569879 0.0107845 0.0143761 0.0096647 0.0044787 0.0016049 0.0004488 0.0001183 0.0000242 0.0415003
1.7770681 0.0102405 0.0138690 0.0094669 0.0043978 0.0015484 0.0004085 0.0000947 0.0000087 0.0400345
1.7971485 0.0097238 0.0134033 0.0092774 0.0043842 0.0015473 0.0004700 0.0001094 0.0000224 0.0389379
1.8172288 0.0092332 0.0128431 0.0088923 0.0041845 0.0015748 0.0004366 0.0001211 0.0000273 0.0373130
1.8373091 0.0087674 0.0123956 0.0087326 0.0042698 0.0014834 0.0004571 0.0001153 0.0000290 0.0362503
1.8573895 0.0083251 0.0119258 0.0085397 0.0041618 0.0015749 0.0004917 0.0001513 0.0000314 0.0352017
1.8774698 0.0079051 0.0114893 0.0083351 0.0041015 0.0015476 0.0005034 0.0001066 0.0000278 0.0340163
1.8975501 0.0075062 0.0110469 0.0082483 0.0042082 0.0015510 0.0005110 0.0001339 0.0000247 0.0332303
1.9176304 0.0071275 0.0106311 0.0079900 0.0040510 0.0016155 0.0005621 0.0001655 0.0000303 0.0321732
1.9377108 0.0067679 0.0102101 0.0078140 0.0040366 0.0015726 0.0004834 0.0001151 0.0000419 0.0310417
1.9577911 0.0064265 0.0098359 0.0076031 0.0039373 0.0015674 0.0005132 0.0001485 0.0000266 0.0300584
1.9778714 0.0061023 0.0094783 0.0073406 0.0039359 0.0015213 0.0004879 0.0001420 0.0000265 0.0290348
1.9979517 0.0057944 0.0090908 0.0071592 0.0038311 0.0015838 0.0005285 0.0001241 0.0000341 0.0281460
2.0180321 0.0055021 0.0087413 0.0068762 0.0036501 0.0015063 0.0004971 0.0001416 0.0000408 0.0269556
2.0381124 0.0052245 0.0083989 0.0068368 0.0038486 0.0015885 0.0005312 0.0001395 0.0000421 0.0266100
2.0581927 0.0049609 0.0080555 0.0066114 0.0037128 0.0015640 0.0005694 0.0001738 0.0000509 0.0256988
2.0782731 0.0047106 0.0077951 0.0064158 0.0035153 0.0015233 0.0005223 0.0001565 0.0000403 0.0246793
2.0983534 0.0044730 0.0075007 0.0062757 0.0035853 0.0015238 0.0005785 0.0001784 0.0000510 0.0241664
2.1184337 0.0042473 0.0072051 0.0060726 0.0035101 0.0014823 0.0005048 0.0001554 0.0000303 0.0232081
2.1385140 0.0040330 0.0069009 0.0058599 0.0034480 0.0015471 0.0005774 0.0001820 0.0000437 0.0225920
2.1585944 0.0038295 0.0066207 0.0057527 0.0034337 0.0014408 0.0005199 0.0001472 0.0000346 0.0217791
2.1786747 0.0036363 0.0063541 0.0056414 0.0033627 0.0014892 0.0005503 0.0001653 0.0000399 0.0212394
2.1987550 0.0034529 0.0061235 0.0054343 0.0032797 0.0015141 0.0005756 0.0001846 0.0000373 0.0206018
2.2188354 0.0032787 0.0058611 0.0054026 0.0033177 0.0015389 0.0005868 0.0001741 0.0000487 0.0202086
2.2389157 0.0031133 0.0056520 0.0052119 0.0031810 0.0014781 0.0005483 0.0001794 0.0000446 0.0194085
2.2589958 0.0029562 0.0054110 0.0049496 0.0031240 0.0014900 0.0005653 0.0001856 0.0000483 0.0187300
2.2790761 0.0028070 0.0051868 0.0048503 0.0031192 0.0014573 0.0005790 0.0001805 0.0000536 0.0182338
2.2991564 0.0026654 0.0049846 0.0047262 0.0030557 0.0015044 0.0005551 0.0001922 0.0000459 0.0177297
2.3192368 0.0025310 0.0047661 0.0045069 0.0029045 0.0014578 0.0005634 0.0001855 0.0000587 0.0169739
2.3393171 0.0024033 0.0046059 0.0044145 0.0028520 0.0013924 0.0005595 0.0001766 0.0000415 0.0164455
2.3593974 0.0022820 0.0044176 0.0042469 0.0027698 0.0013279 0.0005532 0.0001930 0.0000421 0.0158326
2.3794777 0.0021669 0.0042261 0.0041385 0.0027770 0.0013738 0.0005756 0.0001965 0.0000544 0.0155088
2.3995581 0.0020576 0.0040506 0.0040263 0.0026825 0.0013568 0.0005627 0.0001989 0.0000547 0.0149901
2.4196384 0.0019538 0.0039165 0.0038628 0.0026100 0.0013687 0.0005701 0.0001983 0.0000566 0.0145367
2.4397187 0.0018552 0.0037172 0.0037400 0.0025308 0.0012843 0.0005270 0.0001941 0.0000522 0.0139008
2.4597991 0.0017616 0.0035849 0.0036470 0.0025777 0.0013624 0.0005987 0.0002110 0.0000596 0.0138030
2.4798794 0.0016727 0.0034311 0.0035015 0.0024494 0.0012973 0.0005601 0.0002088 0.0000565 0.0131772
2.4999597 0.0015883 0.0032873 0.0034390 0.0024955 0.0013300 0.0005781 0.0002204 0.0000666 0.0130053
2.5200400 0.0015082 0.0031745 0.0033621 0.0023904 0.0012905 0.0005542 0.0001993 0.0000637 0.0125429
2.5401204 0.0014321 0.0030436 0.0032180 0.0023131 0.0012700 0.0005495 0.0002015 0.0000681 0.0120960
2.5602007 0.0013598 0.0029103 0.0031220 0.0022426 0.0012420 0.0005505 0.0001987 0.0000681 0.0116940
2.5802810 0.0012912 0.0027896 0.0030196 0.0021914 0.0011985 0.0005635 0.0002222 0.0000673 0.0113433
2.6003613 0.0012261 0.0026680 0.0028894 0.0021182 0.0012098 0.0005398 0.0002229 0.0000710 0.0109452
2.6204417 0.0011642 0.0025694 0.0027482 0.0020706 0.0011547 0.0005281 0.0002096 0.0000793 0.0105241
2.6405220 0.0011055 0.0024721 0.0027268 0.0020950 0.0011862 0.0005413 0.0002079 0.0000603 0.0103952
2.6606023 0.0010497 0.0023545 0.0026100 0.0019524 0.0011352 0.0005215 0.0001925 0.0000761 0.0098921
2.6806827 0.0009968 0.0022565 0.0025220 0.0019138 0.0011214 0.0005319 0.0002010 0.0000707 0.0096140
2.7007630 0.0009465 0.0021606 0.0024737 0.0018902 0.0011045 0.0005439 0.0002113 0.0000855 0.0094162
2.7208433 0.0008987 0.0020731 0.0023464 0.0018494 0.0010842 0.0005129 0.0002014 0.0000704 0.0090365
2.7409236 0.0008534 0.0019981 0.0022586 0.0017983 0.0011123 0.0005556 0.0002173 0.0000709 0.0088644
2.7610040 0.0008103 0.0019079 0.0022345 0.0017534 0.0010696 0.0005251 0.0002084 0.0000547 0.0085641
2.7810843 0.0007694 0.0018081 0.0021524 0.0017364 0.0010674 0.0005405 0.0002162 0.0000803 0.0083707
2.8011646 0.0007306 0.0017464 0.0020791 0.0016609 0.0010508 0.0005099 0.0002216 0.0000777 0.0080771
2.8212450 0.0006938 0.0016671 0.0020044 0.0016039 0.0009924 0.0004767 0.0001991 0.0000623 0.0076997
2.8413253 0.0006588 0.0016023 0.0019160 0.0015815 0.0009907 0.0005130 0.0002245 0.0000772 0.0075638
2.8614056 0.0006255 0.0015436 0.0018714 0.0015730 0.0010002 0.0005121 0.0002232 0.0000794 0.0074285
2.8814859 0.0005940 0.0014725 0.0018439 0.0015466 0.0009993 0.0005094 0.0002100 0.0000776 0.0072532
2.9015663 0.0005640 0.0014092 0.0017668 0.0014763 0.0009442 0.0004883 0.0002197 0.0000833 0.0069519
2.9216464 0.0005356 0.0013356 0.0017054 0.0014377 0.0009453 0.0004892 0.0002145 0.0000915 0.0067549
2.9417267 0.0005085 0.0012827 0.0016214 0.0013860 0.0008925 0.0004616 0.0001985 0.0000787 0.0064300
2.9618070 0.0004829 0.0012276 0.0015820 0.0013672 0.0009007 0.0004750 0.0002122 0.0000812 0.0063287
2.9818873 0.0004585 0.0011719 0.0015073 0.0012795 0.0008473 0.0004375 0.0002036 0.0000749 0.0059806
3.0019677 0.0004354 0.0011396 0.0014758 0.0012973 0.0008743 0.0004675 0.0002004 0.0000813 0.0059718
3.0220480 0.0004134 0.0010735 0.0013990 0.0012218 0.0008239 0.0004376 0.0001873 0.0000703 0.0056268
3.0421283 0.0003926 0.0010380 0.0013693 0.0012364 0.0008570 0.0004841 0.0002487 0.0001134 0.0057394
3.0622087 0.0003728 0.0009887 0.0013035 0.0011593 0.0007925 0.0004399 0.0001947 0.0000788 0.0053301
3.0822890 0.0003539 0.0009568 0.0012885 0.0011751 0.0007855 0.0004565 0.0002145 0.0000923 0.0053232
3.1023693 0.0003361 0.0009049 0.0012164 0.0011031 0.0007771 0.0004444 0.0002037 0.0000847 0.0050703
3.1224496 0.0003191 0.0008713 0.0011656 0.0010885 0.0007556 0.0004318 0.0002008 0.0000866 0.0049194
3.1425300 0.0003030 0.0008298 0.0011137 0.0010473 0.0007348 0.0004106 0.0001948 0.0000741 0.0047082
3.1626103 0.0002877 0.0007920 0.0010907 0.0010005 0.0007193 0.0004081 0.0001916 0.0000791 0.0045690
3.1826906 0.0002732 0.0007652 0.0010563 0.0009951 0.0007052 0.0004137 0.0002077 0.0000989 0.0045154
3.2027709 0.0002594 0.0007310 0.0010158 0.0009661 0.0006921 0.0003978 0.0001933 0.0000811 0.0043367
