-------- p=0.435 a=2.000 mu=-2.200 N=20000000 time=2017-02-23 07:05:08 --------
0.0100000 0.9773161 0.0014956 0.0000061 0.0000000 0.0000000 0.0000000 0.0000000 0.0000000 0.9788178
0.0300803 0.9333082 0.0073070 0.0000302 0.0000000 0.0000000 0.0000000 0.0000000 0.0000000 0.9406454
0.0501606 0.8912819 0.0149902 0.0001405 0.0000107 0.0000000 0.0000000 0.0000000 0.0000000 0.9064233
0.0702410 0.8511481 0.0234878 0.0003128 0.0000002 0.0000000 0.0000000 0.0000000 0.0000000 0.8749489
0.0903213 0.8128215 0.0326667 0.0006281 0.0000030 0.0000000 0.0000000 0.0000000 0.0000000 0.8461192
0.1104016 0.7762207 0.0418705 0.0011996 0.0000103 0.0000000 0.0000000 0.0000000 0.0000000 0.8193011
0.1304819 0.7412679 0.0513583 0.0015548 0.0000434 0.0000000 0.0000000 0.0000000 0.0000000 0.7942245
0.1505622 0.7078891 0.0605101 0.0027823 0.0000620 0.0000000 0.0000000 0.0000000 0.0000000 0.7712436
0.1706426 0.6760134 0.0693230 0.0032462 0.0001119 0.0000001 0.0000000 0.0000000 0.0000000 0.7486947
0.1907229 0.6455729 0.0779569 0.0048322 0.0002740 0.0000007 0.0000000 0.0000000 0.0000000 0.7286368
0.2108032 0.6165032 0.0861064 0.0065080 0.0002804 0.0000264 0.0000000 0.0000000 0.0000000 0.7094244
0.2308835 0.5887425 0.0942362 0.0077123 0.0003326 0.0000114 0.0000000 0.0000000 0.0000000 0.6910350
0.2509638 0.5622318 0.1013578 0.0091440 0.0005408 0.0000256 0.0000000 0.0000000 0.0000000 0.6733000
0.2710442 0.5369149 0.1085418 0.0113641 0.0009428 0.0000480 0.0000000 0.0000000 0.0000000 0.6578115
0.2911245 0.5127380 0.1149620 0.0131154 0.0009151 0.0000592 0.0000005 0.0000000 0.0000000 0.6417902
0.3112048 0.4896497 0.1210444 0.0155318 0.0016904 0.0001907 0.0000059 0.0000000 0.0000000 0.6281129
0.3312851 0.4676011 0.1264520 0.0176562 0.0015632 0.0000923 0.0000082 0.0000000 0.0000000 0.6133729
0.3513654 0.4465453 0.1308710 0.0194644 0.0018407 0.0001457 0.0000004 0.0000000 0.0000000 0.5988677
0.3714458 0.4264377 0.1357838 0.0215797 0.0025371 0.0002076 0.0000023 0.0000000 0.0000000 0.5865481
0.3915261 0.4072355 0.1398552 0.0237224 0.0031621 0.0003808 0.0000144 0.0000001 0.0000000 0.5743705
0.4116064 0.3888980 0.1431023 0.0270247 0.0034888 0.0003149 0.0000143 0.0000001 0.0000000 0.5628431
0.4316867 0.3713861 0.1465841 0.0288838 0.0040020 0.0004690 0.0000199 0.0000000 0.0000000 0.5513449
0.4517670 0.3546629 0.1491741 0.0309870 0.0043915 0.0006042 0.0000397 0.0000000 0.0000000 0.5398593
0.4718474 0.3386926 0.1514742 0.0344200 0.0053922 0.0006362 0.0000513 0.0000000 0.0000000 0.5306666
0.4919277 0.3234415 0.1535946 0.0363024 0.0063940 0.0007554 0.0001014 0.0000117 0.0000000 0.5206010
0.5120080 0.3088772 0.1545796 0.0398281 0.0068073 0.0009172 0.0000832 0.0000009 0.0000000 0.5110935
0.5320883 0.2949686 0.1562011 0.0422336 0.0082770 0.0010696 0.0001242 0.0000066 0.0000000 0.5028807
0.5521687 0.2816864 0.1569543 0.0433715 0.0082571 0.0011881 0.0001441 0.0000006 0.0000000 0.4916021
0.5722489 0.2690023 0.1578735 0.0466125 0.0093159 0.0016068 0.0001999 0.0000090 0.0000003 0.4846201
0.5923293 0.2568893 0.1576932 0.0489629 0.0106687 0.0016827 0.0002251 0.0000350 0.0000010 0.4761579
0.6124096 0.2453217 0.1581880 0.0514387 0.0110767 0.0018896 0.0003813 0.0000523 0.0000027 0.4683510
0.6324899 0.2342750 0.1579955 0.0536144 0.0126471 0.0021132 0.0002980 0.0000071 0.0000000 0.4609503
0.6525702 0.2237258 0.1573162 0.0568503 0.0138996 0.0024541 0.0004714 0.0000347 0.0000126 0.4547647
0.6726506 0.2136516 0.1565768 0.0578172 0.0143576 0.0024058 0.0003595 0.0000252 0.0000002 0.4451937
0.6927309 0.2040310 0.1562199 0.0606964 0.0149259 0.0028959 0.0003940 0.0000345 0.0000042 0.4392017
0.7128112 0.1948436 0.1547020 0.0624999 0.0168372 0.0035003 0.0006729 0.0000802 0.0000220 0.4331580
0.7328916 0.1860699 0.1532744 0.0633387 0.0180607 0.0037926 0.0005612 0.0000354 0.0000029 0.4251357
0.7529718 0.1776913 0.1522970 0.0657222 0.0188572 0.0040955 0.0007017 0.0001238 0.0000023 0.4194909
0.7730522 0.1696900 0.1508640 0.0689752 0.0211800 0.0049824 0.0009424 0.0000860 0.0000020 0.4167220
0.7931325 0.1620490 0.1492295 0.0679624 0.0218059 0.0053537 0.0010490 0.0001386 0.0000018 0.4075900
0.8132128 0.1547520 0.1476040 0.0706917 0.0231099 0.0059296 0.0012424 0.0001964 0.0000068 0.4035328
0.8332931 0.1477836 0.1451672 0.0732821 0.0242424 0.0067369 0.0013406 0.0001912 0.0000366 0.3987806
0.8533735 0.1411290 0.1432441 0.0733193 0.0249960 0.0065304 0.0014625 0.0003053 0.0000442 0.3910308
0.8734538 0.1347741 0.1416431 0.0767187 0.0278781 0.0071676 0.0013452 0.0002148 0.0000343 0.3897759
0.8935341 0.1287053 0.1388639 0.0766007 0.0287674 0.0079853 0.0019444 0.0003448 0.0000485 0.3832604
0.9136144 0.1229098 0.1370716 0.0774529 0.0289505 0.0085278 0.0019519 0.0003405 0.0000327 0.3772376
0.9336947 0.1173752 0.1344911 0.0781739 0.0304300 0.0093902 0.0020960 0.0005230 0.0000902 0.3725697
0.9537750 0.1120899 0.1320616 0.0793894 0.0323964 0.0100693 0.0027273 0.0005228 0.0001419 0.3693985
0.9738554 0.1070426 0.1301399 0.0796773 0.0325994 0.0102426 0.0028521 0.0006609 0.0001167 0.3633315
0.9939357 0.1022225 0.1277646 0.0817578 0.0347743 0.0118933 0.0031415 0.0007407 0.0001751 0.3624699
1.0140160 0.0976195 0.1255789 0.0822985 0.0357624 0.0115732 0.0031152 0.0006232 0.0001215 0.3566924
1.0340964 0.0932238 0.1230353 0.0827878 0.0382787 0.0137552 0.0039239 0.0008410 0.0001528 0.3559985
1.0541767 0.0890260 0.1201613 0.0827263 0.0384092 0.0138365 0.0037484 0.0008897 0.0001513 0.3489486
1.0742570 0.0850172 0.1177912 0.0834711 0.0397885 0.0146344 0.0040618 0.0010623 0.0003222 0.3461487
1.0943373 0.0811889 0.1153531 0.0828386 0.0410080 0.0155185 0.0043925 0.0011290 0.0002440 0.3416724
1.1144177 0.0775330 0.1132990 0.0832243 0.0407918 0.0149338 0.0046028 0.0010442 0.0001984 0.3356273
1.1344979 0.0740418 0.1106344 0.0829872 0.0420430 0.0168435 0.0048822 0.0012527 0.0002484 0.3329332
1.1545782 0.0707077 0.1079179 0.0826342 0.0437215 0.0182575 0.0059281 0.0013306 0.0004460 0.3309436
1.1746585 0.0675238 0.1055507 0.0819969 0.0436716 0.0171263 0.0055631 0.0015348 0.0004504 0.3234177
1.1947389 0.0644832 0.1027368 0.0833462 0.0452845 0.0188828 0.0064208 0.0019051 0.0005407 0.3236001
1.2148192 0.0615796 0.1002399 0.0831649 0.0470620 0.0200305 0.0067581 0.0018171 0.0004958 0.3211479
1.2348995 0.0588067 0.0979689 0.0814128 0.0462494 0.0199029 0.0070377 0.0021848 0.0006735 0.3142366
1.2549798 0.0561587 0.0956692 0.0824549 0.0482360 0.0217434 0.0077904 0.0024454 0.0004219 0.3149199
1.2750602 0.0536299 0.0932171 0.0814854 0.0477433 0.0215539 0.0077889 0.0025436 0.0005185 0.3084807
1.2951405 0.0512150 0.0911987 0.0821048 0.0493779 0.0222728 0.0081879 0.0025185 0.0005769 0.3074524
1.3152208 0.0489088 0.0884495 0.0806235 0.0496717 0.0229901 0.0087726 0.0030322 0.0009508 0.3033991
1.3353012 0.0467065 0.0858897 0.0804295 0.0502649 0.0245840 0.0095346 0.0031756 0.0010497 0.3016346
1.3553815 0.0446033 0.0839162 0.0786250 0.0509171 0.0252654 0.0097511 0.0035742 0.0008698 0.2975222
1.3754618 0.0425949 0.0819046 0.0789939 0.0516450 0.0264092 0.0108900 0.0040477 0.0012525 0.2977379
1.3955421 0.0406768 0.0796134 0.0790419 0.0538048 0.0272976 0.0112837 0.0039007 0.0013256 0.2969446
1.4156225 0.0388452 0.0778718 0.0778445 0.0541245 0.0273657 0.0113379 0.0043638 0.0014281 0.2931815
1.4357028 0.0370960 0.0755387 0.0770154 0.0532777 0.0285711 0.0120944 0.0044604 0.0015773 0.2896311
1.4557831 0.0354256 0.0736002 0.0754869 0.0522394 0.0280548 0.0123444 0.0043611 0.0014675 0.2829800
1.4758633 0.0338304 0.0712457 0.0756477 0.0537428 0.0295061 0.0131208 0.0053796 0.0017051 0.2841782
1.4959437 0.0323071 0.0690390 0.0736947 0.0544416 0.0296667 0.0129530 0.0047414 0.0018440 0.2786875
1.5160240 0.0308523 0.0675728 0.0735037 0.0547983 0.0307073 0.0140659 0.0054089 0.0019983 0.2789075
1.5361043 0.0294630 0.0651490 0.0730419 0.0555012 0.0322786 0.0148337 0.0060569 0.0020653 0.2783896
1.5561846 0.0281363 0.0634560 0.0723171 0.0549119 0.0316768 0.0151252 0.0059884 0.0020098 0.2736216
1.5762650 0.0268694 0.0621700 0.0715379 0.0556303 0.0331558 0.0153910 0.0064244 0.0022741 0.2734529
1.5963453 0.0256595 0.0598917 0.0709053 0.0559659 0.0331598 0.0164030 0.0062745 0.0021341 0.2703937
1.6164256 0.0245040 0.0579196 0.0701439 0.0566031 0.0335265 0.0160738 0.0062137 0.0024820 0.2674666
1.6365060 0.0234006 0.0566217 0.0677729 0.0552619 0.0345106 0.0170448 0.0073781 0.0026230 0.2646136
1.6565863 0.0223469 0.0543732 0.0670108 0.0547885 0.0340710 0.0183619 0.0074964 0.0024206 0.2608693
1.6766666 0.0213406 0.0526909 0.0658626 0.0539810 0.0338050 0.0175830 0.0077023 0.0031931 0.2561584
1.6967469 0.0203797 0.0512939 0.0647363 0.0547183 0.0349232 0.0179064 0.0079404 0.0029924 0.2548905
1.7168273 0.0194620 0.0497461 0.0639681 0.0552743 0.0358293 0.0191007 0.0087471 0.0034982 0.2556258
1.7369076 0.0185856 0.0484884 0.0632200 0.0547259 0.0366188 0.0201676 0.0086281 0.0034917 0.2539262
1.7569879 0.0177487 0.0467881 0.0612982 0.0546117 0.0373854 0.0207589 0.0094864 0.0036049 0.2516824
1.7770681 0.0169495 0.0453884 0.0608003 0.0550854 0.0380967 0.0213525 0.0097028 0.0037885 0.2511642
1.7971485 0.0161863 0.0438061 0.0608574 0.0561545 0.0386255 0.0214209 0.0102618 0.0047355 0.2520480
1.8172288 0.0154575 0.0423851 0.0585345 0.0534406 0.0383342 0.0219352 0.0106727 0.0043563 0.2451161
1.8373091 0.0147614 0.0411717 0.0580556 0.0542260 0.0384604 0.0223929 0.0108713 0.0045386 0.2444778
1.8573895 0.0140967 0.0398589 0.0561552 0.0537754 0.0387795 0.0220554 0.0107395 0.0049343 0.2403950
1.8774698 0.0134619 0.0386504 0.0556357 0.0531954 0.0393825 0.0232995 0.0119336 0.0050912 0.2406502
1.8975501 0.0128558 0.0372272 0.0539534 0.0542130 0.0394350 0.0247050 0.0127543 0.0056506 0.2407943
1.9176304 0.0122769 0.0360786 0.0534998 0.0527123 0.0387753 0.0244067 0.0124834 0.0052529 0.2354859
1.9377108 0.0117241 0.0349797 0.0511288 0.0524450 0.0402090 0.0248457 0.0121741 0.0053288 0.2328353
1.9577911 0.0111961 0.0338995 0.0509769 0.0516585 0.0396277 0.0242827 0.0129069 0.0057585 0.2303068
1.9778714 0.0106920 0.0325260 0.0490664 0.0499652 0.0386516 0.0243679 0.0128192 0.0060671 0.2241554
1.9979517 0.0102105 0.0314417 0.0486870 0.0509175 0.0411471 0.0264927 0.0147642 0.0072748 0.2309355
2.0180321 0.0097508 0.0305882 0.0473438 0.0506678 0.0406391 0.0263661 0.0147030 0.0071865 0.2272452
2.0381124 0.0093117 0.0295166 0.0474017 0.0516250 0.0425173 0.0278094 0.0150953 0.0072612 0.2305383
2.0581927 0.0088924 0.0283313 0.0454546 0.0491531 0.0403246 0.0259394 0.0141741 0.0066650 0.2189344
2.0782731 0.0084920 0.0273530 0.0443598 0.0484338 0.0392975 0.0255522 0.0141440 0.0071472 0.2147796
2.0983534 0.0081096 0.0265159 0.0443158 0.0483083 0.0418558 0.0287423 0.0165433 0.0084486 0.2228396
2.1184337 0.0077444 0.0256469 0.0426302 0.0485764 0.0419066 0.0284811 0.0165765 0.0089057 0.2204679
2.1385140 0.0073957 0.0249176 0.0426416 0.0492469 0.0417471 0.0287489 0.0167780 0.0081889 0.2196647
2.1585944 0.0070627 0.0241083 0.0402705 0.0463467 0.0404830 0.0295481 0.0170947 0.0089698 0.2138839
2.1786747 0.0067446 0.0232078 0.0399502 0.0470601 0.0411701 0.0290833 0.0174088 0.0095472 0.2141721
2.1987550 0.0064409 0.0222861 0.0383582 0.0456132 0.0413545 0.0302147 0.0185391 0.0097149 0.2125217
2.2188354 0.0061509 0.0217070 0.0380716 0.0455513 0.0410616 0.0303711 0.0188770 0.0100394 0.2118300
2.2389157 0.0058739 0.0208336 0.0369021 0.0454828 0.0417927 0.0321063 0.0204106 0.0112805 0.2146824
2.2589958 0.0056094 0.0201460 0.0364901 0.0438473 0.0399707 0.0298241 0.0197457 0.0107721 0.2064054
2.2790761 0.0053568 0.0193616 0.0357722 0.0444630 0.0414221 0.0313660 0.0190916 0.0098851 0.2067185
2.2991564 0.0051156 0.0187743 0.0352820 0.0433872 0.0412972 0.0317015 0.0204808 0.0116831 0.2077217
2.3192368 0.0048853 0.0182952 0.0336799 0.0420812 0.0406151 0.0308606 0.0203878 0.0114719 0.2022770
2.3393171 0.0046653 0.0175587 0.0328212 0.0413586 0.0401520 0.0305593 0.0196304 0.0115106 0.1982560
2.3593974 0.0044552 0.0168735 0.0325153 0.0417525 0.0409026 0.0324697 0.0208797 0.0121641 0.2020126
2.3794777 0.0042546 0.0163261 0.0306645 0.0399198 0.0385462 0.0310327 0.0205393 0.0114957 0.1927789
2.3995581 0.0040630 0.0159817 0.0308636 0.0397761 0.0390532 0.0307799 0.0203612 0.0122998 0.1931786
2.4196384 0.0038801 0.0150785 0.0291475 0.0382132 0.0382483 0.0313056 0.0210303 0.0123803 0.1892839
2.4397187 0.0037053 0.0145698 0.0287787 0.0384326 0.0389876 0.0314835 0.0214336 0.0128280 0.1902192
2.4597991 0.0035385 0.0141295 0.0276382 0.0374302 0.0379535 0.0309333 0.0212655 0.0129738 0.1858625
2.4798794 0.0033792 0.0134217 0.0266231 0.0370229 0.0378498 0.0316563 0.0215778 0.0131627 0.1846935
2.4999597 0.0032270 0.0131531 0.0270530 0.0377440 0.0385122 0.0323824 0.0236033 0.0151057 0.1907808
2.5200400 0.0030817 0.0126657 0.0259794 0.0356774 0.0380131 0.0315920 0.0228306 0.0143418 0.1841816
2.5401204 0.0029429 0.0122132 0.0252007 0.0354830 0.0376484 0.0323646 0.0245814 0.0159205 0.1863548
2.5602007 0.0028104 0.0117384 0.0241888 0.0343945 0.0369034 0.0328191 0.0239401 0.0146500 0.1814447
2.5802810 0.0026839 0.0112542 0.0241053 0.0343733 0.0370253 0.0320018 0.0241183 0.0155201 0.1810822
2.6003613 0.0025630 0.0110373 0.0232066 0.0331923 0.0361316 0.0306640 0.0228649 0.0150477 0.1747075
2.6204417 0.0024476 0.0105609 0.0224832 0.0328346 0.0366022 0.0318259 0.0243871 0.0159334 0.1770750
2.6405220 0.0023374 0.0102203 0.0216437 0.0319913 0.0359633 0.0315745 0.0238715 0.0155980 0.1732001
2.6606023 0.0022321 0.0097334 0.0212330 0.0310688 0.0346801 0.0309358 0.0231540 0.0147232 0.1677604
2.6806827 0.0021316 0.0092904 0.0216457 0.0327832 0.0374615 0.0344587 0.0260228 0.0167552 0.1805491
2.7007630 0.0020356 0.0091616 0.0207683 0.0310839 0.0352491 0.0336253 0.0266593 0.0182698 0.1768530
2.7208433 0.0019440 0.0087725 0.0198061 0.0298649 0.0350157 0.0328527 0.0254809 0.0170849 0.1708217
2.7409236 0.0018564 0.0085825 0.0192555 0.0292587 0.0346525 0.0315815 0.0247262 0.0158187 0.1657322
2.7610040 0.0017728 0.0081114 0.0184722 0.0289784 0.0333400 0.0316446 0.0255447 0.0182214 0.1660856
2.7810843 0.0016930 0.0079188 0.0183881 0.0287298 0.0336423 0.0320510 0.0258791 0.0167743 0.1650766
2.8011646 0.0016168 0.0075659 0.0173998 0.0276292 0.0329724 0.0311389 0.0244966 0.0172318 0.1600513
2.8212450 0.0015440 0.0073072 0.0168642 0.0264856 0.0319860 0.0312183 0.0257089 0.0185520 0.1596661
2.8413253 0.0014744 0.0069536 0.0169073 0.0269330 0.0326146 0.0310851 0.0256286 0.0173983 0.1589949
2.8614056 0.0014081 0.0068097 0.0166090 0.0262945 0.0313702 0.0310862 0.0249619 0.0185480 0.1570875
2.8814859 0.0013447 0.0064832 0.0161173 0.0268265 0.0329973 0.0331436 0.0277838 0.0194235 0.1641199
2.9015663 0.0012841 0.0061526 0.0152848 0.0250226 0.0305987 0.0308763 0.0262576 0.0194237 0.1549005
2.9216464 0.0012263 0.0060947 0.0147592 0.0245120 0.0304039 0.0302384 0.0255587 0.0187183 0.1515114
2.9417267 0.0011711 0.0059729 0.0144764 0.0238771 0.0298406 0.0305389 0.0261352 0.0193943 0.1514065
2.9618070 0.0011183 0.0055163 0.0137992 0.0227381 0.0291314 0.0302538 0.0264868 0.0199940 0.1490380
2.9818873 0.0010680 0.0052998 0.0131032 0.0226973 0.0290546 0.0303754 0.0266275 0.0195046 0.1477303
3.0019677 0.0010199 0.0052516 0.0133259 0.0222682 0.0289630 0.0295044 0.0266534 0.0202463 0.1472328
3.0220480 0.0009740 0.0049418 0.0124796 0.0215803 0.0282393 0.0297110 0.0264926 0.0202560 0.1446747
3.0421283 0.0009301 0.0048690 0.0126013 0.0218435 0.0282447 0.0296114 0.0252123 0.0190703 0.1423826
3.0622087 0.0008882 0.0046341 0.0127022 0.0225298 0.0302609 0.0313709 0.0287028 0.0226552 0.1537442
3.0822890 0.0008482 0.0044677 0.0113468 0.0198556 0.0264970 0.0281383 0.0251363 0.0197948 0.1360847
3.1023693 0.0008100 0.0042528 0.0109824 0.0195196 0.0256119 0.0278439 0.0252737 0.0203356 0.1346299
3.1224496 0.0007736 0.0041836 0.0113747 0.0198874 0.0276232 0.0300089 0.0273420 0.0214285 0.1426219
3.1425300 0.0007387 0.0039888 0.0106393 0.0189130 0.0258483 0.0283676 0.0264684 0.0206480 0.1356122
3.1626103 0.0007055 0.0037352 0.0099973 0.0181546 0.0253827 0.0277205 0.0258390 0.0207452 0.1322800
3.1826906 0.0006737 0.0037209 0.0102175 0.0183792 0.0259228 0.0288094 0.0273879 0.0213030 0.1364145
3.2027709 0.0006434 0.0035880 0.0096574 0.0181081 0.0252937 0.0281612 0.0255324 0.0207844 0.1317687
3.2228513 0.0006144 0.0033761 0.0092052 0.0168865 0.0229722 0.0260777 0.0248737 0.0203849 0.1243907
3.2429316 0.0005867 0.0032654 0.0088205 0.0163193 0.0238056 0.0264856 0.0257427 0.0215080 0.1265339
3.2630119 0.0005603 0.0031103 0.0087963 0.0165610 0.0232117 0.0270330 0.0270073 0.0233005 0.1295804
3.2830923 0.0005351 0.0030608 0.0085330 0.0157162 0.0228650 0.0269050 0.0266575 0.0224116 0.1266841
3.3031726 0.0005110 0.0029126 0.0081331 0.0156410 0.0222557 0.0263251 0.0257686 0.0216909 0.1232380
3.3232529 0.0004880 0.0028536 0.0081984 0.0156089 0.0227155 0.0259689 0.0264000 0.0225695 0.1248028
3.3433332 0.0004660 0.0027356 0.0076524 0.0148211 0.0212531 0.0248235 0.0246604 0.0210037 0.1174158
3.3634136 0.0004450 0.0026093 0.0073400 0.0145634 0.0216443 0.0257561 0.0253225 0.0212490 0.1189295
3.3834939 0.0004250 0.0023957 0.0069674 0.0137298 0.0202945 0.0247986 0.0260696 0.0227977 0.1174783
3.4035742 0.0004058 0.0023892 0.0067012 0.0134549 0.0198140 0.0234111 0.0232249 0.0197487 0.1091499
3.4236546 0.0003876 0.0022439 0.0067924 0.0131184 0.0202517 0.0247822 0.0260968 0.0222626 0.1159356
3.4437349 0.0003701 0.0021820 0.0065443 0.0130437 0.0198378 0.0242999 0.0248338 0.0219939 0.1131055
3.4638152 0.0003534 0.0020400 0.0059827 0.0124192 0.0187802 0.0230904 0.0234305 0.0213071 0.1074036
3.4838955 0.0003375 0.0019937 0.0059917 0.0122198 0.0189886 0.0228595 0.0237954 0.0218264 0.1080125
3.5039759 0.0003223 0.0019300 0.0058257 0.0116614 0.0178397 0.0218707 0.0230332 0.0204814 0.1029643
3.5240562 0.0003078 0.0018780 0.0058789 0.0121084 0.0189863 0.0235453 0.0247735 0.0217401 0.1092183
3.5441363 0.0002940 0.0018124 0.0054835 0.0110452 0.0171889 0.0222174 0.0238288 0.0218854 0.1037555
3.5642166 0.0002807 0.0017550 0.0053094 0.0108850 0.0171311 0.0212684 0.0222268 0.0202848 0.0991412
3.5842969 0.0002681 0.0017070 0.0052650 0.0108014 0.0170265 0.0218979 0.0237998 0.0224821 0.1032478
3.6043773 0.0002560 0.0016289 0.0052321 0.0109469 0.0169837 0.0210820 0.0225435 0.0213664 0.1000396
3.6244576 0.0002445 0.0014650 0.0047068 0.0098714 0.0159485 0.0209716 0.0229392 0.0217480 0.0978952
3.6445379 0.0002335 0.0015059 0.0048642 0.0103211 0.0165839 0.0209618 0.0225586 0.0215105 0.0985396
3.6646183 0.0002230 0.0014598 0.0046623 0.0100102 0.0160272 0.0206543 0.0225310 0.0211828 0.0967506
3.6846986 0.0002129 0.0014183 0.0046259 0.0098141 0.0158984 0.0210376 0.0238086 0.0223908 0.0992066
3.7047789 0.0002033 0.0013134 0.0042940 0.0088362 0.0145335 0.0196243 0.0222869 0.0212596 0.0923512
3.7248592 0.0001942 0.0012524 0.0040191 0.0089233 0.0146737 0.0190415 0.0213254 0.0198314 0.0892610
3.7449396 0.0001854 0.0012320 0.0039771 0.0086843 0.0143532 0.0194404 0.0225419 0.0220488 0.0924632
3.7650199 0.0001771 0.0011677 0.0038561 0.0083784 0.0138317 0.0191114 0.0215687 0.0204005 0.0884916
3.7851002 0.0001691 0.0011056 0.0036685 0.0082229 0.0138651 0.0185996 0.0211250 0.0206334 0.0873891
3.8051805 0.0001615 0.0010953 0.0036029 0.0079436 0.0132779 0.0182490 0.0205620 0.0203571 0.0852493
3.8252609 0.0001542 0.0010263 0.0034310 0.0076874 0.0135416 0.0180045 0.0208373 0.0206470 0.0853294
3.8453412 0.0001473 0.0009589 0.0032957 0.0076460 0.0128412 0.0182591 0.0211252 0.0207933 0.0850665
3.8654215 0.0001406 0.0009255 0.0030003 0.0069845 0.0121170 0.0168370 0.0194023 0.0197441 0.0791513
3.8855019 0.0001343 0.0008900 0.0029920 0.0066759 0.0112199 0.0153996 0.0176806 0.0176964 0.0726889
3.9055822 0.0001283 0.0008955 0.0031232 0.0069177 0.0120236 0.0168093 0.0204099 0.0209591 0.0812665
3.9256625 0.0001225 0.0008228 0.0030008 0.0071163 0.0123900 0.0176392 0.0212650 0.0224215 0.0847780
3.9457428 0.0001170 0.0007874 0.0027396 0.0062997 0.0112419 0.0156800 0.0189343 0.0196561 0.0754559
3.9658232 0.0001117 0.0007815 0.0027863 0.0063556 0.0115334 0.0166659 0.0203075 0.0211049 0.0796468
3.9859035 0.0001067 0.0007303 0.0026242 0.0062951 0.0110887 0.0164393 0.0205652 0.0216723 0.0795219
4.0059838 0.0001019 0.0007197 0.0024116 0.0057908 0.0103213 0.0146390 0.0178068 0.0186227 0.0704138
4.0260644 0.0000973 0.0006796 0.0025148 0.0060041 0.0105095 0.0153657 0.0186644 0.0199456 0.0737810
4.0461445 0.0000929 0.0006527 0.0022951 0.0053513 0.0100860 0.0144522 0.0175094 0.0176887 0.0681284
4.0662251 0.0000887 0.0006277 0.0023011 0.0052526 0.0093651 0.0138112 0.0174372 0.0181203 0.0670039
4.0863051 0.0000847 0.0006041 0.0023102 0.0055167 0.0099715 0.0144053 0.0177997 0.0192561 0.0699484
4.1063857 0.0000809 0.0006186 0.0022518 0.0056364 0.0104194 0.0155001 0.0188077 0.0197413 0.0730562
4.1264658 0.0000773 0.0005952 0.0021367 0.0052083 0.0099376 0.0150344 0.0186766 0.0200430 0.0717091
4.1465464 0.0000738 0.0005512 0.0019930 0.0051401 0.0096357 0.0147011 0.0188784 0.0204949 0.0714681
4.1666265 0.0000705 0.0005420 0.0019456 0.0047698 0.0088420 0.0134834 0.0172098 0.0193507 0.0662137
4.1867070 0.0000673 0.0005123 0.0018279 0.0045059 0.0086333 0.0129955 0.0162464 0.0177181 0.0625068
4.2067871 0.0000643 0.0004822 0.0018175 0.0043843 0.0081685 0.0127365 0.0162897 0.0178947 0.0618376
4.2268677 0.0000614 0.0004322 0.0016137 0.0039095 0.0073849 0.0113055 0.0149126 0.0161641 0.0557839
4.2469478 0.0000586 0.0004360 0.0016319 0.0042769 0.0081926 0.0125555 0.0159238 0.0174946 0.0605701
4.2670283 0.0000560 0.0004128 0.0015189 0.0039598 0.0075032 0.0117530 0.0153218 0.0168928 0.0574183
4.2871084 0.0000534 0.0004023 0.0014659 0.0038391 0.0072103 0.0111352 0.0142506 0.0158915 0.0542484
4.3071890 0.0000510 0.0003890 0.0014609 0.0035697 0.0070873 0.0112113 0.0146070 0.0170166 0.0553928
4.3272691 0.0000487 0.0003668 0.0014243 0.0035527 0.0071747 0.0112247 0.0148700 0.0171022 0.0557642
4.3473496 0.0000465 0.0003560 0.0013963 0.0037513 0.0074933 0.0120087 0.0155447 0.0186519 0.0592488
4.3674297 0.0000444 0.0003385 0.0014057 0.0035149 0.0069528 0.0110455 0.0151611 0.0176679 0.0561308
4.3875103 0.0000424 0.0003345 0.0014276 0.0036456 0.0073404 0.0117540 0.0158599 0.0187447 0.0591492
4.4075904 0.0000405 0.0002901 0.0011765 0.0029795 0.0061614 0.0100360 0.0135288 0.0158917 0.0501044
4.4276710 0.0000387 0.0002973 0.0011687 0.0031730 0.0066882 0.0108143 0.0150845 0.0181723 0.0554370
4.4477510 0.0000370 0.0003131 0.0012160 0.0031783 0.0064749 0.0102658 0.0139420 0.0166192 0.0520463
4.4678316 0.0000353 0.0002804 0.0012336 0.0031422 0.0064023 0.0104208 0.0141484 0.0168334 0.0524964
4.4879117 0.0000337 0.0002802 0.0011103 0.0029140 0.0058013 0.0092852 0.0123638 0.0146689 0.0464574
4.5079918 0.0000322 0.0002665 0.0011002 0.0029582 0.0060181 0.0098540 0.0137229 0.0163109 0.0502631
4.5280724 0.0000307 0.0002531 0.0010726 0.0028614 0.0058591 0.0097828 0.0132740 0.0154807 0.0486145
4.5481524 0.0000294 0.0002259 0.0009510 0.0026794 0.0055739 0.0093641 0.0130966 0.0154947 0.0474150
4.5682330 0.0000280 0.0002436 0.0009706 0.0024842 0.0051669 0.0086736 0.0119024 0.0141212 0.0435905
4.5883131 0.0000268 0.0002107 0.0008546 0.0023864 0.0051198 0.0085580 0.0121173 0.0149567 0.0442303
4.6083937 0.0000256 0.0002101 0.0007970 0.0022414 0.0047410 0.0081928 0.0119264 0.0148282 0.0429624
4.6284738 0.0000244 0.0002011 0.0008358 0.0023192 0.0049325 0.0081406 0.0115058 0.0134970 0.0414562
4.6485543 0.0000233 0.0001894 0.0007863 0.0021964 0.0049413 0.0086556 0.0127501 0.0157219 0.0452643
4.6686344 0.0000223 0.0001842 0.0007344 0.0020549 0.0043412 0.0074479 0.0108981 0.0138345 0.0395175
4.6887150 0.0000213 0.0001840 0.0007925 0.0022385 0.0047856 0.0081861 0.0120644 0.0153887 0.0436610
4.7087951 0.0000203 0.0001694 0.0006828 0.0019367 0.0041405 0.0073101 0.0105447 0.0130937 0.0378982
4.7288756 0.0000194 0.0001659 0.0007007 0.0019680 0.0043113 0.0074655 0.0110287 0.0139103 0.0395697
4.7489557 0.0000185 0.0001606 0.0006452 0.0019003 0.0042315 0.0072980 0.0108951 0.0136601 0.0388093
4.7690363 0.0000177 0.0001456 0.0006903 0.0020289 0.0043874 0.0076985 0.0106683 0.0131310 0.0387676
4.7891164 0.0000169 0.0001359 0.0005838 0.0017423 0.0037389 0.0065807 0.0098187 0.0124087 0.0350260
4.8091969 0.0000161 0.0001395 0.0005959 0.0017488 0.0038108 0.0070269 0.0105009 0.0136698 0.0375088
4.8292770 0.0000154 0.0001351 0.0006024 0.0016611 0.0035617 0.0065041 0.0096978 0.0123187 0.0344963
4.8493576 0.0000147 0.0001233 0.0005437 0.0015372 0.0034261 0.0061126 0.0093172 0.0123319 0.0334067
4.8694377 0.0000140 0.0001164 0.0004916 0.0014385 0.0030844 0.0055994 0.0086870 0.0113864 0.0308177
4.8895183 0.0000134 0.0001243 0.0005899 0.0016728 0.0036600 0.0065806 0.0097775 0.0130116 0.0354303
4.9095984 0.0000128 0.0001152 0.0004653 0.0013821 0.0030893 0.0056549 0.0087286 0.0117766 0.0312249
4.9296789 0.0000122 0.0001125 0.0004756 0.0013323 0.0028729 0.0052143 0.0079104 0.0104105 0.0283407
4.9497590 0.0000117 0.0001044 0.0005005 0.0015149 0.0032401 0.0060841 0.0095951 0.0128939 0.0339447
4.9698396 0.0000112 0.0000927 0.0004346 0.0013183 0.0030270 0.0054793 0.0085325 0.0112561 0.0301517
4.9899197 0.0000107 0.0000968 0.0004268 0.0012625 0.0029606 0.0054628 0.0084646 0.0109214 0.0296061
5.0100002 0.0000102 0.0000999 0.0004333 0.0012999 0.0028957 0.0051835 0.0082372 0.0108136 0.0289733
