-------- p=1.087 a=1.000 mu=-2.200 N=20000000 time=2017-02-23 08:00:39 --------
0.0100000 0.9724784 0.0007496 0.0000000 0.0000000 0.0000000 0.0000000 0.0000000 0.0000000 0.9732280
0.0300803 0.9194807 0.0036064 0.0000019 0.0000000 0.0000000 0.0000000 0.0000000 0.0000000 0.9230890
0.0501606 0.8693711 0.0073172 0.0000189 0.0000000 0.0000000 0.0000000 0.0000000 0.0000000 0.8767072
0.0702410 0.8219925 0.0113923 0.0000736 0.0000000 0.0000000 0.0000000 0.0000000 0.0000000 0.8334583
0.0903213 0.7771958 0.0157551 0.0001878 0.0000000 0.0000000 0.0000000 0.0000000 0.0000000 0.7931387
0.1104016 0.7348405 0.0201384 0.0002405 0.0000000 0.0000000 0.0000000 0.0000000 0.0000000 0.7552195
0.1304819 0.6947934 0.0241836 0.0003856 0.0000087 0.0000000 0.0000000 0.0000000 0.0000000 0.7193713
0.1505622 0.6569288 0.0281625 0.0005633 0.0000017 0.0000000 0.0000000 0.0000000 0.0000000 0.6856563
0.1706426 0.6211277 0.0319965 0.0008018 0.0000340 0.0000000 0.0000000 0.0000000 0.0000000 0.6539600
0.1907229 0.5872777 0.0357510 0.0011193 0.0000093 0.0000000 0.0000000 0.0000000 0.0000000 0.6241573
0.2108032 0.5552725 0.0390896 0.0016102 0.0000353 0.0000001 0.0000000 0.0000000 0.0000000 0.5960077
0.2308835 0.5250114 0.0422442 0.0018045 0.0000405 0.0000000 0.0000000 0.0000000 0.0000000 0.5691007
0.2509638 0.4963996 0.0449553 0.0019952 0.0000673 0.0000001 0.0000000 0.0000000 0.0000000 0.5434175
0.2710442 0.4693469 0.0476416 0.0024647 0.0000943 0.0000165 0.0000000 0.0000000 0.0000000 0.5195641
0.2911245 0.4437687 0.0500077 0.0028925 0.0000818 0.0000005 0.0000000 0.0000000 0.0000000 0.4967513
0.3112048 0.4195843 0.0523075 0.0035989 0.0001586 0.0000003 0.0000000 0.0000000 0.0000000 0.4756496
0.3312851 0.3967179 0.0540907 0.0037068 0.0001724 0.0000049 0.0000000 0.0000000 0.0000000 0.4546927
0.3513654 0.3750977 0.0559120 0.0041589 0.0002407 0.0000075 0.0000000 0.0000000 0.0000000 0.4354168
0.3714458 0.3546558 0.0571442 0.0045221 0.0002073 0.0000117 0.0000000 0.0000000 0.0000000 0.4165412
0.3915261 0.3353279 0.0583435 0.0048827 0.0002229 0.0000058 0.0000002 0.0000000 0.0000000 0.3987830
0.4116064 0.3170533 0.0592136 0.0055040 0.0003425 0.0000157 0.0000002 0.0000000 0.0000000 0.3821293
0.4316867 0.2997747 0.0598369 0.0061243 0.0004188 0.0000295 0.0000003 0.0000000 0.0000000 0.3661845
0.4517670 0.2834377 0.0605249 0.0070471 0.0005156 0.0000310 0.0000007 0.0000000 0.0000000 0.3515570
0.4718474 0.2679910 0.0604602 0.0067454 0.0005607 0.0000394 0.0000003 0.0000000 0.0000000 0.3357969
0.4919277 0.2533861 0.0610356 0.0073211 0.0006553 0.0000273 0.0000000 0.0000000 0.0000000 0.3224255
0.5120080 0.2395771 0.0610965 0.0078357 0.0006474 0.0000263 0.0000033 0.0000000 0.0000000 0.3091863
0.5320883 0.2265207 0.0608575 0.0079169 0.0007470 0.0000407 0.0000020 0.0000000 0.0000000 0.2960849
0.5521687 0.2141759 0.0608408 0.0089225 0.0008671 0.0000435 0.0000001 0.0000000 0.0000000 0.2848499
0.5722489 0.2025038 0.0602679 0.0088720 0.0007944 0.0000628 0.0000012 0.0000000 0.0000000 0.2725023
0.5923293 0.1914679 0.0598294 0.0096399 0.0010212 0.0000824 0.0000062 0.0000000 0.0000000 0.2620470
0.6124096 0.1810333 0.0592058 0.0098249 0.0011108 0.0000804 0.0000012 0.0000000 0.0000000 0.2512564
0.6324899 0.1711674 0.0586689 0.0101796 0.0012181 0.0001030 0.0000220 0.0000000 0.0000000 0.2413591
0.6525702 0.1618392 0.0579385 0.0106251 0.0013124 0.0001380 0.0000057 0.0000000 0.0000000 0.2318589
0.6726506 0.1530193 0.0570665 0.0108996 0.0014107 0.0000811 0.0000088 0.0000001 0.0000000 0.2224861
0.6927309 0.1446801 0.0564385 0.0113884 0.0015750 0.0001339 0.0000050 0.0000000 0.0000000 0.2142210
0.7128112 0.1367954 0.0555555 0.0114924 0.0014588 0.0001285 0.0000045 0.0000000 0.0000000 0.2054350
0.7328916 0.1293404 0.0543976 0.0115708 0.0016869 0.0001856 0.0000145 0.0000073 0.0000000 0.1972031
0.7529718 0.1222916 0.0534003 0.0117066 0.0016632 0.0001370 0.0000036 0.0000000 0.0000000 0.1892023
0.7730522 0.1156270 0.0524348 0.0118512 0.0018410 0.0001923 0.0000089 0.0000000 0.0000000 0.1819552
0.7931325 0.1093256 0.0511710 0.0120392 0.0018710 0.0002396 0.0000298 0.0000002 0.0000000 0.1746763
0.8132128 0.1033676 0.0500530 0.0124419 0.0020676 0.0002988 0.0000369 0.0000004 0.0000000 0.1682663
0.8332931 0.0977343 0.0489617 0.0127330 0.0022901 0.0003311 0.0000280 0.0000009 0.0000000 0.1620791
0.8533735 0.0924081 0.0477989 0.0127566 0.0023780 0.0003718 0.0000841 0.0000102 0.0000081 0.1558157
0.8734538 0.0873720 0.0467261 0.0124382 0.0023727 0.0003130 0.0000206 0.0000001 0.0000000 0.1492427
0.8935341 0.0826105 0.0457056 0.0127984 0.0024333 0.0004012 0.0000382 0.0000005 0.0000000 0.1439876
0.9136144 0.0781084 0.0443103 0.0130397 0.0025891 0.0003892 0.0000461 0.0000139 0.0000124 0.1385091
0.9336947 0.0738517 0.0431553 0.0128270 0.0024788 0.0003537 0.0000438 0.0000063 0.0000001 0.1327166
0.9537750 0.0698269 0.0421374 0.0129848 0.0027138 0.0004106 0.0000417 0.0000034 0.0000013 0.1281199
0.9738554 0.0660215 0.0407385 0.0127988 0.0026345 0.0003755 0.0000408 0.0000005 0.0000000 0.1226102
0.9939357 0.0624235 0.0396445 0.0129048 0.0027170 0.0004823 0.0000570 0.0000006 0.0000000 0.1182298
1.0140160 0.0590216 0.0385870 0.0125855 0.0028221 0.0005335 0.0000704 0.0000045 0.0000001 0.1136247
1.0340964 0.0558050 0.0374806 0.0128009 0.0030498 0.0005896 0.0000834 0.0000063 0.0000000 0.1098157
1.0541767 0.0527638 0.0362785 0.0130160 0.0030674 0.0005634 0.0000970 0.0000061 0.0000001 0.1057923
1.0742570 0.0498883 0.0352088 0.0125571 0.0030746 0.0005474 0.0000740 0.0000140 0.0000003 0.1013646
1.0943373 0.0471695 0.0342719 0.0127075 0.0033412 0.0005976 0.0000930 0.0000170 0.0000000 0.0981977
1.1144177 0.0445989 0.0330651 0.0123205 0.0033100 0.0006251 0.0000804 0.0000066 0.0000022 0.0940089
1.1344979 0.0421683 0.0319995 0.0124466 0.0032350 0.0006476 0.0001039 0.0000084 0.0000022 0.0906116
1.1545782 0.0398703 0.0310121 0.0122591 0.0032963 0.0006638 0.0000915 0.0000145 0.0000055 0.0872130
1.1746585 0.0376974 0.0300994 0.0122154 0.0033819 0.0007347 0.0000998 0.0000202 0.0000015 0.0842502
1.1947389 0.0356430 0.0290229 0.0118138 0.0032650 0.0007244 0.0000828 0.0000089 0.0000001 0.0805608
1.2148192 0.0337005 0.0281360 0.0118843 0.0034412 0.0007321 0.0001489 0.0000150 0.0000007 0.0780588
1.2348995 0.0318639 0.0271579 0.0116867 0.0035066 0.0007793 0.0001492 0.0000310 0.0000052 0.0751799
1.2549798 0.0301274 0.0262037 0.0116154 0.0034848 0.0007391 0.0001316 0.0000268 0.0000002 0.0723290
1.2750602 0.0284856 0.0253493 0.0113905 0.0034972 0.0007778 0.0001377 0.0000279 0.0000196 0.0696857
1.2951405 0.0269332 0.0243875 0.0113441 0.0036104 0.0008389 0.0001543 0.0000275 0.0000014 0.0672971
1.3152208 0.0254654 0.0235377 0.0111089 0.0036194 0.0008192 0.0001673 0.0000298 0.0000083 0.0647559
1.3353012 0.0240776 0.0226093 0.0104750 0.0033068 0.0008389 0.0001788 0.0000389 0.0000085 0.0615337
1.3553815 0.0227654 0.0218706 0.0107014 0.0035577 0.0008676 0.0001931 0.0000157 0.0000004 0.0599720
1.3754618 0.0215247 0.0212254 0.0103607 0.0035371 0.0008928 0.0002199 0.0000313 0.0000045 0.0577964
1.3955421 0.0203517 0.0203424 0.0102968 0.0034965 0.0009398 0.0001872 0.0000368 0.0000042 0.0556555
1.4156225 0.0192426 0.0195642 0.0100869 0.0035573 0.0010026 0.0002171 0.0000397 0.0000010 0.0537114
1.4357028 0.0181939 0.0189008 0.0099805 0.0036321 0.0009963 0.0001884 0.0000421 0.0000020 0.0519361
1.4557831 0.0172024 0.0181693 0.0099889 0.0036087 0.0010112 0.0002797 0.0000586 0.0000130 0.0503317
1.4758633 0.0162649 0.0175100 0.0096083 0.0034917 0.0009166 0.0002021 0.0000386 0.0000079 0.0480399
1.4959437 0.0153785 0.0168487 0.0091322 0.0034261 0.0009620 0.0002201 0.0000423 0.0000101 0.0460200
1.5160240 0.0145404 0.0162368 0.0091438 0.0034124 0.0010427 0.0002354 0.0000478 0.0000084 0.0446677
1.5361043 0.0137480 0.0156171 0.0089251 0.0035724 0.0010625 0.0002808 0.0000393 0.0000045 0.0432497
1.5561846 0.0129987 0.0149454 0.0086788 0.0034406 0.0010574 0.0002657 0.0000497 0.0000161 0.0414524
1.5762650 0.0122903 0.0144461 0.0084908 0.0034318 0.0010559 0.0002622 0.0000439 0.0000025 0.0400237
1.5963453 0.0116205 0.0138379 0.0082738 0.0034203 0.0010269 0.0002340 0.0000404 0.0000043 0.0384581
1.6164256 0.0109873 0.0133631 0.0080959 0.0034652 0.0010790 0.0002935 0.0000625 0.0000108 0.0373572
1.6365060 0.0103885 0.0128047 0.0079707 0.0034212 0.0011674 0.0002810 0.0000621 0.0000066 0.0361022
1.6565863 0.0098223 0.0123066 0.0077423 0.0033217 0.0010701 0.0002805 0.0000743 0.0000129 0.0346308
1.6766666 0.0092870 0.0117770 0.0075984 0.0033712 0.0011303 0.0003177 0.0000861 0.0000174 0.0335852
1.6967469 0.0087809 0.0113267 0.0074089 0.0032601 0.0010780 0.0003170 0.0000545 0.0000056 0.0322318
1.7168273 0.0083024 0.0108620 0.0071666 0.0032734 0.0011015 0.0003060 0.0000655 0.0000186 0.0310960
1.7369076 0.0078499 0.0104395 0.0069610 0.0031127 0.0010863 0.0003335 0.0000828 0.0000144 0.0298800
1.7569879 0.0074221 0.0100285 0.0067445 0.0031425 0.0011096 0.0003056 0.0000551 0.0000157 0.0288235
1.7770681 0.0070176 0.0096423 0.0065775 0.0030839 0.0011166 0.0003523 0.0000841 0.0000107 0.0278849
1.7971485 0.0066352 0.0092275 0.0064866 0.0031284 0.0010596 0.0002988 0.0000666 0.0000086 0.0269113
1.8172288 0.0062736 0.0088428 0.0062851 0.0030503 0.0010668 0.0003342 0.0000827 0.0000166 0.0259521
1.8373091 0.0059317 0.0085063 0.0059782 0.0029576 0.0011517 0.0003497 0.0000880 0.0000194 0.0249826
1.8573895 0.0056084 0.0081431 0.0058758 0.0029343 0.0010827 0.0003173 0.0000942 0.0000214 0.0240772
1.8774698 0.0053028 0.0078302 0.0057570 0.0029088 0.0011171 0.0003451 0.0000961 0.0000240 0.0233810
1.8975501 0.0050138 0.0075271 0.0055914 0.0028325 0.0011027 0.0003533 0.0000993 0.0000200 0.0225400
1.9176304 0.0047405 0.0071804 0.0054677 0.0028994 0.0011186 0.0003654 0.0001001 0.0000234 0.0218956
1.9377108 0.0044822 0.0068894 0.0053161 0.0028042 0.0011119 0.0003348 0.0000844 0.0000223 0.0210452
1.9577911 0.0042379 0.0066152 0.0050737 0.0028005 0.0011462 0.0003550 0.0000875 0.0000138 0.0203299
1.9778714 0.0040070 0.0063164 0.0049527 0.0026471 0.0010799 0.0003809 0.0001078 0.0000268 0.0195185
1.9979517 0.0037886 0.0060417 0.0048554 0.0026612 0.0011436 0.0003883 0.0001020 0.0000272 0.0190081
2.0180321 0.0035821 0.0057904 0.0047015 0.0026398 0.0011447 0.0003928 0.0001095 0.0000187 0.0183795
2.0381124 0.0033869 0.0055476 0.0045805 0.0025404 0.0010749 0.0003586 0.0001113 0.0000323 0.0176326
2.0581927 0.0032023 0.0052826 0.0043692 0.0024575 0.0010614 0.0003660 0.0001060 0.0000226 0.0168676
2.0782731 0.0030278 0.0050786 0.0042380 0.0024117 0.0010262 0.0003567 0.0001117 0.0000241 0.0162748
2.0983534 0.0028628 0.0048364 0.0041066 0.0023493 0.0010300 0.0003739 0.0001236 0.0000343 0.0157169
2.1184337 0.0027068 0.0046369 0.0040128 0.0023515 0.0010177 0.0003734 0.0001141 0.0000304 0.0152436
2.1385140 0.0025593 0.0044351 0.0039062 0.0023664 0.0010603 0.0003953 0.0001110 0.0000250 0.0148585
2.1585944 0.0024198 0.0042526 0.0037699 0.0022812 0.0010405 0.0004022 0.0001207 0.0000329 0.0143199
2.1786747 0.0022879 0.0040712 0.0035888 0.0021769 0.0009766 0.0003684 0.0001140 0.0000455 0.0136292
2.1987550 0.0021632 0.0039022 0.0035456 0.0021985 0.0010163 0.0003751 0.0001164 0.0000246 0.0133419
2.2188354 0.0020453 0.0037214 0.0033864 0.0020799 0.0010043 0.0003849 0.0001267 0.0000463 0.0127951
2.2389157 0.0019339 0.0035486 0.0033250 0.0020892 0.0010048 0.0003950 0.0001215 0.0000352 0.0124530
2.2589958 0.0018285 0.0034066 0.0031573 0.0020586 0.0009815 0.0003810 0.0001211 0.0000354 0.0119700
2.2790761 0.0017288 0.0032581 0.0031012 0.0020117 0.0009483 0.0003587 0.0001206 0.0000395 0.0115669
2.2991564 0.0016346 0.0031289 0.0029701 0.0018841 0.0009618 0.0003652 0.0001296 0.0000452 0.0111195
2.3192368 0.0015455 0.0029682 0.0028922 0.0019060 0.0009655 0.0003862 0.0001218 0.0000433 0.0108288
2.3393171 0.0014613 0.0028440 0.0027788 0.0018280 0.0009102 0.0003812 0.0001161 0.0000306 0.0103503
2.3593974 0.0013817 0.0027289 0.0026750 0.0017933 0.0009198 0.0003571 0.0001176 0.0000328 0.0100063
2.3794777 0.0013064 0.0026027 0.0025768 0.0017209 0.0008827 0.0003454 0.0001129 0.0000404 0.0095882
2.3995581 0.0012352 0.0024816 0.0024819 0.0017021 0.0008672 0.0003711 0.0001333 0.0000355 0.0093079
2.4196384 0.0011679 0.0023606 0.0023949 0.0016825 0.0008666 0.0003631 0.0001326 0.0000411 0.0090094
2.4397187 0.0011042 0.0022815 0.0023592 0.0016289 0.0008570 0.0003666 0.0001422 0.0000511 0.0087907
2.4597991 0.0010440 0.0021751 0.0022555 0.0015780 0.0008330 0.0003567 0.0001386 0.0000374 0.0084184
2.4798794 0.0009871 0.0020763 0.0021423 0.0015273 0.0008344 0.0003717 0.0001325 0.0000424 0.0081142
2.4999597 0.0009333 0.0019788 0.0020748 0.0015151 0.0008046 0.0003588 0.0001296 0.0000443 0.0078393
2.5200400 0.0008825 0.0018942 0.0019772 0.0014467 0.0007959 0.0003480 0.0001385 0.0000370 0.0075200
2.5401204 0.0008344 0.0017977 0.0019158 0.0014025 0.0007451 0.0003163 0.0001186 0.0000370 0.0071673
2.5602007 0.0007889 0.0017116 0.0018590 0.0013827 0.0007750 0.0003539 0.0001447 0.0000493 0.0070651
2.5802810 0.0007459 0.0016301 0.0017921 0.0013589 0.0007417 0.0003640 0.0001436 0.0000485 0.0068249
2.6003613 0.0007053 0.0015712 0.0017430 0.0013296 0.0007653 0.0003694 0.0001362 0.0000450 0.0066650
2.6204417 0.0006668 0.0014924 0.0016356 0.0012545 0.0007323 0.0003448 0.0001316 0.0000469 0.0063048
2.6405220 0.0006305 0.0014238 0.0015971 0.0012134 0.0007089 0.0003217 0.0001383 0.0000477 0.0060814
2.6606023 0.0005961 0.0013623 0.0015559 0.0011866 0.0006944 0.0003229 0.0001406 0.0000537 0.0059125
2.6806827 0.0005636 0.0012976 0.0014795 0.0011592 0.0006857 0.0003166 0.0001322 0.0000461 0.0056805
2.7007630 0.0005329 0.0012393 0.0014342 0.0011498 0.0006724 0.0003234 0.0001299 0.0000413 0.0055232
2.7208433 0.0005039 0.0011879 0.0013641 0.0010801 0.0006543 0.0003171 0.0001257 0.0000476 0.0052807
2.7409236 0.0004764 0.0011267 0.0013239 0.0010578 0.0006450 0.0003124 0.0001360 0.0000492 0.0051274
2.7610040 0.0004505 0.0010781 0.0012665 0.0010355 0.0006290 0.0003066 0.0001222 0.0000456 0.0049339
2.7810843 0.0004259 0.0010318 0.0012390 0.0010001 0.0006270 0.0003199 0.0001346 0.0000467 0.0048249
2.8011646 0.0004027 0.0009780 0.0012057 0.0009835 0.0005967 0.0002934 0.0001219 0.0000435 0.0046254
2.8212450 0.0003808 0.0009315 0.0011475 0.0009464 0.0005989 0.0003024 0.0001217 0.0000413 0.0044705
2.8413253 0.0003600 0.0008894 0.0011029 0.0009429 0.0005967 0.0002948 0.0001132 0.0000376 0.0043375
2.8614056 0.0003404 0.0008572 0.0010718 0.0009121 0.0005872 0.0002961 0.0001251 0.0000440 0.0042338
2.8814859 0.0003218 0.0008120 0.0010063 0.0008566 0.0005551 0.0002897 0.0001198 0.0000443 0.0040058
2.9015663 0.0003043 0.0007671 0.0009769 0.0008363 0.0005271 0.0002675 0.0001175 0.0000396 0.0038363
2.9216464 0.0002877 0.0007392 0.0009452 0.0008293 0.0005539 0.0002949 0.0001322 0.0000550 0.0038374
2.9417267 0.0002720 0.0007041 0.0009054 0.0008043 0.0005387 0.0002925 0.0001341 0.0000531 0.0037041
2.9618070 0.0002572 0.0006740 0.0008548 0.0007563 0.0005131 0.0002874 0.0001320 0.0000559 0.0035307
2.9818873 0.0002432 0.0006419 0.0008405 0.0007424 0.0004967 0.0002623 0.0001230 0.0000469 0.0033969
3.0019677 0.0002299 0.0006095 0.0008047 0.0007087 0.0004819 0.0002584 0.0001166 0.0000467 0.0032564
3.0220480 0.0002174 0.0005783 0.0007757 0.0006908 0.0004581 0.0002622 0.0001169 0.0000451 0.0031445
3.0421283 0.0002056 0.0005575 0.0007357 0.0006728 0.0004545 0.0002506 0.0001151 0.0000453 0.0030370
3.0622087 0.0001944 0.0005274 0.0007078 0.0006460 0.0004470 0.0002449 0.0001025 0.0000417 0.0029117
3.0822890 0.0001838 0.0005061 0.0006827 0.0006266 0.0004340 0.0002404 0.0001138 0.0000462 0.0028334
3.1023693 0.0001737 0.0004812 0.0006529 0.0006104 0.0004288 0.0002411 0.0001137 0.0000468 0.0027487
3.1224496 0.0001643 0.0004575 0.0006260 0.0005918 0.0004246 0.0002390 0.0001182 0.0000471 0.0026684
3.1425300 0.0001553 0.0004354 0.0006111 0.0005661 0.0004007 0.0002264 0.0001048 0.0000455 0.0025452
3.1626103 0.0001469 0.0004121 0.0005744 0.0005565 0.0004074 0.0002321 0.0001062 0.0000483 0.0024838
3.1826906 0.0001389 0.0003962 0.0005528 0.0005255 0.0003908 0.0002286 0.0001093 0.0000509 0.0023929
