-------- p=1.667 a=2.000 mu=-2.200 N=10000000 time=2017-02-22 01:09:51 --------
1.667 2.000 m-2.200 10000000 2017-02-22 01:09:51
0.0100000 0.9647475 0.0014860 0.0000000 0.0000000 0.0000000 0.0000000 0.0000000 0.0000000 0.9662335
0.0300803 0.8976681 0.0070242 0.0000226 0.0000000 0.0000000 0.0000000 0.0000000 0.0000000 0.9047149
0.0501606 0.8352527 0.0138431 0.0000367 0.0000000 0.0000000 0.0000000 0.0000000 0.0000000 0.8491325
0.0702410 0.7771771 0.0218109 0.0003277 0.0000003 0.0000000 0.0000000 0.0000000 0.0000000 0.7993161
0.0903213 0.7231396 0.0294134 0.0004688 0.0000002 0.0000000 0.0000000 0.0000000 0.0000000 0.7530219
0.1104016 0.6728593 0.0364474 0.0008926 0.0000015 0.0000000 0.0000000 0.0000000 0.0000000 0.7102008
0.1304819 0.6260750 0.0437352 0.0017854 0.0000265 0.0000000 0.0000000 0.0000000 0.0000000 0.6716221
0.1505622 0.5825437 0.0507536 0.0021860 0.0000890 0.0000000 0.0000000 0.0000000 0.0000000 0.6355722
0.1706426 0.5420391 0.0562762 0.0031295 0.0000612 0.0000007 0.0000000 0.0000000 0.0000000 0.6015065
0.1907229 0.5043508 0.0624107 0.0036742 0.0001424 0.0000058 0.0000000 0.0000000 0.0000000 0.5705838
0.2108032 0.4692830 0.0666863 0.0052519 0.0001880 0.0000000 0.0000000 0.0000000 0.0000000 0.5414092
0.2308835 0.4366535 0.0710463 0.0056642 0.0003050 0.0000014 0.0000000 0.0000000 0.0000000 0.5136704
0.2509638 0.4062928 0.0745744 0.0065879 0.0003245 0.0000032 0.0000000 0.0000000 0.0000000 0.4877827
0.2710442 0.3780430 0.0779214 0.0075971 0.0005270 0.0000897 0.0000187 0.0000000 0.0000000 0.4641970
0.2911245 0.3517575 0.0807041 0.0090705 0.0008801 0.0000320 0.0000003 0.0000000 0.0000000 0.4424444
0.3112048 0.3272996 0.0830368 0.0105287 0.0009421 0.0001105 0.0000002 0.0000000 0.0000000 0.4219179
0.3312851 0.3045422 0.0844308 0.0114977 0.0012463 0.0002080 0.0000018 0.0000000 0.0000000 0.4019268
0.3513654 0.2833672 0.0851570 0.0131627 0.0012722 0.0000953 0.0000008 0.0000000 0.0000000 0.3830553
0.3714458 0.2636646 0.0861075 0.0143069 0.0014750 0.0000792 0.0000214 0.0000030 0.0000000 0.3656574
0.3915261 0.2453318 0.0863737 0.0152005 0.0018308 0.0001908 0.0000109 0.0000000 0.0000000 0.3489385
0.4116064 0.2282738 0.0858764 0.0166994 0.0022589 0.0001754 0.0000114 0.0000001 0.0000000 0.3332953
0.4316867 0.2124018 0.0862208 0.0176004 0.0025192 0.0001707 0.0000252 0.0000000 0.0000000 0.3189381
0.4517670 0.1976334 0.0855376 0.0184855 0.0028557 0.0003370 0.0000045 0.0000000 0.0000000 0.3048536
0.4718474 0.1838918 0.0844057 0.0205887 0.0034755 0.0004112 0.0000921 0.0000024 0.0000000 0.2928674
0.4919277 0.1711057 0.0835124 0.0213174 0.0037416 0.0005394 0.0000140 0.0000002 0.0000000 0.2802308
0.5120080 0.1592086 0.0821312 0.0211281 0.0036136 0.0004829 0.0000919 0.0000019 0.0000000 0.2666582
0.5320883 0.1481388 0.0805428 0.0219859 0.0045329 0.0007131 0.0001467 0.0000223 0.0000159 0.2560983
0.5521687 0.1378386 0.0792901 0.0233944 0.0047659 0.0006466 0.0000546 0.0000140 0.0000400 0.2460442
0.5722489 0.1282546 0.0770498 0.0237088 0.0051193 0.0007729 0.0001055 0.0000721 0.0000010 0.2350840
0.5923293 0.1193370 0.0761179 0.0244505 0.0053302 0.0008380 0.0000828 0.0000006 0.0000000 0.2261570
0.6124096 0.1110394 0.0736775 0.0246168 0.0054894 0.0010983 0.0000848 0.0000047 0.0000000 0.2160110
0.6324899 0.1033188 0.0718541 0.0254954 0.0059905 0.0013286 0.0002537 0.0000178 0.0000000 0.2082588
0.6525702 0.0961350 0.0698723 0.0260606 0.0069975 0.0013130 0.0001481 0.0000127 0.0000000 0.2005392
0.6726506 0.0894507 0.0678563 0.0265792 0.0073018 0.0013265 0.0002453 0.0000375 0.0000001 0.1927973
0.6927309 0.0832311 0.0656305 0.0269909 0.0076746 0.0017405 0.0002427 0.0000576 0.0000000 0.1855679
0.7128112 0.0774440 0.0636520 0.0266228 0.0078328 0.0018760 0.0003133 0.0000862 0.0000080 0.1778352
0.7328916 0.0720593 0.0617495 0.0268251 0.0078492 0.0018620 0.0003853 0.0000430 0.0000028 0.1707762
0.7529718 0.0670490 0.0596086 0.0267954 0.0085104 0.0019961 0.0003988 0.0000530 0.0000011 0.1644123
0.7730522 0.0623870 0.0575349 0.0274245 0.0087075 0.0021786 0.0004016 0.0000522 0.0000005 0.1586867
0.7931325 0.0580492 0.0555516 0.0274546 0.0088413 0.0023171 0.0005650 0.0001517 0.0000850 0.1530155
0.8132128 0.0540130 0.0534516 0.0270392 0.0090601 0.0026140 0.0006067 0.0001232 0.0000203 0.1469280
0.8332931 0.0502575 0.0515774 0.0275280 0.0096995 0.0025521 0.0006204 0.0000697 0.0000072 0.1423117
0.8533735 0.0467630 0.0494481 0.0266599 0.0100353 0.0028883 0.0005636 0.0001204 0.0000672 0.1365458
0.8734538 0.0435116 0.0477995 0.0262825 0.0097801 0.0028810 0.0007558 0.0001400 0.0000204 0.1311708
0.8935341 0.0404862 0.0457850 0.0260095 0.0100741 0.0029045 0.0008082 0.0001426 0.0000063 0.1262164
0.9136144 0.0376712 0.0440844 0.0264787 0.0107492 0.0031334 0.0006387 0.0001691 0.0000248 0.1229495
0.9336947 0.0350519 0.0419742 0.0257074 0.0108378 0.0034168 0.0008550 0.0002793 0.0000479 0.1181703
0.9537750 0.0326147 0.0405802 0.0256830 0.0110150 0.0037064 0.0010742 0.0002134 0.0000608 0.1149475
0.9738554 0.0303470 0.0389304 0.0252591 0.0111017 0.0036821 0.0008880 0.0001909 0.0000112 0.1104103
0.9939357 0.0282369 0.0372216 0.0250329 0.0109630 0.0036698 0.0009253 0.0002225 0.0000127 0.1062848
1.0140160 0.0262736 0.0357979 0.0244164 0.0112627 0.0038589 0.0009747 0.0002087 0.0000265 0.1028194
1.0340964 0.0244468 0.0340352 0.0237954 0.0112380 0.0040207 0.0012086 0.0002525 0.0000474 0.0990446
1.0541767 0.0227470 0.0326419 0.0231101 0.0119965 0.0046198 0.0012068 0.0003839 0.0000922 0.0967980
1.0742570 0.0211654 0.0311749 0.0229256 0.0113618 0.0043019 0.0014691 0.0004055 0.0001040 0.0929081
1.0943373 0.0196937 0.0297795 0.0224717 0.0117102 0.0044666 0.0015404 0.0004495 0.0000639 0.0901754
1.1144177 0.0183244 0.0285191 0.0224862 0.0115713 0.0046809 0.0016191 0.0004394 0.0000621 0.0877025
1.1344979 0.0170503 0.0271085 0.0213858 0.0116432 0.0048732 0.0016282 0.0004197 0.0001271 0.0842360
1.1545782 0.0158648 0.0258233 0.0212060 0.0116796 0.0050102 0.0020318 0.0007351 0.0002137 0.0825645
1.1746585 0.0147617 0.0246243 0.0206243 0.0116402 0.0049097 0.0015435 0.0003950 0.0000890 0.0785876
1.1947389 0.0137353 0.0233902 0.0194983 0.0113687 0.0050654 0.0019370 0.0005636 0.0001752 0.0757337
1.2148192 0.0127803 0.0223158 0.0193668 0.0118282 0.0053534 0.0020377 0.0005603 0.0002448 0.0744873
1.2348995 0.0118917 0.0212932 0.0188697 0.0116201 0.0055047 0.0019541 0.0006536 0.0002802 0.0720673
1.2549798 0.0110648 0.0202754 0.0185679 0.0114430 0.0056990 0.0021721 0.0006569 0.0001695 0.0700486
1.2750602 0.0102955 0.0192151 0.0176714 0.0112279 0.0053809 0.0020478 0.0006429 0.0001256 0.0666070
1.2951405 0.0095796 0.0183709 0.0173273 0.0114882 0.0058804 0.0025558 0.0008691 0.0002564 0.0663276
1.3152208 0.0089136 0.0174244 0.0168712 0.0115316 0.0059988 0.0024667 0.0008609 0.0003475 0.0644147
1.3353012 0.0082938 0.0167258 0.0165221 0.0110034 0.0058037 0.0022860 0.0008229 0.0002847 0.0617423
1.3553815 0.0077171 0.0156897 0.0156407 0.0108743 0.0055819 0.0025585 0.0010103 0.0002816 0.0593540
1.3754618 0.0071805 0.0149651 0.0153435 0.0109977 0.0059014 0.0025833 0.0010236 0.0003846 0.0583797
1.3955421 0.0066813 0.0142589 0.0149651 0.0109445 0.0061080 0.0027000 0.0010349 0.0003434 0.0570361
1.4156225 0.0062167 0.0134690 0.0143093 0.0104258 0.0058016 0.0027625 0.0009134 0.0002893 0.0541876
1.4357028 0.0057845 0.0128069 0.0139584 0.0103713 0.0058312 0.0025572 0.0009575 0.0003353 0.0526023
1.4557831 0.0053823 0.0121276 0.0134983 0.0101750 0.0057307 0.0025657 0.0010000 0.0004269 0.0509065
1.4758633 0.0050080 0.0114621 0.0130811 0.0102874 0.0060139 0.0028032 0.0010852 0.0003695 0.0501105
1.4959437 0.0046598 0.0109814 0.0125900 0.0100822 0.0061530 0.0030325 0.0012210 0.0005363 0.0492562
1.5160240 0.0043358 0.0104110 0.0122209 0.0099360 0.0061609 0.0031414 0.0012984 0.0004448 0.0479492
1.5361043 0.0040344 0.0097793 0.0116216 0.0095126 0.0059680 0.0029025 0.0013344 0.0004506 0.0456035
1.5561846 0.0037538 0.0093651 0.0115643 0.0095427 0.0060801 0.0029867 0.0012516 0.0005457 0.0450900
1.5762650 0.0034928 0.0087361 0.0109234 0.0092186 0.0057911 0.0029371 0.0014078 0.0005488 0.0430557
1.5963453 0.0032500 0.0082938 0.0105885 0.0090937 0.0057480 0.0031484 0.0012399 0.0004675 0.0418299
1.6164256 0.0030240 0.0079099 0.0100955 0.0087546 0.0056843 0.0029652 0.0013164 0.0004429 0.0401928
1.6365060 0.0028137 0.0074651 0.0095097 0.0085949 0.0059609 0.0031411 0.0014650 0.0006181 0.0395685
1.6565863 0.0026181 0.0070936 0.0093522 0.0084374 0.0057862 0.0032675 0.0015872 0.0007113 0.0388536
1.6766666 0.0024361 0.0066966 0.0088811 0.0082771 0.0058183 0.0032495 0.0015389 0.0005575 0.0374550
1.6967469 0.0022667 0.0063291 0.0084818 0.0078775 0.0056397 0.0032730 0.0017145 0.0007411 0.0363232
1.7168273 0.0021091 0.0059709 0.0082941 0.0077441 0.0054121 0.0031058 0.0014839 0.0005390 0.0346590
1.7369076 0.0019624 0.0056601 0.0078367 0.0076787 0.0055503 0.0032272 0.0015635 0.0006019 0.0340810
1.7569879 0.0018260 0.0053033 0.0075251 0.0072348 0.0054595 0.0032444 0.0016874 0.0007670 0.0330475
1.7770681 0.0016990 0.0050598 0.0072937 0.0072321 0.0055093 0.0034864 0.0017795 0.0008380 0.0328978
1.7971485 0.0015809 0.0048781 0.0070694 0.0073083 0.0056598 0.0035519 0.0019167 0.0008861 0.0328512
1.8172288 0.0014710 0.0045335 0.0068344 0.0070584 0.0055757 0.0034527 0.0017460 0.0007145 0.0313862
1.8373091 0.0013687 0.0043288 0.0066359 0.0069913 0.0053710 0.0033216 0.0017192 0.0006705 0.0304070
1.8573895 0.0012735 0.0040358 0.0060303 0.0062350 0.0047381 0.0030298 0.0017091 0.0008301 0.0278818
1.8774698 0.0011850 0.0038148 0.0059509 0.0062108 0.0049408 0.0033759 0.0021122 0.0010432 0.0286335
1.8975501 0.0011026 0.0035914 0.0057071 0.0061541 0.0050252 0.0032438 0.0017577 0.0008410 0.0274228
1.9176304 0.0010259 0.0033985 0.0055281 0.0060042 0.0049969 0.0035318 0.0019631 0.0009588 0.0274074
1.9377108 0.0009546 0.0031954 0.0051402 0.0056439 0.0047952 0.0031902 0.0017624 0.0007743 0.0254561
1.9577911 0.0008882 0.0030474 0.0049499 0.0055260 0.0046788 0.0031800 0.0018911 0.0009023 0.0250638
1.9778714 0.0008265 0.0028723 0.0048041 0.0054769 0.0047802 0.0034293 0.0020677 0.0009899 0.0252469
1.9979517 0.0007690 0.0027245 0.0045260 0.0052200 0.0045335 0.0030803 0.0018157 0.0008976 0.0235665
2.0180321 0.0007155 0.0025496 0.0042826 0.0049723 0.0043067 0.0030722 0.0018076 0.0008812 0.0225879
2.0381124 0.0006658 0.0024096 0.0042938 0.0051003 0.0044693 0.0031129 0.0018167 0.0010301 0.0228985
2.0581927 0.0006195 0.0022214 0.0038426 0.0045544 0.0041304 0.0030147 0.0017718 0.0010090 0.0211636
2.0782731 0.0005764 0.0021695 0.0037782 0.0044939 0.0041469 0.0029855 0.0017968 0.0009328 0.0208800
2.0983534 0.0005363 0.0020120 0.0035976 0.0044523 0.0040888 0.0031567 0.0020121 0.0010834 0.0209393
2.1184337 0.0004990 0.0019228 0.0034831 0.0043079 0.0040636 0.0031255 0.0019908 0.0011002 0.0204931
2.1385140 0.0004643 0.0017845 0.0033032 0.0041935 0.0040314 0.0030851 0.0020452 0.0011314 0.0200386
2.1585944 0.0004321 0.0016884 0.0031631 0.0040497 0.0038889 0.0030228 0.0019620 0.0011860 0.0193930
2.1786747 0.0004020 0.0015744 0.0030085 0.0038701 0.0038034 0.0029634 0.0019812 0.0010608 0.0186638
2.1987550 0.0003741 0.0015148 0.0028042 0.0036025 0.0036233 0.0028823 0.0019439 0.0009884 0.0177335
2.2188354 0.0003481 0.0014084 0.0027072 0.0036310 0.0036585 0.0030512 0.0021103 0.0012158 0.0181304
2.2389157 0.0003239 0.0013355 0.0026136 0.0034875 0.0034683 0.0029712 0.0020487 0.0011516 0.0174003
2.2589958 0.0003013 0.0012596 0.0025039 0.0033375 0.0034342 0.0027913 0.0018440 0.0010826 0.0165543
2.2790761 0.0002804 0.0011816 0.0023497 0.0032007 0.0032818 0.0028039 0.0019911 0.0012088 0.0162980
2.2991564 0.0002609 0.0011101 0.0021995 0.0029463 0.0030607 0.0025739 0.0018444 0.0011295 0.0151253
2.3192368 0.0002427 0.0010446 0.0021186 0.0028639 0.0030422 0.0025361 0.0018366 0.0010638 0.0147487
2.3393171 0.0002259 0.0009797 0.0020227 0.0028755 0.0030356 0.0025700 0.0017941 0.0011820 0.0146855
2.3593974 0.0002102 0.0009126 0.0018799 0.0027087 0.0029318 0.0025336 0.0018805 0.0011669 0.0142241
2.3794777 0.0001956 0.0008667 0.0018147 0.0025617 0.0027678 0.0023805 0.0016878 0.0010540 0.0133288
2.3995581 0.0001820 0.0008142 0.0017519 0.0024867 0.0027762 0.0024028 0.0018498 0.0011632 0.0134267
2.4196384 0.0001693 0.0007777 0.0016691 0.0023785 0.0025982 0.0022685 0.0017052 0.0010556 0.0126220
2.4397187 0.0001575 0.0007244 0.0016405 0.0023632 0.0027329 0.0025060 0.0018912 0.0011735 0.0131893
2.4597991 0.0001466 0.0006795 0.0014674 0.0022346 0.0026227 0.0023988 0.0018887 0.0011577 0.0125960
2.4798794 0.0001364 0.0006425 0.0014304 0.0022129 0.0025622 0.0023848 0.0018046 0.0012154 0.0123892
2.4999597 0.0001269 0.0006083 0.0013775 0.0021480 0.0024409 0.0022727 0.0017319 0.0011921 0.0118984
2.5200400 0.0001181 0.0005636 0.0012907 0.0020415 0.0024563 0.0024079 0.0019012 0.0013107 0.0120900
2.5401204 0.0001099 0.0005257 0.0012344 0.0019194 0.0022833 0.0021407 0.0016233 0.0011070 0.0109437
2.5602007 0.0001022 0.0005105 0.0011476 0.0018472 0.0022700 0.0022055 0.0018458 0.0013877 0.0113166
2.5802810 0.0000951 0.0004645 0.0010551 0.0016815 0.0019793 0.0019888 0.0015662 0.0011809 0.0100115
2.6003613 0.0000885 0.0004432 0.0010378 0.0016520 0.0020744 0.0020606 0.0017408 0.0011555 0.0102527
2.6204417 0.0000824 0.0004277 0.0010238 0.0016697 0.0020424 0.0020055 0.0016731 0.0012907 0.0102153
2.6405220 0.0000766 0.0003900 0.0009514 0.0015908 0.0019826 0.0019640 0.0016721 0.0011946 0.0098222
2.6606023 0.0000713 0.0003740 0.0008942 0.0014717 0.0018359 0.0018485 0.0015858 0.0011339 0.0092153
2.6806827 0.0000663 0.0003477 0.0008467 0.0014213 0.0017870 0.0018835 0.0015486 0.0011450 0.0090462
2.7007630 0.0000617 0.0003307 0.0008247 0.0014332 0.0017929 0.0018910 0.0016522 0.0012215 0.0092080
2.7208433 0.0000574 0.0003094 0.0007950 0.0012978 0.0017197 0.0017398 0.0014933 0.0011541 0.0085664
2.7409236 0.0000534 0.0002882 0.0007152 0.0012561 0.0016393 0.0017473 0.0015607 0.0012072 0.0084672
2.7610040 0.0000497 0.0002735 0.0007175 0.0012409 0.0016415 0.0017133 0.0014995 0.0011051 0.0082411
2.7810843 0.0000463 0.0002537 0.0006814 0.0011909 0.0015458 0.0016737 0.0015425 0.0011951 0.0081294
2.8011646 0.0000431 0.0002279 0.0006143 0.0010750 0.0014161 0.0015079 0.0012877 0.0009642 0.0071361
2.8212450 0.0000401 0.0002262 0.0005871 0.0010742 0.0014498 0.0016363 0.0015015 0.0011456 0.0076607
2.8413253 0.0000373 0.0002082 0.0005585 0.0010095 0.0013476 0.0014552 0.0012875 0.0010154 0.0069193
2.8614056 0.0000347 0.0001991 0.0005369 0.0009766 0.0013714 0.0015637 0.0014120 0.0011334 0.0072278
2.8814859 0.0000323 0.0001841 0.0004875 0.0008879 0.0012248 0.0013264 0.0012478 0.0009989 0.0063896
2.9015663 0.0000300 0.0001734 0.0004878 0.0009112 0.0012508 0.0014204 0.0013986 0.0011580 0.0068303
2.9216464 0.0000279 0.0001574 0.0004241 0.0007638 0.0011504 0.0013108 0.0012474 0.0010166 0.0060985
2.9417267 0.0000260 0.0001561 0.0004460 0.0008306 0.0011864 0.0013920 0.0013175 0.0011034 0.0064581
2.9618070 0.0000242 0.0001474 0.0003976 0.0007336 0.0010603 0.0011905 0.0011842 0.0009728 0.0057107
2.9818873 0.0000225 0.0001347 0.0003933 0.0007498 0.0010693 0.0012293 0.0011705 0.0009837 0.0057532
3.0019677 0.0000209 0.0001218 0.0003594 0.0007155 0.0010524 0.0012099 0.0011460 0.0008887 0.0055148
3.0220480 0.0000195 0.0001230 0.0003580 0.0006923 0.0010156 0.0011907 0.0011523 0.0010154 0.0055669
3.0421283 0.0000181 0.0001108 0.0003155 0.0006369 0.0009415 0.0011252 0.0011199 0.0009560 0.0052239
3.0622087 0.0000169 0.0001001 0.0003076 0.0006139 0.0009029 0.0010878 0.0011217 0.0009584 0.0051093
3.0822890 0.0000157 0.0000992 0.0003030 0.0006188 0.0009402 0.0011262 0.0011834 0.0010197 0.0053063
3.1023693 0.0000146 0.0000934 0.0002850 0.0005773 0.0008685 0.0010920 0.0010946 0.0009716 0.0049970
3.1224496 0.0000136 0.0000884 0.0002689 0.0005366 0.0008319 0.0010397 0.0010624 0.0009305 0.0047718
3.1425300 0.0000126 0.0000838 0.0002524 0.0005375 0.0008494 0.0010521 0.0011253 0.0010287 0.0049419
3.1626103 0.0000118 0.0000763 0.0002391 0.0004670 0.0007207 0.0008926 0.0008885 0.0007992 0.0040951
3.1826906 0.0000109 0.0000757 0.0002219 0.0004446 0.0007068 0.0008878 0.0009293 0.0008655 0.0041425
3.2027709 0.0000102 0.0000684 0.0002016 0.0004217 0.0006591 0.0008705 0.0009176 0.0008321 0.0039812
3.2228513 0.0000095 0.0000628 0.0001944 0.0004056 0.0006447 0.0008252 0.0008634 0.0007424 0.0037479
3.2429316 0.0000088 0.0000595 0.0001853 0.0003987 0.0006201 0.0007970 0.0008473 0.0007932 0.0037098
3.2630119 0.0000082 0.0000542 0.0001682 0.0003691 0.0005789 0.0007442 0.0008139 0.0007543 0.0034911
3.2830923 0.0000076 0.0000541 0.0001772 0.0003796 0.0006256 0.0008076 0.0008719 0.0007685 0.0036920
3.3031726 0.0000071 0.0000515 0.0001642 0.0003702 0.0006146 0.0008206 0.0009273 0.0009048 0.0038601
3.3232529 0.0000066 0.0000439 0.0001475 0.0003114 0.0005388 0.0007023 0.0007792 0.0007550 0.0032848
3.3433332 0.0000062 0.0000448 0.0001513 0.0003273 0.0005348 0.0007066 0.0007820 0.0007375 0.0032903
3.3634136 0.0000057 0.0000390 0.0001250 0.0002833 0.0004734 0.0006279 0.0006895 0.0006745 0.0029184
3.3834939 0.0000053 0.0000387 0.0001261 0.0002692 0.0004340 0.0005593 0.0005964 0.0005645 0.0025936
3.4035742 0.0000050 0.0000360 0.0001169 0.0002708 0.0004740 0.0006358 0.0007246 0.0007297 0.0029927
3.4236546 0.0000046 0.0000332 0.0001126 0.0002574 0.0004409 0.0006042 0.0006997 0.0006530 0.0028055
3.4437349 0.0000043 0.0000312 0.0001020 0.0002349 0.0003942 0.0005529 0.0006589 0.0006809 0.0026593
3.4638152 0.0000040 0.0000274 0.0000979 0.0002200 0.0003917 0.0005619 0.0006672 0.0006532 0.0026233
3.4838955 0.0000037 0.0000279 0.0000921 0.0002152 0.0003793 0.0005337 0.0006140 0.0006249 0.0024908
3.5039759 0.0000035 0.0000243 0.0000914 0.0002129 0.0003701 0.0005265 0.0006204 0.0006318 0.0024810
3.5240562 0.0000032 0.0000243 0.0000845 0.0001910 0.0003464 0.0004818 0.0005612 0.0005693 0.0022619
3.5441363 0.0000030 0.0000226 0.0000769 0.0001843 0.0003237 0.0004632 0.0005587 0.0005625 0.0021950
3.5642166 0.0000028 0.0000201 0.0000725 0.0001715 0.0003193 0.0004591 0.0005554 0.0005883 0.0021889
3.5842969 0.0000026 0.0000194 0.0000678 0.0001675 0.0002973 0.0004295 0.0005265 0.0005506 0.0020612
3.6043773 0.0000024 0.0000192 0.0000647 0.0001567 0.0002872 0.0004236 0.0005384 0.0005392 0.0020314
3.6244576 0.0000022 0.0000174 0.0000612 0.0001442 0.0002770 0.0004090 0.0004818 0.0004967 0.0018895
3.6445379 0.0000021 0.0000170 0.0000613 0.0001473 0.0002791 0.0004122 0.0005169 0.0005459 0.0019817
3.6646183 0.0000019 0.0000149 0.0000541 0.0001342 0.0002476 0.0003784 0.0004759 0.0004880 0.0017949
3.6846986 0.0000018 0.0000142 0.0000518 0.0001218 0.0002317 0.0003428 0.0004415 0.0004966 0.0017022
3.7047789 0.0000017 0.0000130 0.0000493 0.0001203 0.0002263 0.0003453 0.0004293 0.0004628 0.0016480
3.7248592 0.0000016 0.0000122 0.0000444 0.0001140 0.0002120 0.0003185 0.0004095 0.0004486 0.0015607
3.7449396 0.0000015 0.0000113 0.0000415 0.0001009 0.0001992 0.0003045 0.0003810 0.0004121 0.0014520
3.7650199 0.0000014 0.0000112 0.0000424 0.0001054 0.0002025 0.0003159 0.0004130 0.0004698 0.0015617
3.7851002 0.0000013 0.0000103 0.0000403 0.0001106 0.0002232 0.0003434 0.0004546 0.0005060 0.0016896
3.8051805 0.0000012 0.0000096 0.0000366 0.0000931 0.0001741 0.0002605 0.0003341 0.0003800 0.0012892
3.8252609 0.0000011 0.0000087 0.0000324 0.0000833 0.0001694 0.0002697 0.0003501 0.0003840 0.0012988
3.8453412 0.0000010 0.0000083 0.0000308 0.0000846 0.0001652 0.0002603 0.0003426 0.0003753 0.0012681
3.8654215 0.0000009 0.0000081 0.0000325 0.0000860 0.0001701 0.0002618 0.0003392 0.0003808 0.0012795
3.8855019 0.0000009 0.0000082 0.0000311 0.0000824 0.0001649 0.0002602 0.0003620 0.0004178 0.0013276
3.9055822 0.0000008 0.0000068 0.0000287 0.0000791 0.0001601 0.0002549 0.0003337 0.0003794 0.0012435
3.9256625 0.0000008 0.0000068 0.0000276 0.0000753 0.0001477 0.0002388 0.0003194 0.0003644 0.0011808
3.9457428 0.0000007 0.0000058 0.0000230 0.0000648 0.0001297 0.0002105 0.0002821 0.0003354 0.0010520
3.9658232 0.0000007 0.0000055 0.0000239 0.0000687 0.0001391 0.0002262 0.0003084 0.0003758 0.0011483
3.9859035 0.0000006 0.0000060 0.0000241 0.0000636 0.0001238 0.0001979 0.0002748 0.0003332 0.0010240
4.0059838 0.0000006 0.0000051 0.0000200 0.0000512 0.0001040 0.0001727 0.0002398 0.0002920 0.0008853
4.0260644 0.0000005 0.0000050 0.0000205 0.0000567 0.0001198 0.0002016 0.0002796 0.0003237 0.0010074
4.0461445 0.0000005 0.0000042 0.0000166 0.0000441 0.0000879 0.0001443 0.0001918 0.0002205 0.0007099
4.0662251 0.0000005 0.0000040 0.0000174 0.0000474 0.0000948 0.0001578 0.0002137 0.0002499 0.0007855
4.0863051 0.0000004 0.0000040 0.0000172 0.0000493 0.0001027 0.0001719 0.0002549 0.0003203 0.0009206
4.1063857 0.0000004 0.0000035 0.0000149 0.0000430 0.0000923 0.0001614 0.0002313 0.0002806 0.0008273
4.1264658 0.0000004 0.0000033 0.0000134 0.0000394 0.0000819 0.0001482 0.0002125 0.0002584 0.0007574
4.1465464 0.0000003 0.0000033 0.0000131 0.0000369 0.0000807 0.0001342 0.0001915 0.0002310 0.0006911
4.1666265 0.0000003 0.0000030 0.0000132 0.0000384 0.0000786 0.0001363 0.0002032 0.0002550 0.0007280
4.1867070 0.0000003 0.0000028 0.0000127 0.0000376 0.0000837 0.0001514 0.0002244 0.0002789 0.0007919
4.2067871 0.0000003 0.0000027 0.0000110 0.0000323 0.0000697 0.0001218 0.0001769 0.0002245 0.0006392
4.2268677 0.0000003 0.0000025 0.0000108 0.0000316 0.0000692 0.0001253 0.0001863 0.0002387 0.0006648
4.2469478 0.0000002 0.0000023 0.0000103 0.0000291 0.0000660 0.0001147 0.0001680 0.0002155 0.0006061
4.2670283 0.0000002 0.0000022 0.0000100 0.0000318 0.0000719 0.0001193 0.0001749 0.0002220 0.0006324
4.2871084 0.0000002 0.0000024 0.0000094 0.0000274 0.0000647 0.0001171 0.0001815 0.0002356 0.0006383
4.3071890 0.0000002 0.0000019 0.0000088 0.0000268 0.0000610 0.0001137 0.0001679 0.0002173 0.0005976
4.3272691 0.0000002 0.0000017 0.0000082 0.0000228 0.0000526 0.0000991 0.0001421 0.0001781 0.0005047
4.3473496 0.0000002 0.0000016 0.0000071 0.0000210 0.0000479 0.0000897 0.0001373 0.0001755 0.0004803
4.3674297 0.0000002 0.0000015 0.0000076 0.0000237 0.0000547 0.0001024 0.0001594 0.0002102 0.0005597
4.3875103 0.0000001 0.0000016 0.0000077 0.0000226 0.0000521 0.0000933 0.0001398 0.0001815 0.0004987
4.4075904 0.0000001 0.0000016 0.0000079 0.0000243 0.0000539 0.0000985 0.0001498 0.0002027 0.0005387
4.4276710 0.0000001 0.0000012 0.0000055 0.0000170 0.0000378 0.0000687 0.0001041 0.0001372 0.0003717
4.4477510 0.0000001 0.0000014 0.0000064 0.0000205 0.0000484 0.0000898 0.0001402 0.0001911 0.0004980
4.4678316 0.0000001 0.0000010 0.0000045 0.0000137 0.0000329 0.0000640 0.0001025 0.0001436 0.0003623
4.4879117 0.0000001 0.0000009 0.0000041 0.0000137 0.0000317 0.0000612 0.0000996 0.0001295 0.0003408
4.5079918 0.0000001 0.0000011 0.0000053 0.0000170 0.0000406 0.0000762 0.0001183 0.0001579 0.0004165
4.5280724 0.0000001 0.0000008 0.0000038 0.0000124 0.0000288 0.0000538 0.0000806 0.0001098 0.0002901
4.5481524 0.0000001 0.0000009 0.0000046 0.0000154 0.0000345 0.0000647 0.0001056 0.0001487 0.0003747
4.5682330 0.0000001 0.0000008 0.0000041 0.0000131 0.0000338 0.0000643 0.0001006 0.0001354 0.0003522
4.5883131 0.0000001 0.0000008 0.0000039 0.0000124 0.0000299 0.0000563 0.0000893 0.0001192 0.0003118
4.6083937 0.0000001 0.0000007 0.0000037 0.0000121 0.0000312 0.0000645 0.0001070 0.0001527 0.0003721
4.6284738 0.0000001 0.0000006 0.0000031 0.0000105 0.0000255 0.0000491 0.0000827 0.0001157 0.0002873
4.6485543 0.0000001 0.0000005 0.0000026 0.0000084 0.0000213 0.0000445 0.0000724 0.0001043 0.0002541
4.6686344 0.0000001 0.0000006 0.0000030 0.0000102 0.0000254 0.0000502 0.0000811 0.0001127 0.0002832
4.6887150 0.0000000 0.0000006 0.0000027 0.0000093 0.0000228 0.0000472 0.0000790 0.0001112 0.0002729
4.7087951 0.0000000 0.0000005 0.0000025 0.0000084 0.0000224 0.0000439 0.0000719 0.0001005 0.0002502
4.7288756 0.0000000 0.0000004 0.0000025 0.0000079 0.0000193 0.0000380 0.0000634 0.0000898 0.0002213
4.7489557 0.0000000 0.0000005 0.0000022 0.0000082 0.0000214 0.0000445 0.0000757 0.0001073 0.0002599
4.7690363 0.0000000 0.0000004 0.0000022 0.0000077 0.0000192 0.0000386 0.0000669 0.0000961 0.0002311
4.7891164 0.0000000 0.0000004 0.0000025 0.0000085 0.0000219 0.0000454 0.0000785 0.0001136 0.0002709
4.8091969 0.0000000 0.0000003 0.0000019 0.0000069 0.0000181 0.0000377 0.0000643 0.0000967 0.0002260
4.8292770 0.0000000 0.0000003 0.0000014 0.0000050 0.0000135 0.0000268 0.0000465 0.0000693 0.0001628
4.8493576 0.0000000 0.0000003 0.0000017 0.0000065 0.0000174 0.0000361 0.0000618 0.0000922 0.0002160
4.8694377 0.0000000 0.0000003 0.0000017 0.0000061 0.0000157 0.0000335 0.0000599 0.0000893 0.0002066
4.8895183 0.0000000 0.0000003 0.0000014 0.0000046 0.0000115 0.0000239 0.0000413 0.0000636 0.0001465
4.9095984 0.0000000 0.0000002 0.0000013 0.0000047 0.0000124 0.0000265 0.0000463 0.0000691 0.0001605
4.9296789 0.0000000 0.0000002 0.0000013 0.0000043 0.0000118 0.0000246 0.0000437 0.0000672 0.0001532
4.9497590 0.0000000 0.0000002 0.0000010 0.0000033 0.0000092 0.0000201 0.0000356 0.0000541 0.0001234
4.9698396 0.0000000 0.0000002 0.0000012 0.0000048 0.0000126 0.0000284 0.0000506 0.0000798 0.0001776
4.9899197 0.0000000 0.0000002 0.0000010 0.0000039 0.0000104 0.0000220 0.0000370 0.0000558 0.0001304
5.0100002 0.0000000 0.0000002 0.0000012 0.0000043 0.0000116 0.0000261 0.0000463 0.0000694 0.0001590