-------- p=1.000 a=2.000 mu=-2.200 N=10000000 time=2017-02-?? ??:??:?? --------
1.000 2.000 m-2.200 10000000 2017-02-?? ??:??:??
0.0100000 0.9733612 0.0013978 0.0000115 0.0000058 0.0000013 0.0000104 0.0000026 0.0000000 0.9747907
0.0300803 0.9219937 0.0072903 0.0000457 0.0000614 0.0000095 0.0000013 0.0000000 0.0000000 0.9294020
0.0501606 0.8733370 0.0147098 0.0001139 0.0000058 0.0000139 0.0000158 0.0000000 0.0000000 0.8881962
0.0702410 0.8272481 0.0229375 0.0004060 0.0000145 0.0001246 0.0000003 0.0000012 0.0000000 0.8507322
0.0903213 0.7835915 0.0311531 0.0006677 0.0000022 0.0000042 0.0000041 0.0000000 0.0000000 0.8154226
0.1104016 0.7422387 0.0403891 0.0010098 0.0000056 0.0000182 0.0000012 0.0000037 0.0000001 0.7836664
0.1304819 0.7030683 0.0488289 0.0019830 0.0000135 0.0000008 0.0000069 0.0000000 0.0000000 0.7539014
0.1505622 0.6659651 0.0570864 0.0026958 0.0000784 0.0000187 0.0000017 0.0000033 0.0000000 0.7258493
0.1706426 0.6308199 0.0651970 0.0034985 0.0001418 0.0000093 0.0000004 0.0000098 0.0000013 0.6996780
0.1907229 0.5975294 0.0724481 0.0043837 0.0001514 0.0000179 0.0000045 0.0000097 0.0000000 0.6745446
0.2108032 0.5659958 0.0800729 0.0057133 0.0002555 0.0000030 0.0000095 0.0000006 0.0000010 0.6520516
0.2308835 0.5361263 0.0860357 0.0064336 0.0002847 0.0000069 0.0000000 0.0000000 0.0000000 0.6288871
0.2509639 0.5078331 0.0923297 0.0087787 0.0004761 0.0000029 0.0000001 0.0000001 0.0000076 0.6094284
0.2710442 0.4810331 0.0977480 0.0102849 0.0005879 0.0000369 0.0000048 0.0000166 0.0000000 0.5897122
0.2911245 0.4556473 0.1023577 0.0113173 0.0006972 0.0000523 0.0000028 0.0000005 0.0000000 0.5700752
0.3112048 0.4316013 0.1071679 0.0133471 0.0010940 0.0000285 0.0000001 0.0000001 0.0000000 0.5532391
0.3312851 0.4088243 0.1107310 0.0157335 0.0014340 0.0001562 0.0000114 0.0000000 0.0000000 0.5368905
0.3513655 0.3872492 0.1142760 0.0176950 0.0019342 0.0002356 0.0000028 0.0000000 0.0000000 0.5213928
0.3714458 0.3668128 0.1171273 0.0183815 0.0021673 0.0001487 0.0000436 0.0000000 0.0000000 0.5046811
0.3915261 0.3474549 0.1200549 0.0218598 0.0025348 0.0003286 0.0000380 0.0000230 0.0000000 0.4922940
0.4116064 0.3291185 0.1219042 0.0230316 0.0031844 0.0002531 0.0000456 0.0000003 0.0000000 0.4775377
0.4316867 0.3117498 0.1239633 0.0254639 0.0034440 0.0004223 0.0000161 0.0000014 0.0000002 0.4650610
0.4517671 0.2952978 0.1243231 0.0262966 0.0038550 0.0005501 0.0000458 0.0000030 0.0000115 0.4503829
0.4718474 0.2797139 0.1263569 0.0280458 0.0052082 0.0006170 0.0000634 0.0000017 0.0000030 0.4400099
0.4919277 0.2649525 0.1267856 0.0310329 0.0051575 0.0005403 0.0000771 0.0000016 0.0000000 0.4285475
0.5120080 0.2509700 0.1266641 0.0317027 0.0059275 0.0009681 0.0003276 0.0000243 0.0000000 0.4165842
0.5320884 0.2377255 0.1269193 0.0331525 0.0063853 0.0010454 0.0002348 0.0000051 0.0000000 0.4054679
0.5521687 0.2251799 0.1268782 0.0367773 0.0065520 0.0010971 0.0002357 0.0001232 0.0000043 0.3968478
0.5722490 0.2132965 0.1261824 0.0382751 0.0073130 0.0013863 0.0001412 0.0000045 0.0000020 0.3866010
0.5923293 0.2020401 0.1251895 0.0388309 0.0080415 0.0012553 0.0002299 0.0000363 0.0000423 0.3756658
0.6124096 0.1913778 0.1244732 0.0410937 0.0093602 0.0013958 0.0001267 0.0000566 0.0000012 0.3678852
0.6324900 0.1812781 0.1230923 0.0422891 0.0103342 0.0023450 0.0003480 0.0000123 0.0000001 0.3596991
0.6525703 0.1717115 0.1223759 0.0442185 0.0109914 0.0019751 0.0001913 0.0000118 0.0000020 0.3514775
0.6726506 0.1626497 0.1206762 0.0460316 0.0119896 0.0024956 0.0003292 0.0000120 0.0000000 0.3441840
0.6927309 0.1540661 0.1192049 0.0461570 0.0127368 0.0023809 0.0003299 0.0000718 0.0000266 0.3349739
0.7128112 0.1459355 0.1170985 0.0468400 0.0126095 0.0027349 0.0003841 0.0000101 0.0000000 0.3256126
0.7328916 0.1382340 0.1153970 0.0486479 0.0137161 0.0029279 0.0004972 0.0000948 0.0000023 0.3195172
0.7529719 0.1309389 0.1131677 0.0494472 0.0151263 0.0030082 0.0004256 0.0001035 0.0000080 0.3122254
0.7730522 0.1240289 0.1119005 0.0505516 0.0163591 0.0035895 0.0004413 0.0001290 0.0000036 0.3070034
0.7931325 0.1174834 0.1091046 0.0508759 0.0161806 0.0037800 0.0007144 0.0000588 0.0000000 0.2981978
0.8132129 0.1112835 0.1066204 0.0523887 0.0176724 0.0038948 0.0007076 0.0000755 0.0000004 0.2926433
0.8332932 0.1054107 0.1048875 0.0525196 0.0180632 0.0048018 0.0008185 0.0000796 0.0000016 0.2865824
0.8533735 0.0998478 0.1030881 0.0535475 0.0197989 0.0054311 0.0009943 0.0001591 0.0000124 0.2828791
0.8734538 0.0945785 0.1004038 0.0539077 0.0196177 0.0051615 0.0013009 0.0001953 0.0000245 0.2751898
0.8935341 0.0895873 0.0983034 0.0540101 0.0207006 0.0061338 0.0018471 0.0005250 0.0001410 0.2712484
0.9136145 0.0848594 0.0955730 0.0541442 0.0212202 0.0063600 0.0016621 0.0002144 0.0000105 0.2640438
0.9336948 0.0803811 0.0937021 0.0543730 0.0218695 0.0069720 0.0016760 0.0002616 0.0000726 0.2593078
0.9537751 0.0761391 0.0912840 0.0562031 0.0230771 0.0068952 0.0017137 0.0003335 0.0000389 0.2556846
0.9738554 0.0721210 0.0887150 0.0549324 0.0233403 0.0075116 0.0019369 0.0005076 0.0001266 0.2491913
0.9939357 0.0683150 0.0868748 0.0561296 0.0239656 0.0080801 0.0024500 0.0005413 0.0001705 0.2465269
1.0140161 0.0647098 0.0843456 0.0558735 0.0244523 0.0077786 0.0018339 0.0003830 0.0000780 0.2394547
1.0340964 0.0612948 0.0820409 0.0557234 0.0254208 0.0086832 0.0025918 0.0005479 0.0001475 0.2364502
1.0541767 0.0580601 0.0796643 0.0553353 0.0260234 0.0097446 0.0027307 0.0008053 0.0001874 0.2325512
1.0742570 0.0549960 0.0778706 0.0558860 0.0267819 0.0098403 0.0031135 0.0006585 0.0000818 0.2292288
1.0943373 0.0520937 0.0752714 0.0548915 0.0276204 0.0100090 0.0033583 0.0009823 0.0001953 0.2244219
1.1144177 0.0493446 0.0727931 0.0530772 0.0271680 0.0101061 0.0033212 0.0010099 0.0001929 0.2170129
1.1344980 0.0467405 0.0709606 0.0539178 0.0284214 0.0108217 0.0034977 0.0008331 0.0003436 0.2155364
1.1545783 0.0442738 0.0685272 0.0534419 0.0286907 0.0118928 0.0033986 0.0007182 0.0001339 0.2110772
1.1746586 0.0419374 0.0666254 0.0523420 0.0281140 0.0115715 0.0039590 0.0010453 0.0002110 0.2058056
1.1947390 0.0397242 0.0650507 0.0528039 0.0297057 0.0128999 0.0048332 0.0011223 0.0003774 0.2065172
1.2148193 0.0376278 0.0621138 0.0523298 0.0299363 0.0128740 0.0044813 0.0010783 0.0002554 0.2006967
1.2348996 0.0356421 0.0605689 0.0504752 0.0292792 0.0128875 0.0047581 0.0013701 0.0005898 0.1955708
1.2549799 0.0337611 0.0585528 0.0512414 0.0303222 0.0146895 0.0052267 0.0014898 0.0003047 0.1955882
1.2750602 0.0319794 0.0567652 0.0504149 0.0305971 0.0143945 0.0057328 0.0016194 0.0004433 0.1919466
1.2951406 0.0302918 0.0549427 0.0499574 0.0308091 0.0144733 0.0061038 0.0023016 0.0007548 0.1896344
1.3152209 0.0286932 0.0533124 0.0495345 0.0313873 0.0151579 0.0061295 0.0018350 0.0004202 0.1864700
1.3353012 0.0271789 0.0514474 0.0490811 0.0310286 0.0151708 0.0060013 0.0020130 0.0004823 0.1824035
1.3553815 0.0257446 0.0498436 0.0481619 0.0309257 0.0159730 0.0063134 0.0020566 0.0007261 0.1797450
1.3754618 0.0243860 0.0476920 0.0465720 0.0315029 0.0154845 0.0064909 0.0025922 0.0006868 0.1754073
1.3955422 0.0230990 0.0460286 0.0464218 0.0323903 0.0170035 0.0068757 0.0022324 0.0007418 0.1747931
1.4156225 0.0218800 0.0441954 0.0460113 0.0322705 0.0170780 0.0070809 0.0023774 0.0009947 0.1718883
1.4357028 0.0207254 0.0428741 0.0445201 0.0317325 0.0174885 0.0073718 0.0026670 0.0008755 0.1682549
1.4557831 0.0196316 0.0416365 0.0448478 0.0312184 0.0165882 0.0076642 0.0031738 0.0008699 0.1656304
1.4758635 0.0185956 0.0402173 0.0431621 0.0324060 0.0179995 0.0081225 0.0029649 0.0009951 0.1644628
1.4959438 0.0176142 0.0389639 0.0428185 0.0317550 0.0174473 0.0083712 0.0032459 0.0009609 0.1611770
1.5160241 0.0166847 0.0372042 0.0415360 0.0317837 0.0185924 0.0083928 0.0034063 0.0011324 0.1587326
1.5361044 0.0158042 0.0359210 0.0413382 0.0312063 0.0186021 0.0088007 0.0032978 0.0012172 0.1561874
1.5561847 0.0149701 0.0348441 0.0406336 0.0320404 0.0187237 0.0098229 0.0042536 0.0013334 0.1566219
1.5762651 0.0141801 0.0332311 0.0392416 0.0318282 0.0190224 0.0098580 0.0037763 0.0015042 0.1526419
1.5963454 0.0134318 0.0322733 0.0383537 0.0315631 0.0195819 0.0093384 0.0037564 0.0014862 0.1497848
1.6164257 0.0127229 0.0309133 0.0368154 0.0304803 0.0199428 0.0097653 0.0036629 0.0012952 0.1455981
1.6365060 0.0120515 0.0299045 0.0372627 0.0317916 0.0199129 0.0100421 0.0043647 0.0017796 0.1471096
1.6565863 0.0114155 0.0286504 0.0358514 0.0304040 0.0198175 0.0107860 0.0043597 0.0017938 0.1430783
1.6766667 0.0108131 0.0277086 0.0351872 0.0309783 0.0202743 0.0106568 0.0043340 0.0018557 0.1418079
1.6967470 0.0102424 0.0265362 0.0342082 0.0299592 0.0197434 0.0102319 0.0047413 0.0017927 0.1374553
1.7168273 0.0097019 0.0254427 0.0332814 0.0297442 0.0201934 0.0112832 0.0052758 0.0022530 0.1371756
1.7369076 0.0091899 0.0242752 0.0319376 0.0285763 0.0196527 0.0108837 0.0048266 0.0020574 0.1313993
1.7569880 0.0087049 0.0235435 0.0315321 0.0292548 0.0207072 0.0115013 0.0061575 0.0026915 0.1340928
1.7770683 0.0082455 0.0227926 0.0316650 0.0286957 0.0204208 0.0120142 0.0055232 0.0025891 0.1319462
1.7971486 0.0078104 0.0218892 0.0307311 0.0294258 0.0207822 0.0118236 0.0058902 0.0021306 0.1304832
1.8172289 0.0073982 0.0209235 0.0289295 0.0281687 0.0215583 0.0129315 0.0062188 0.0027991 0.1289276
1.8373092 0.0070078 0.0201097 0.0282528 0.0276316 0.0196965 0.0116260 0.0059500 0.0026946 0.1229689
1.8573896 0.0066380 0.0192112 0.0271456 0.0267775 0.0196964 0.0119064 0.0059232 0.0024209 0.1197192
1.8774699 0.0062876 0.0186462 0.0274785 0.0272640 0.0202213 0.0120871 0.0059358 0.0025909 0.1205114
1.8975502 0.0059558 0.0179281 0.0266352 0.0266307 0.0205071 0.0131828 0.0063970 0.0031274 0.1203640
1.9176305 0.0056415 0.0168316 0.0255575 0.0264492 0.0201753 0.0128072 0.0067185 0.0025160 0.1166967
1.9377108 0.0053438 0.0165337 0.0253267 0.0262198 0.0214153 0.0139636 0.0078490 0.0033736 0.1200254
1.9577912 0.0050618 0.0156767 0.0241559 0.0251050 0.0196178 0.0125500 0.0064483 0.0029601 0.1115756
1.9778715 0.0047947 0.0150075 0.0234229 0.0248453 0.0201656 0.0133535 0.0072884 0.0035335 0.1124113
1.9979518 0.0045416 0.0144778 0.0233519 0.0251921 0.0204186 0.0131549 0.0074548 0.0033223 0.1119140
2.0180321 0.0043020 0.0139689 0.0224568 0.0247046 0.0201942 0.0133976 0.0074491 0.0042450 0.1107181
2.0381124 0.0040749 0.0134178 0.0217462 0.0240221 0.0203178 0.0142947 0.0081824 0.0040531 0.1101089
2.0581928 0.0038599 0.0127911 0.0211663 0.0235032 0.0199227 0.0137636 0.0082439 0.0045496 0.1078003
2.0782731 0.0036562 0.0122453 0.0199306 0.0222353 0.0187660 0.0131935 0.0077169 0.0036223 0.1013662
2.0983534 0.0034632 0.0117160 0.0194820 0.0229123 0.0194703 0.0135703 0.0080424 0.0039377 0.1025941
2.1184337 0.0032805 0.0113320 0.0191542 0.0226152 0.0197581 0.0137688 0.0086781 0.0047491 0.1033360
2.1385141 0.0031073 0.0105997 0.0180230 0.0205951 0.0187682 0.0137377 0.0079735 0.0038185 0.0966231
2.1585944 0.0029434 0.0103460 0.0181180 0.0214376 0.0196555 0.0145454 0.0093446 0.0053709 0.1017614
2.1786747 0.0027880 0.0101077 0.0176658 0.0214543 0.0195667 0.0140946 0.0086346 0.0041702 0.0984820
2.1987550 0.0026409 0.0095354 0.0168692 0.0199268 0.0186052 0.0137958 0.0088042 0.0050341 0.0952115
2.2188353 0.0025015 0.0092240 0.0161169 0.0197521 0.0183134 0.0140828 0.0087669 0.0045740 0.0933317
2.2389157 0.0023695 0.0088289 0.0156327 0.0191136 0.0182555 0.0136506 0.0087131 0.0048675 0.0914314
2.2589960 0.0022445 0.0084967 0.0150632 0.0185348 0.0179711 0.0137357 0.0089882 0.0048148 0.0898489
2.2790763 0.0021260 0.0078797 0.0145407 0.0185459 0.0179665 0.0140917 0.0087618 0.0048504 0.0887626
2.2991566 0.0020138 0.0077065 0.0144003 0.0185375 0.0180172 0.0140446 0.0091175 0.0051502 0.0889877
2.3192369 0.0019075 0.0075457 0.0143407 0.0184130 0.0181374 0.0140363 0.0093680 0.0049825 0.0887311
2.3393173 0.0018069 0.0070225 0.0135498 0.0173822 0.0168099 0.0135124 0.0090657 0.0054085 0.0845579
2.3593976 0.0017115 0.0066987 0.0130925 0.0175234 0.0172861 0.0143431 0.0094452 0.0058433 0.0859438
2.3794779 0.0016212 0.0064576 0.0127329 0.0168097 0.0169534 0.0136958 0.0093243 0.0056212 0.0832160
2.3995582 0.0015356 0.0062021 0.0120415 0.0161683 0.0166353 0.0131839 0.0092371 0.0054614 0.0804654
2.4196386 0.0014546 0.0057727 0.0122728 0.0165978 0.0181044 0.0154316 0.0108119 0.0068301 0.0872758
2.4397189 0.0013778 0.0056174 0.0110953 0.0153842 0.0164197 0.0139434 0.0096583 0.0056766 0.0791728
2.4597992 0.0013051 0.0053840 0.0110344 0.0151970 0.0163188 0.0135222 0.0095661 0.0060906 0.0784183
2.4798795 0.0012362 0.0051583 0.0104085 0.0148309 0.0156965 0.0134388 0.0096725 0.0059717 0.0764135
2.4999598 0.0011710 0.0049986 0.0104982 0.0150108 0.0164971 0.0145743 0.0109093 0.0067680 0.0804274
2.5200402 0.0011092 0.0046526 0.0097874 0.0139159 0.0149692 0.0133241 0.0096611 0.0060575 0.0734770
2.5401205 0.0010507 0.0044586 0.0099991 0.0148219 0.0161288 0.0150786 0.0117812 0.0078755 0.0811944
2.5602008 0.0009952 0.0043234 0.0093982 0.0134202 0.0151085 0.0135394 0.0104841 0.0066841 0.0739532
2.5802811 0.0009427 0.0040510 0.0086905 0.0126984 0.0143801 0.0133946 0.0101383 0.0065781 0.0708735
2.6003614 0.0008930 0.0039481 0.0090871 0.0134673 0.0151028 0.0131319 0.0093490 0.0058801 0.0708592
2.6204418 0.0008458 0.0037233 0.0084478 0.0123605 0.0141072 0.0128400 0.0100644 0.0067554 0.0691444
2.6405221 0.0008012 0.0036666 0.0084411 0.0123622 0.0139039 0.0129685 0.0101955 0.0068719 0.0692109
2.6606024 0.0007589 0.0034633 0.0076707 0.0117848 0.0139733 0.0127731 0.0105418 0.0070192 0.0679851
2.6806827 0.0007189 0.0034252 0.0076967 0.0121225 0.0141748 0.0135036 0.0109110 0.0075062 0.0700589
2.7007631 0.0006809 0.0030643 0.0072526 0.0110992 0.0134363 0.0135307 0.0113443 0.0078027 0.0682111
2.7208434 0.0006450 0.0030542 0.0071951 0.0108050 0.0128614 0.0121522 0.0098211 0.0073686 0.0639027
2.7409237 0.0006110 0.0028826 0.0067731 0.0107099 0.0128577 0.0123968 0.0100342 0.0069567 0.0632219
2.7610040 0.0005787 0.0027219 0.0065117 0.0104522 0.0123338 0.0121866 0.0100162 0.0070664 0.0618675
2.7810843 0.0005482 0.0027044 0.0062336 0.0099729 0.0118140 0.0111630 0.0090964 0.0065153 0.0580478
2.8011647 0.0005192 0.0025299 0.0061643 0.0100041 0.0121461 0.0121320 0.0096495 0.0063994 0.0595445
2.8212450 0.0004918 0.0023816 0.0057757 0.0095186 0.0118567 0.0119541 0.0102304 0.0074359 0.0596449
2.8413253 0.0004659 0.0023219 0.0056909 0.0091703 0.0115303 0.0114353 0.0097273 0.0075726 0.0579145
2.8614056 0.0004413 0.0022020 0.0055908 0.0095696 0.0123140 0.0122945 0.0105374 0.0080146 0.0609642
2.8814859 0.0004180 0.0021187 0.0054084 0.0088052 0.0111595 0.0114083 0.0099147 0.0070568 0.0562897
2.9015663 0.0003959 0.0019451 0.0049685 0.0083845 0.0108891 0.0116683 0.0097346 0.0075000 0.0554859
2.9216466 0.0003751 0.0018850 0.0046850 0.0081418 0.0108189 0.0113528 0.0099114 0.0074881 0.0546580
2.9417269 0.0003553 0.0018640 0.0047728 0.0082858 0.0106450 0.0110809 0.0093971 0.0075154 0.0539162
2.9618072 0.0003365 0.0017223 0.0043024 0.0075916 0.0099586 0.0105939 0.0095088 0.0073154 0.0513295
2.9818876 0.0003188 0.0016387 0.0041003 0.0070885 0.0093282 0.0099721 0.0088620 0.0068203 0.0481288
3.0019679 0.0003019 0.0015849 0.0043285 0.0075621 0.0103104 0.0109504 0.0103968 0.0084388 0.0538739
3.0220482 0.0002860 0.0015181 0.0039131 0.0070095 0.0095144 0.0099756 0.0088088 0.0066924 0.0477178
3.0421285 0.0002709 0.0015120 0.0040272 0.0069184 0.0095353 0.0106087 0.0094768 0.0071951 0.0495444
3.0622088 0.0002566 0.0013832 0.0037912 0.0068862 0.0093899 0.0103806 0.0097211 0.0074564 0.0492651
3.0822892 0.0002431 0.0013808 0.0037827 0.0068475 0.0094399 0.0103143 0.0093650 0.0072107 0.0485839
3.1023695 0.0002302 0.0013062 0.0034662 0.0064722 0.0091209 0.0101900 0.0095770 0.0076795 0.0480423
3.1224498 0.0002181 0.0012170 0.0033599 0.0065391 0.0092950 0.0104174 0.0102835 0.0087085 0.0500384
3.1425301 0.0002066 0.0011517 0.0032377 0.0059000 0.0083226 0.0095075 0.0087500 0.0070994 0.0441756
3.1626104 0.0001957 0.0011245 0.0030521 0.0056105 0.0082147 0.0093506 0.0088521 0.0070411 0.0434412
3.1826908 0.0001853 0.0010622 0.0028340 0.0055124 0.0076503 0.0088171 0.0084061 0.0068794 0.0413469
3.2027711 0.0001756 0.0010394 0.0029549 0.0056062 0.0079886 0.0089730 0.0090478 0.0075593 0.0433449
3.2228514 0.0001663 0.0009592 0.0026869 0.0050848 0.0074471 0.0087162 0.0086074 0.0069841 0.0406519
3.2429317 0.0001575 0.0009152 0.0025559 0.0048483 0.0070385 0.0084448 0.0083052 0.0071389 0.0394043
3.2630120 0.0001492 0.0008490 0.0025794 0.0049600 0.0072307 0.0082815 0.0086127 0.0076796 0.0403421
3.2830924 0.0001413 0.0008297 0.0023415 0.0046334 0.0066501 0.0079050 0.0081654 0.0073229 0.0379892
3.3031727 0.0001339 0.0007743 0.0022115 0.0044336 0.0066064 0.0080325 0.0081764 0.0074452 0.0378139
3.3232530 0.0001268 0.0007671 0.0022589 0.0045846 0.0069936 0.0083561 0.0086395 0.0077661 0.0394926
3.3433333 0.0001201 0.0007072 0.0020252 0.0042797 0.0065325 0.0080632 0.0084368 0.0074440 0.0376087
3.3634137 0.0001138 0.0006787 0.0020373 0.0042179 0.0064607 0.0076384 0.0077338 0.0070142 0.0358948
3.3834940 0.0001078 0.0006529 0.0019387 0.0040538 0.0061010 0.0073635 0.0073602 0.0063115 0.0338894
3.4035743 0.0001021 0.0006416 0.0019073 0.0037884 0.0057855 0.0070708 0.0072224 0.0067926 0.0333107
3.4236546 0.0000967 0.0005776 0.0017441 0.0037059 0.0057356 0.0072410 0.0078826 0.0071847 0.0341682
3.4437349 0.0000916 0.0005711 0.0017434 0.0036257 0.0057370 0.0073321 0.0075426 0.0067555 0.0333988
3.4638153 0.0000868 0.0005305 0.0016022 0.0032819 0.0053534 0.0072027 0.0078679 0.0079673 0.0338928
3.4838956 0.0000822 0.0005387 0.0015581 0.0033878 0.0055211 0.0070749 0.0076551 0.0070476 0.0328654
3.5039759 0.0000778 0.0005082 0.0016427 0.0034013 0.0054866 0.0073606 0.0081876 0.0076920 0.0343569
3.5240562 0.0000737 0.0004611 0.0014676 0.0031891 0.0050567 0.0066026 0.0076273 0.0075039 0.0319820
3.5441365 0.0000698 0.0004534 0.0015092 0.0032158 0.0051265 0.0065277 0.0072537 0.0067794 0.0309356
3.5642169 0.0000662 0.0004304 0.0013601 0.0028374 0.0044672 0.0057489 0.0061305 0.0060344 0.0270750
3.5842972 0.0000627 0.0004156 0.0013143 0.0026917 0.0042709 0.0056123 0.0063969 0.0062890 0.0270533
3.6043775 0.0000594 0.0003779 0.0012202 0.0026822 0.0045367 0.0061128 0.0070376 0.0069696 0.0289963
3.6244578 0.0000562 0.0003848 0.0012212 0.0028619 0.0045824 0.0062099 0.0067701 0.0065824 0.0286690
3.6445382 0.0000533 0.0003573 0.0011113 0.0025056 0.0042054 0.0058744 0.0068374 0.0066803 0.0276250
3.6646185 0.0000505 0.0003425 0.0011691 0.0026552 0.0045113 0.0059950 0.0067659 0.0067756 0.0282649
3.6846988 0.0000478 0.0003170 0.0010393 0.0023634 0.0037964 0.0051122 0.0059575 0.0060183 0.0246520
3.7047791 0.0000453 0.0002977 0.0010330 0.0022873 0.0038937 0.0055231 0.0065696 0.0064733 0.0261229
3.7248594 0.0000429 0.0002855 0.0010941 0.0024495 0.0043042 0.0058048 0.0066488 0.0064457 0.0270754
3.7449398 0.0000406 0.0002782 0.0009210 0.0021086 0.0036135 0.0049228 0.0057423 0.0056542 0.0232812
3.7650201 0.0000385 0.0002480 0.0008033 0.0018792 0.0033072 0.0045894 0.0053944 0.0054479 0.0217079
3.7851004 0.0000364 0.0002586 0.0008545 0.0019563 0.0033770 0.0050292 0.0060126 0.0060628 0.0235875
3.8051807 0.0000345 0.0002381 0.0008157 0.0019577 0.0035554 0.0050313 0.0058707 0.0059425 0.0234459
3.8252610 0.0000327 0.0002330 0.0007812 0.0018397 0.0031022 0.0043104 0.0050470 0.0050657 0.0204118
3.8453414 0.0000310 0.0002195 0.0007997 0.0018977 0.0033226 0.0048377 0.0057814 0.0059648 0.0228543
3.8654217 0.0000293 0.0002056 0.0007212 0.0017192 0.0030033 0.0042970 0.0051563 0.0051737 0.0203057
3.8855020 0.0000278 0.0001933 0.0006521 0.0015197 0.0027527 0.0038757 0.0047965 0.0050866 0.0189044
3.9055823 0.0000263 0.0002033 0.0006896 0.0016831 0.0030602 0.0047521 0.0061727 0.0065842 0.0231715
3.9256627 0.0000249 0.0001829 0.0006357 0.0015354 0.0027779 0.0040196 0.0049037 0.0052634 0.0193435
3.9457430 0.0000236 0.0001736 0.0005978 0.0014733 0.0028318 0.0041642 0.0052573 0.0054547 0.0199762
3.9658233 0.0000224 0.0001747 0.0006382 0.0014798 0.0027997 0.0041969 0.0052373 0.0059394 0.0204886
3.9859036 0.0000212 0.0001564 0.0005483 0.0013587 0.0024720 0.0037097 0.0046373 0.0049385 0.0178419
4.0059839 0.0000201 0.0001536 0.0005608 0.0013193 0.0024567 0.0035743 0.0044828 0.0047111 0.0172786
4.0260643 0.0000190 0.0001283 0.0004982 0.0012796 0.0025616 0.0037136 0.0047165 0.0052290 0.0181459
4.0461446 0.0000180 0.0001264 0.0005032 0.0012591 0.0023177 0.0034357 0.0044698 0.0049072 0.0170371
4.0662249 0.0000171 0.0001272 0.0004339 0.0011178 0.0021529 0.0033561 0.0043750 0.0047574 0.0163373
4.0863052 0.0000162 0.0001195 0.0004639 0.0011506 0.0021331 0.0032176 0.0040652 0.0045209 0.0156870
4.1063855 0.0000153 0.0001230 0.0004959 0.0012473 0.0023618 0.0037034 0.0047625 0.0053259 0.0180351
4.1264659 0.0000145 0.0001079 0.0004489 0.0011348 0.0022293 0.0034179 0.0045486 0.0050020 0.0169041
4.1465462 0.0000137 0.0001007 0.0003786 0.0009232 0.0018343 0.0029865 0.0037966 0.0042186 0.0142523
4.1666265 0.0000130 0.0001002 0.0003724 0.0009496 0.0019035 0.0030432 0.0041368 0.0045080 0.0150268
4.1867068 0.0000123 0.0001009 0.0003899 0.0010234 0.0020316 0.0032900 0.0043548 0.0048940 0.0160969
4.2067871 0.0000117 0.0000967 0.0003639 0.0009261 0.0018635 0.0028505 0.0038593 0.0043779 0.0143495
4.2268675 0.0000111 0.0000903 0.0003460 0.0008936 0.0017876 0.0028913 0.0039379 0.0045837 0.0145416
4.2469478 0.0000105 0.0000776 0.0002945 0.0007400 0.0014674 0.0023097 0.0030179 0.0034101 0.0113277
4.2670281 0.0000099 0.0000794 0.0003023 0.0008498 0.0016385 0.0026591 0.0037922 0.0043664 0.0136976
4.2871084 0.0000094 0.0000708 0.0002663 0.0007409 0.0014863 0.0023781 0.0031305 0.0036970 0.0117793
4.3071888 0.0000089 0.0000710 0.0002528 0.0006722 0.0013498 0.0021432 0.0028380 0.0032561 0.0105920
4.3272691 0.0000084 0.0000693 0.0002724 0.0007321 0.0015116 0.0024031 0.0031949 0.0037296 0.0119213
4.3473494 0.0000080 0.0000731 0.0002853 0.0008455 0.0017015 0.0026884 0.0034874 0.0039723 0.0130615
4.3674297 0.0000076 0.0000632 0.0002535 0.0007036 0.0015034 0.0023864 0.0032623 0.0038577 0.0120375
4.3875100 0.0000072 0.0000617 0.0002285 0.0006298 0.0012270 0.0019917 0.0028597 0.0035098 0.0105154
4.4075904 0.0000068 0.0000583 0.0002503 0.0006745 0.0014031 0.0023444 0.0033264 0.0040258 0.0120895
4.4276707 0.0000064 0.0000547 0.0002366 0.0006306 0.0013234 0.0022303 0.0030260 0.0036979 0.0112060
4.4477510 0.0000061 0.0000537 0.0002041 0.0005787 0.0012170 0.0020561 0.0031362 0.0038524 0.0111043
4.4678313 0.0000058 0.0000494 0.0002017 0.0005312 0.0011231 0.0019148 0.0026281 0.0031741 0.0096282
4.4879116 0.0000055 0.0000471 0.0001949 0.0005474 0.0011586 0.0020054 0.0028725 0.0034816 0.0103130
4.5079920 0.0000052 0.0000433 0.0001767 0.0005197 0.0010828 0.0019516 0.0029138 0.0036476 0.0103406
4.5280723 0.0000049 0.0000404 0.0001799 0.0005198 0.0011781 0.0019864 0.0028738 0.0036317 0.0104150
4.5481526 0.0000046 0.0000384 0.0001670 0.0004686 0.0009919 0.0017517 0.0025156 0.0031853 0.0091231
4.5682329 0.0000044 0.0000426 0.0001839 0.0005190 0.0011271 0.0019813 0.0028096 0.0033540 0.0100218
4.5883133 0.0000042 0.0000382 0.0001704 0.0004980 0.0010536 0.0017803 0.0025892 0.0032627 0.0093966
4.6083936 0.0000039 0.0000323 0.0001419 0.0003809 0.0008469 0.0014866 0.0022535 0.0030300 0.0081760
4.6284739 0.0000037 0.0000323 0.0001371 0.0004089 0.0008553 0.0014637 0.0021730 0.0029052 0.0079793
4.6485542 0.0000035 0.0000309 0.0001215 0.0003591 0.0008343 0.0014870 0.0021290 0.0027059 0.0076712
4.6686345 0.0000034 0.0000256 0.0001317 0.0003805 0.0008569 0.0016241 0.0025006 0.0034192 0.0089420
4.6887149 0.0000032 0.0000277 0.0001181 0.0003446 0.0008001 0.0013934 0.0020719 0.0027983 0.0075574
4.7087952 0.0000030 0.0000259 0.0001294 0.0003783 0.0008513 0.0014821 0.0023072 0.0031019 0.0082791
4.7288755 0.0000029 0.0000249 0.0000999 0.0002913 0.0006899 0.0012406 0.0018210 0.0024223 0.0065926
4.7489558 0.0000027 0.0000269 0.0001229 0.0003604 0.0008119 0.0014762 0.0022772 0.0030722 0.0081503
4.7690361 0.0000026 0.0000222 0.0001020 0.0002879 0.0006085 0.0011042 0.0017138 0.0023146 0.0061557
4.7891165 0.0000024 0.0000219 0.0000926 0.0002694 0.0006090 0.0011005 0.0016198 0.0020610 0.0057767
4.8091968 0.0000023 0.0000234 0.0001007 0.0002939 0.0006919 0.0012399 0.0018749 0.0025385 0.0067656
4.8292771 0.0000022 0.0000223 0.0001010 0.0003019 0.0006671 0.0011430 0.0017519 0.0023315 0.0063209
4.8493574 0.0000021 0.0000219 0.0000973 0.0002723 0.0006602 0.0012245 0.0018719 0.0024598 0.0066101
4.8694378 0.0000020 0.0000168 0.0000743 0.0002276 0.0005507 0.0011052 0.0017350 0.0022842 0.0059957
4.8895181 0.0000018 0.0000174 0.0000906 0.0002710 0.0006001 0.0011511 0.0018728 0.0024933 0.0064983
4.9095984 0.0000017 0.0000169 0.0000840 0.0002664 0.0006463 0.0012480 0.0019916 0.0027617 0.0070167
4.9296787 0.0000017 0.0000161 0.0000710 0.0002228 0.0005548 0.0010019 0.0016185 0.0022212 0.0057080
4.9497590 0.0000016 0.0000143 0.0000730 0.0002322 0.0005491 0.0010963 0.0017011 0.0023970 0.0060646
4.9698394 0.0000015 0.0000144 0.0000705 0.0002215 0.0004968 0.0009646 0.0015567 0.0021825 0.0055084
4.9899197 0.0000014 0.0000141 0.0000654 0.0001934 0.0004756 0.0009135 0.0015562 0.0023006 0.0055203
5.0100000 0.0000013 0.0000130 0.0000660 0.0001933 0.0004495 0.0008560 0.0014276 0.0019949 0.0050016