-------- p=1.304 a=2.000 mu=-2.200 N=20000000 time=2017-02-23 07:05:08 --------
0.0100000 0.9699540 0.0014706 0.0000000 0.0000000 0.0000000 0.0000000 0.0000000 0.0000000 0.9714246
0.0300803 0.9123196 0.0071495 0.0000439 0.0000000 0.0000000 0.0000000 0.0000000 0.0000000 0.9195131
0.0501606 0.8581099 0.0143973 0.0001556 0.0000000 0.0000000 0.0000000 0.0000000 0.0000000 0.8726628
0.0702410 0.8071212 0.0222959 0.0003503 0.0000000 0.0000000 0.0000000 0.0000000 0.0000000 0.8297675
0.0903213 0.7591623 0.0306468 0.0006792 0.0000101 0.0000000 0.0000000 0.0000000 0.0000000 0.7904985
0.1104016 0.7140531 0.0386594 0.0009968 0.0000162 0.0000000 0.0000000 0.0000000 0.0000000 0.7537255
0.1304819 0.6716243 0.0467612 0.0018436 0.0000374 0.0000001 0.0000000 0.0000000 0.0000000 0.7202665
0.1505622 0.6317166 0.0544841 0.0026378 0.0000708 0.0000003 0.0000000 0.0000000 0.0000000 0.6889095
0.1706426 0.5941801 0.0615805 0.0030337 0.0001789 0.0000015 0.0000000 0.0000000 0.0000000 0.6589748
0.1907229 0.5588741 0.0681364 0.0043242 0.0001952 0.0000004 0.0000000 0.0000000 0.0000000 0.6315304
0.2108032 0.5256660 0.0745370 0.0051808 0.0002676 0.0000048 0.0000000 0.0000000 0.0000000 0.6056562
0.2308835 0.4944311 0.0796539 0.0069702 0.0002997 0.0000015 0.0000000 0.0000000 0.0000000 0.5813564
0.2509638 0.4650521 0.0848568 0.0078001 0.0004632 0.0000480 0.0000002 0.0000000 0.0000000 0.5582205
0.2710442 0.4374189 0.0892048 0.0087754 0.0007769 0.0000230 0.0000000 0.0000000 0.0000000 0.5361990
0.2911245 0.4114276 0.0934307 0.0108061 0.0008703 0.0000335 0.0000000 0.0000000 0.0000000 0.5165681
0.3112048 0.3869807 0.0968898 0.0120459 0.0010751 0.0000657 0.0000005 0.0000000 0.0000000 0.4970577
0.3312851 0.3639864 0.0996966 0.0139391 0.0012627 0.0000537 0.0000002 0.0000000 0.0000000 0.4789387
0.3513654 0.3423584 0.1023371 0.0150085 0.0014445 0.0000642 0.0000130 0.0000000 0.0000000 0.4612257
0.3714458 0.3220156 0.1041571 0.0170984 0.0019357 0.0001447 0.0000383 0.0000143 0.0000001 0.4454041
0.3915261 0.3028815 0.1054417 0.0189897 0.0022132 0.0002434 0.0000345 0.0000001 0.0000000 0.4298041
0.4116064 0.2848844 0.1068354 0.0202314 0.0025391 0.0003183 0.0000103 0.0000000 0.0000000 0.4148190
0.4316867 0.2679566 0.1072872 0.0217130 0.0030545 0.0003886 0.0000190 0.0000000 0.0000000 0.4004189
0.4517670 0.2520347 0.1080557 0.0235928 0.0033892 0.0003714 0.0000532 0.0000001 0.0000000 0.3874971
0.4718474 0.2370589 0.1071194 0.0248594 0.0039541 0.0005376 0.0000794 0.0000025 0.0000000 0.3736114
0.4919277 0.2229729 0.1076200 0.0259918 0.0042200 0.0005016 0.0000505 0.0000005 0.0000000 0.3613572
0.5120080 0.2097239 0.1068266 0.0277516 0.0051221 0.0005881 0.0000624 0.0000003 0.0000000 0.3500751
0.5320883 0.1972622 0.1060162 0.0291018 0.0058534 0.0007608 0.0001321 0.0000062 0.0000002 0.3391328
0.5521687 0.1855409 0.1050764 0.0300263 0.0058408 0.0009331 0.0001188 0.0000059 0.0000000 0.3275421
0.5722489 0.1745162 0.1039660 0.0321682 0.0068462 0.0011126 0.0001123 0.0000119 0.0000000 0.3187334
0.5923293 0.1641465 0.1022196 0.0329300 0.0069643 0.0011964 0.0001746 0.0000036 0.0000000 0.3076349
0.6124096 0.1543929 0.1012638 0.0343811 0.0077978 0.0013619 0.0001635 0.0000402 0.0000071 0.2994084
0.6324899 0.1452189 0.0994210 0.0342546 0.0080025 0.0015345 0.0002108 0.0000189 0.0000033 0.2886645
0.6525702 0.1365901 0.0975415 0.0357613 0.0086618 0.0015632 0.0002971 0.0000241 0.0000000 0.2804391
0.6726506 0.1284739 0.0957719 0.0366492 0.0097358 0.0017960 0.0002642 0.0000186 0.0000002 0.2727098
0.6927309 0.1208400 0.0940936 0.0376655 0.0099405 0.0020522 0.0002456 0.0000262 0.0000001 0.2648637
0.7128112 0.1136598 0.0919530 0.0378197 0.0104781 0.0021560 0.0003958 0.0000772 0.0000008 0.2565403
0.7328916 0.1069061 0.0900543 0.0384674 0.0110902 0.0026268 0.0004860 0.0001461 0.0000076 0.2497846
0.7529718 0.1005538 0.0878264 0.0394156 0.0120070 0.0028083 0.0006875 0.0001315 0.0000221 0.2434520
0.7730522 0.0945789 0.0856326 0.0394236 0.0123253 0.0030585 0.0005685 0.0000995 0.0000109 0.2356979
0.7931325 0.0889591 0.0835050 0.0393962 0.0130123 0.0029466 0.0006032 0.0001064 0.0000255 0.2285544
0.8132128 0.0836732 0.0813470 0.0394164 0.0137731 0.0036973 0.0007670 0.0001756 0.0000447 0.2228942
0.8332931 0.0787013 0.0791126 0.0404739 0.0138917 0.0037809 0.0009313 0.0001793 0.0000127 0.2170838
0.8533735 0.0740249 0.0769163 0.0403220 0.0149167 0.0041919 0.0009005 0.0001713 0.0000409 0.2114844
0.8734538 0.0696264 0.0746116 0.0402525 0.0152956 0.0042780 0.0009161 0.0001577 0.0000112 0.2051490
0.8935341 0.0654892 0.0725428 0.0408034 0.0155042 0.0047298 0.0012193 0.0002386 0.0000172 0.2005445
0.9136144 0.0615978 0.0705072 0.0405904 0.0157995 0.0046407 0.0011010 0.0002155 0.0000175 0.1944696
0.9336947 0.0579377 0.0682397 0.0411789 0.0165988 0.0050502 0.0014096 0.0003089 0.0000650 0.1907890
0.9537750 0.0544951 0.0662815 0.0412719 0.0176918 0.0056852 0.0013396 0.0003189 0.0000621 0.1871461
0.9738554 0.0512570 0.0642926 0.0405163 0.0174264 0.0056877 0.0017976 0.0002989 0.0000531 0.1813295
0.9939357 0.0482113 0.0620343 0.0399314 0.0176297 0.0058474 0.0015574 0.0003169 0.0000911 0.1756194
1.0140160 0.0453466 0.0600014 0.0394869 0.0180152 0.0061459 0.0019712 0.0003342 0.0000591 0.1713605
1.0340964 0.0426521 0.0577644 0.0394124 0.0186663 0.0066001 0.0019285 0.0005042 0.0000628 0.1675908
1.0541767 0.0401178 0.0559432 0.0395917 0.0188718 0.0067493 0.0019190 0.0003586 0.0000818 0.1636332
1.0742570 0.0377340 0.0539211 0.0387140 0.0187713 0.0069832 0.0020940 0.0004669 0.0001018 0.1587864
1.0943373 0.0354918 0.0518146 0.0386225 0.0197420 0.0074606 0.0023804 0.0005537 0.0001180 0.1561837
1.1144177 0.0333829 0.0502605 0.0383739 0.0198541 0.0078094 0.0026069 0.0007077 0.0001289 0.1531244
1.1344979 0.0313993 0.0484919 0.0375618 0.0201106 0.0081735 0.0026978 0.0007579 0.0001311 0.1493239
1.1545782 0.0295336 0.0467308 0.0367088 0.0197665 0.0081797 0.0027821 0.0006881 0.0001565 0.1445459
1.1746585 0.0277787 0.0449523 0.0363556 0.0204325 0.0083998 0.0026343 0.0006213 0.0001405 0.1413150
1.1947389 0.0261281 0.0435090 0.0359022 0.0205940 0.0086975 0.0030304 0.0008917 0.0002753 0.1390282
1.2148192 0.0245756 0.0417263 0.0355942 0.0211191 0.0091954 0.0033140 0.0009379 0.0002134 0.1366758
1.2348995 0.0231153 0.0400334 0.0348243 0.0207301 0.0093088 0.0032290 0.0009581 0.0002168 0.1324159
1.2549798 0.0217418 0.0386438 0.0344814 0.0209343 0.0096716 0.0037590 0.0011221 0.0002715 0.1306255
1.2750602 0.0204499 0.0370125 0.0331874 0.0205483 0.0095149 0.0036430 0.0013088 0.0004042 0.1260690
1.2951405 0.0192348 0.0354588 0.0326946 0.0207838 0.0103145 0.0039732 0.0012720 0.0004201 0.1241518
1.3152208 0.0180918 0.0341207 0.0321568 0.0205341 0.0104589 0.0041997 0.0014221 0.0003233 0.1213075
1.3353012 0.0170168 0.0327874 0.0313364 0.0210824 0.0103595 0.0041158 0.0014021 0.0004053 0.1185057
1.3553815 0.0160057 0.0314536 0.0306194 0.0202288 0.0105690 0.0043713 0.0015935 0.0004955 0.1153368
1.3754618 0.0150546 0.0303259 0.0301065 0.0204666 0.0105657 0.0045472 0.0016296 0.0005319 0.1132282
1.3955421 0.0141601 0.0290705 0.0297574 0.0206158 0.0108649 0.0048678 0.0017463 0.0004834 0.1115662
1.4156225 0.0133187 0.0277299 0.0287753 0.0205073 0.0108047 0.0046881 0.0017824 0.0006565 0.1082628
1.4357028 0.0125273 0.0264928 0.0281563 0.0205273 0.0114243 0.0051132 0.0019509 0.0006463 0.1068385
1.4557831 0.0117829 0.0255392 0.0276552 0.0204012 0.0116102 0.0053015 0.0021803 0.0006622 0.1051328
1.4758633 0.0110828 0.0245404 0.0270451 0.0201048 0.0113927 0.0052471 0.0019425 0.0006870 0.1020423
1.4959437 0.0104243 0.0235242 0.0262445 0.0202641 0.0116729 0.0056726 0.0023172 0.0008510 0.1009710
1.5160240 0.0098049 0.0223592 0.0253549 0.0196874 0.0113806 0.0052617 0.0021697 0.0008268 0.0968450
1.5361043 0.0092223 0.0214927 0.0248465 0.0194910 0.0116525 0.0056226 0.0022100 0.0007478 0.0952854
1.5561846 0.0086743 0.0205507 0.0240784 0.0197461 0.0119396 0.0059586 0.0024713 0.0008072 0.0942261
1.5762650 0.0081589 0.0197997 0.0238394 0.0192345 0.0119099 0.0060811 0.0026327 0.0009174 0.0925735
1.5963453 0.0076741 0.0188155 0.0228623 0.0189867 0.0122579 0.0064021 0.0026539 0.0010216 0.0906739
1.6164256 0.0072181 0.0180833 0.0221960 0.0189992 0.0122303 0.0063394 0.0029265 0.0010670 0.0890598
1.6365060 0.0067892 0.0172434 0.0216226 0.0183982 0.0119729 0.0063339 0.0027927 0.0011361 0.0862888
1.6565863 0.0063858 0.0164595 0.0212548 0.0185721 0.0123482 0.0068583 0.0029631 0.0011779 0.0860198
1.6766666 0.0060063 0.0157026 0.0202055 0.0178498 0.0120651 0.0062255 0.0029011 0.0010334 0.0819894
1.6967469 0.0056494 0.0149343 0.0196186 0.0174565 0.0117758 0.0063988 0.0029159 0.0012113 0.0799606
1.7168273 0.0053137 0.0142897 0.0193171 0.0177648 0.0122581 0.0068182 0.0031539 0.0011618 0.0800772
1.7369076 0.0049980 0.0137477 0.0185877 0.0170979 0.0118694 0.0066946 0.0032806 0.0013072 0.0775832
1.7569879 0.0047010 0.0131681 0.0177338 0.0168606 0.0119806 0.0070003 0.0032028 0.0013232 0.0759704
1.7770681 0.0044217 0.0126042 0.0177431 0.0167189 0.0124224 0.0073599 0.0036155 0.0014684 0.0763541
1.7971485 0.0041590 0.0119862 0.0168581 0.0164209 0.0120939 0.0071878 0.0035519 0.0015451 0.0738029
1.8172288 0.0039118 0.0113506 0.0166361 0.0161511 0.0121667 0.0072268 0.0037495 0.0016065 0.0727991
1.8373091 0.0036794 0.0109598 0.0158686 0.0157451 0.0118405 0.0072088 0.0037582 0.0015956 0.0706559
1.8573895 0.0034608 0.0103648 0.0154370 0.0154693 0.0120257 0.0079307 0.0044135 0.0020123 0.0711140
1.8774698 0.0032551 0.0098969 0.0148824 0.0150336 0.0115163 0.0071511 0.0038872 0.0016661 0.0672887
1.8975501 0.0030617 0.0094022 0.0145035 0.0150168 0.0115115 0.0070469 0.0035904 0.0016320 0.0657650
1.9176304 0.0028798 0.0090332 0.0136961 0.0143403 0.0112196 0.0074079 0.0040188 0.0017329 0.0643286
1.9377108 0.0027087 0.0086684 0.0132099 0.0142605 0.0114607 0.0076585 0.0041195 0.0019813 0.0640675
1.9577911 0.0025477 0.0082097 0.0127711 0.0137176 0.0109187 0.0070070 0.0040161 0.0020148 0.0612027
1.9778714 0.0023963 0.0078364 0.0123283 0.0135344 0.0111626 0.0074436 0.0041767 0.0020102 0.0608885
1.9979517 0.0022539 0.0074026 0.0119241 0.0129922 0.0108752 0.0075347 0.0042287 0.0021306 0.0593420
2.0180321 0.0021200 0.0071103 0.0115390 0.0128082 0.0106801 0.0071645 0.0041297 0.0019463 0.0574981
2.0381124 0.0019940 0.0066988 0.0111465 0.0125693 0.0110610 0.0076609 0.0045931 0.0024352 0.0581587
2.0581927 0.0018756 0.0065191 0.0109973 0.0125297 0.0110457 0.0078411 0.0047679 0.0024847 0.0580609
2.0782731 0.0017641 0.0061579 0.0103307 0.0120190 0.0105221 0.0073490 0.0043796 0.0022577 0.0547801
2.0983534 0.0016593 0.0058439 0.0102029 0.0118929 0.0107335 0.0076565 0.0046765 0.0023793 0.0550448
2.1184337 0.0015607 0.0055557 0.0097908 0.0114695 0.0106166 0.0077688 0.0048097 0.0026292 0.0542010
2.1385140 0.0014680 0.0052792 0.0093351 0.0113870 0.0104615 0.0077928 0.0047112 0.0024165 0.0528514
2.1585944 0.0013807 0.0050197 0.0089682 0.0109834 0.0100941 0.0075102 0.0047889 0.0026777 0.0514230
2.1786747 0.0012987 0.0047577 0.0087155 0.0107081 0.0100470 0.0075401 0.0049224 0.0028204 0.0508100
2.1987550 0.0012215 0.0045731 0.0082574 0.0102944 0.0097296 0.0072154 0.0046017 0.0024326 0.0483258
2.2188354 0.0011489 0.0043351 0.0079198 0.0098973 0.0092012 0.0070648 0.0047790 0.0027838 0.0471300
2.2389157 0.0010807 0.0041487 0.0076870 0.0097560 0.0095643 0.0075235 0.0048817 0.0024863 0.0471282
2.2589958 0.0010165 0.0039365 0.0074417 0.0097128 0.0092977 0.0073106 0.0047737 0.0027742 0.0462636
2.2790761 0.0009561 0.0037146 0.0071186 0.0092041 0.0091072 0.0072665 0.0048345 0.0027076 0.0449093
2.2991564 0.0008993 0.0035523 0.0068863 0.0091579 0.0091088 0.0072220 0.0050167 0.0029201 0.0447635
2.3192368 0.0008458 0.0033782 0.0066330 0.0087955 0.0090139 0.0074444 0.0050855 0.0029495 0.0441458
2.3393171 0.0007956 0.0031843 0.0062522 0.0085393 0.0084894 0.0069554 0.0047208 0.0029182 0.0418553
2.3593974 0.0007483 0.0030575 0.0062286 0.0084546 0.0085979 0.0070227 0.0047471 0.0029284 0.0417850
2.3794777 0.0007038 0.0029161 0.0058278 0.0079650 0.0082431 0.0069472 0.0049029 0.0030387 0.0405445
2.3995581 0.0006620 0.0027631 0.0057317 0.0079361 0.0082971 0.0070545 0.0049860 0.0030454 0.0404759
2.4196384 0.0006227 0.0026138 0.0053718 0.0073274 0.0077339 0.0066219 0.0046466 0.0030067 0.0379449
2.4397187 0.0005857 0.0025170 0.0052109 0.0072453 0.0078776 0.0066606 0.0048558 0.0031117 0.0380645
2.4597991 0.0005509 0.0023555 0.0050449 0.0070381 0.0077671 0.0066613 0.0048536 0.0028399 0.0371113
2.4798794 0.0005181 0.0022513 0.0046963 0.0067962 0.0075277 0.0065840 0.0049369 0.0032763 0.0365866
2.4999597 0.0004873 0.0021616 0.0045040 0.0064985 0.0072115 0.0065057 0.0050031 0.0033069 0.0356786
2.5200400 0.0004584 0.0020510 0.0044869 0.0067283 0.0074340 0.0067762 0.0051855 0.0033236 0.0364438
2.5401204 0.0004312 0.0019435 0.0042387 0.0063176 0.0072807 0.0066380 0.0050231 0.0031920 0.0350648
2.5602007 0.0004055 0.0018186 0.0040327 0.0061437 0.0070751 0.0065201 0.0051578 0.0034122 0.0345659
2.5802810 0.0003814 0.0017537 0.0039540 0.0059786 0.0067799 0.0063597 0.0049822 0.0034198 0.0336095
2.6003613 0.0003588 0.0016396 0.0036440 0.0055646 0.0062867 0.0058328 0.0046890 0.0032431 0.0312586
2.6204417 0.0003375 0.0015637 0.0035893 0.0055187 0.0064720 0.0061019 0.0048479 0.0033412 0.0317721
2.6405220 0.0003174 0.0014971 0.0034947 0.0056367 0.0067589 0.0064719 0.0051699 0.0036488 0.0329954
2.6606023 0.0002985 0.0014310 0.0031879 0.0049767 0.0059837 0.0057610 0.0046558 0.0033511 0.0296459
2.6806827 0.0002808 0.0013606 0.0032351 0.0050867 0.0060461 0.0059208 0.0047898 0.0032648 0.0299848
2.7007630 0.0002641 0.0012614 0.0030209 0.0048919 0.0059126 0.0056651 0.0046241 0.0031970 0.0288372
2.7208433 0.0002484 0.0012136 0.0028845 0.0046128 0.0056029 0.0055501 0.0045147 0.0032088 0.0278359
2.7409236 0.0002337 0.0011752 0.0028307 0.0047103 0.0058126 0.0058428 0.0047855 0.0034667 0.0288574
2.7610040 0.0002198 0.0010785 0.0025856 0.0043091 0.0054944 0.0056006 0.0048745 0.0036825 0.0278450
2.7810843 0.0002067 0.0010628 0.0026425 0.0043283 0.0055195 0.0055574 0.0046678 0.0034470 0.0274320
2.8011646 0.0001944 0.0009940 0.0024350 0.0041632 0.0052166 0.0053228 0.0045845 0.0034107 0.0263213
2.8212450 0.0001829 0.0009428 0.0023197 0.0039874 0.0050178 0.0050827 0.0043897 0.0033042 0.0252272
2.8413253 0.0001720 0.0008820 0.0022405 0.0037261 0.0048466 0.0049620 0.0043651 0.0033504 0.0245448
2.8614056 0.0001618 0.0008444 0.0021394 0.0036637 0.0047929 0.0049572 0.0043587 0.0032870 0.0242051
2.8814859 0.0001522 0.0007942 0.0020748 0.0036236 0.0048951 0.0053916 0.0049285 0.0039240 0.0257840
2.9015663 0.0001431 0.0007607 0.0019666 0.0033816 0.0044644 0.0048332 0.0043073 0.0033174 0.0231743
2.9216464 0.0001346 0.0007273 0.0018568 0.0032391 0.0043488 0.0047986 0.0043154 0.0034112 0.0228318
2.9417267 0.0001266 0.0006668 0.0017262 0.0030852 0.0042054 0.0045892 0.0041631 0.0032723 0.0218349
2.9618070 0.0001191 0.0006436 0.0016924 0.0030410 0.0040711 0.0044516 0.0040280 0.0032125 0.0212592
2.9818873 0.0001120 0.0006289 0.0017433 0.0030335 0.0041088 0.0046470 0.0044885 0.0036556 0.0224178
3.0019677 0.0001054 0.0005874 0.0015077 0.0027031 0.0037638 0.0041485 0.0038364 0.0030690 0.0197213
3.0220480 0.0000991 0.0005607 0.0014850 0.0027627 0.0038040 0.0042761 0.0040670 0.0032201 0.0202748
3.0421283 0.0000932 0.0005296 0.0014786 0.0027508 0.0038741 0.0043164 0.0041089 0.0033339 0.0204857
3.0622087 0.0000877 0.0004982 0.0014075 0.0026401 0.0036822 0.0042215 0.0040386 0.0031973 0.0197731
3.0822890 0.0000825 0.0004668 0.0012821 0.0024596 0.0035464 0.0041623 0.0040043 0.0035291 0.0195331
3.1023693 0.0000776 0.0004528 0.0012705 0.0024172 0.0034404 0.0039887 0.0038927 0.0033956 0.0189355
3.1224496 0.0000730 0.0004216 0.0011984 0.0023129 0.0032811 0.0038639 0.0038524 0.0032872 0.0182905
3.1425300 0.0000686 0.0004001 0.0011215 0.0021053 0.0030711 0.0034430 0.0034512 0.0028643 0.0165252
3.1626103 0.0000646 0.0003810 0.0011127 0.0021925 0.0031859 0.0037816 0.0036973 0.0032116 0.0176270
3.1826906 0.0000607 0.0003645 0.0010529 0.0020527 0.0030365 0.0036873 0.0036755 0.0032076 0.0171377
3.2027709 0.0000571 0.0003533 0.0010206 0.0019982 0.0030156 0.0035993 0.0036567 0.0031826 0.0168833
3.2228513 0.0000537 0.0003229 0.0009174 0.0018321 0.0027742 0.0033326 0.0034389 0.0030188 0.0156906
3.2429316 0.0000505 0.0003144 0.0009116 0.0018474 0.0028179 0.0034581 0.0034414 0.0029452 0.0157866
3.2630119 0.0000475 0.0002958 0.0008689 0.0017497 0.0026686 0.0032551 0.0034330 0.0030820 0.0154008
3.2830923 0.0000447 0.0002745 0.0008022 0.0015638 0.0023594 0.0029106 0.0030493 0.0027459 0.0137504
3.3031726 0.0000420 0.0002601 0.0007746 0.0015521 0.0023377 0.0028746 0.0030031 0.0026622 0.0135065
3.3232529 0.0000395 0.0002454 0.0007414 0.0015251 0.0023566 0.0029813 0.0032398 0.0028137 0.0139428
3.3433332 0.0000372 0.0002370 0.0007127 0.0015010 0.0023358 0.0029058 0.0030668 0.0028187 0.0136150
3.3634136 0.0000350 0.0002188 0.0006648 0.0013810 0.0022628 0.0028709 0.0030490 0.0028954 0.0133777
3.3834939 0.0000329 0.0002196 0.0006564 0.0013746 0.0021502 0.0027577 0.0030708 0.0028005 0.0130626
3.4035742 0.0000309 0.0001984 0.0006196 0.0013044 0.0020648 0.0026918 0.0028658 0.0026779 0.0124538
3.4236546 0.0000291 0.0001937 0.0005945 0.0012736 0.0020796 0.0026744 0.0029004 0.0027619 0.0125072
3.4437349 0.0000274 0.0001854 0.0005637 0.0011803 0.0019009 0.0024052 0.0026372 0.0025446 0.0114447
3.4638152 0.0000258 0.0001656 0.0005260 0.0011779 0.0019192 0.0025185 0.0028230 0.0027551 0.0119109
3.4838955 0.0000242 0.0001596 0.0005336 0.0011664 0.0019266 0.0025677 0.0028853 0.0028211 0.0120846
3.5039759 0.0000228 0.0001511 0.0004949 0.0010937 0.0017923 0.0023774 0.0026742 0.0025547 0.0111610
3.5240562 0.0000214 0.0001422 0.0004648 0.0010381 0.0017444 0.0023029 0.0025551 0.0024362 0.0107050
3.5441363 0.0000202 0.0001366 0.0004612 0.0010225 0.0017376 0.0022928 0.0026010 0.0025256 0.0107976
3.5642166 0.0000190 0.0001289 0.0004304 0.0009448 0.0016075 0.0021714 0.0024753 0.0024113 0.0101885
3.5842969 0.0000178 0.0001212 0.0004049 0.0009271 0.0015607 0.0021595 0.0025401 0.0025501 0.0102815
3.6043773 0.0000168 0.0001216 0.0004140 0.0009170 0.0015710 0.0021698 0.0025352 0.0025880 0.0103333
3.6244576 0.0000158 0.0001133 0.0003739 0.0008388 0.0014372 0.0020434 0.0023357 0.0024387 0.0095967
3.6445379 0.0000148 0.0001066 0.0003570 0.0008281 0.0014567 0.0020573 0.0023957 0.0023875 0.0096039
3.6646183 0.0000140 0.0000974 0.0003119 0.0007212 0.0013002 0.0018243 0.0021066 0.0021404 0.0085160
3.6846986 0.0000131 0.0000919 0.0003175 0.0007869 0.0013562 0.0020244 0.0024704 0.0025840 0.0096444
3.7047789 0.0000123 0.0000925 0.0003219 0.0007429 0.0012802 0.0018169 0.0020765 0.0021441 0.0084874
3.7248592 0.0000116 0.0000844 0.0002958 0.0006903 0.0012261 0.0017352 0.0021495 0.0022692 0.0084621
3.7449396 0.0000109 0.0000760 0.0002713 0.0006400 0.0011569 0.0016987 0.0021059 0.0021815 0.0081413
3.7650199 0.0000103 0.0000754 0.0002584 0.0006009 0.0010788 0.0015648 0.0018901 0.0019928 0.0074716
3.7851002 0.0000097 0.0000731 0.0002633 0.0006368 0.0011555 0.0016655 0.0019995 0.0021287 0.0079321
3.8051805 0.0000091 0.0000709 0.0002457 0.0006220 0.0010945 0.0015942 0.0019769 0.0020910 0.0077042
3.8252609 0.0000086 0.0000642 0.0002261 0.0005605 0.0010556 0.0015716 0.0019684 0.0020964 0.0075514
3.8453412 0.0000080 0.0000592 0.0002213 0.0005287 0.0009657 0.0014554 0.0018269 0.0020337 0.0070989
3.8654215 0.0000076 0.0000575 0.0002049 0.0005233 0.0009749 0.0014614 0.0017824 0.0018720 0.0068840
3.8855019 0.0000071 0.0000548 0.0002024 0.0004931 0.0009268 0.0013447 0.0016742 0.0018320 0.0065350
3.9055822 0.0000067 0.0000492 0.0001720 0.0004164 0.0008204 0.0012673 0.0015827 0.0016786 0.0059931
3.9256625 0.0000063 0.0000479 0.0001789 0.0004386 0.0008451 0.0012710 0.0016201 0.0017677 0.0061757
3.9457428 0.0000059 0.0000455 0.0001674 0.0004082 0.0007714 0.0011727 0.0015022 0.0016587 0.0057323
3.9658232 0.0000056 0.0000449 0.0001701 0.0004349 0.0008502 0.0013241 0.0017245 0.0018590 0.0064131
3.9859035 0.0000052 0.0000419 0.0001552 0.0003707 0.0007336 0.0011090 0.0014807 0.0016827 0.0055791
4.0059838 0.0000049 0.0000390 0.0001406 0.0003546 0.0006633 0.0010146 0.0012967 0.0014178 0.0049316
4.0260644 0.0000046 0.0000377 0.0001496 0.0003760 0.0007438 0.0011941 0.0016054 0.0018553 0.0059666
4.0461445 0.0000044 0.0000347 0.0001359 0.0003514 0.0007018 0.0011249 0.0014785 0.0017151 0.0055467
4.0662251 0.0000041 0.0000331 0.0001273 0.0003246 0.0006289 0.0009701 0.0013069 0.0015108 0.0049059
4.0863051 0.0000039 0.0000302 0.0001231 0.0003195 0.0006218 0.0009640 0.0012365 0.0013947 0.0046936
4.1063857 0.0000036 0.0000286 0.0001120 0.0002961 0.0005840 0.0009308 0.0012511 0.0014246 0.0046309
4.1264658 0.0000034 0.0000277 0.0001027 0.0002679 0.0005440 0.0008685 0.0011662 0.0013519 0.0043325
4.1465464 0.0000032 0.0000281 0.0001039 0.0002658 0.0005311 0.0008611 0.0011053 0.0013079 0.0042065
4.1666265 0.0000030 0.0000242 0.0000959 0.0002532 0.0004983 0.0008081 0.0011296 0.0013499 0.0041623
4.1867070 0.0000028 0.0000235 0.0000924 0.0002518 0.0005137 0.0008579 0.0011815 0.0013640 0.0042875
4.2067871 0.0000027 0.0000211 0.0000843 0.0002354 0.0004880 0.0008113 0.0011271 0.0013023 0.0040721
4.2268677 0.0000025 0.0000204 0.0000794 0.0002107 0.0004242 0.0007072 0.0009816 0.0011865 0.0036125
4.2469478 0.0000024 0.0000195 0.0000829 0.0002140 0.0004476 0.0007301 0.0009862 0.0011434 0.0036260
4.2670283 0.0000022 0.0000188 0.0000763 0.0002028 0.0004084 0.0006933 0.0010083 0.0012496 0.0036598
4.2871084 0.0000021 0.0000167 0.0000692 0.0001870 0.0003864 0.0006257 0.0008752 0.0010739 0.0032362
4.3071890 0.0000020 0.0000172 0.0000726 0.0002041 0.0004291 0.0007019 0.0010168 0.0012839 0.0037274
4.3272691 0.0000018 0.0000163 0.0000668 0.0001824 0.0003902 0.0006627 0.0009392 0.0011768 0.0034362
4.3473496 0.0000017 0.0000152 0.0000643 0.0001846 0.0003906 0.0006655 0.0009645 0.0012042 0.0034906
4.3674297 0.0000016 0.0000142 0.0000580 0.0001592 0.0003505 0.0006085 0.0008951 0.0011135 0.0032006
4.3875103 0.0000015 0.0000142 0.0000579 0.0001738 0.0003834 0.0006787 0.0009799 0.0012123 0.0035018
4.4075904 0.0000014 0.0000129 0.0000555 0.0001586 0.0003306 0.0005563 0.0007994 0.0010058 0.0029204
4.4276710 0.0000014 0.0000122 0.0000497 0.0001433 0.0003051 0.0005480 0.0008127 0.0010177 0.0028901
4.4477510 0.0000013 0.0000113 0.0000469 0.0001317 0.0002967 0.0005212 0.0007689 0.0009486 0.0027265
4.4678316 0.0000012 0.0000106 0.0000463 0.0001293 0.0002815 0.0004891 0.0007234 0.0009123 0.0025938
4.4879117 0.0000011 0.0000096 0.0000399 0.0001180 0.0002579 0.0004624 0.0006776 0.0008646 0.0024310
4.5079918 0.0000011 0.0000100 0.0000445 0.0001303 0.0002869 0.0005120 0.0007772 0.0009986 0.0027606
4.5280724 0.0000010 0.0000084 0.0000344 0.0001040 0.0002306 0.0004171 0.0006143 0.0007823 0.0021921
4.5481524 0.0000009 0.0000082 0.0000359 0.0001053 0.0002372 0.0004296 0.0006547 0.0008497 0.0023217
4.5682330 0.0000009 0.0000081 0.0000381 0.0001137 0.0002484 0.0004318 0.0006500 0.0008557 0.0023468
4.5883131 0.0000008 0.0000079 0.0000326 0.0001045 0.0002215 0.0004107 0.0006143 0.0008144 0.0022067
4.6083937 0.0000008 0.0000075 0.0000352 0.0001016 0.0002270 0.0004167 0.0006446 0.0008611 0.0022945
4.6284738 0.0000007 0.0000062 0.0000287 0.0000856 0.0001955 0.0003580 0.0005573 0.0007411 0.0019732
4.6485543 0.0000007 0.0000061 0.0000267 0.0000805 0.0001813 0.0003315 0.0005050 0.0006821 0.0018139
4.6686344 0.0000007 0.0000061 0.0000291 0.0000865 0.0001946 0.0003647 0.0005742 0.0007523 0.0020081
4.6887150 0.0000006 0.0000059 0.0000277 0.0000898 0.0002061 0.0003894 0.0006034 0.0007965 0.0021193
4.7087951 0.0000006 0.0000056 0.0000252 0.0000763 0.0001737 0.0003131 0.0004876 0.0006444 0.0017266
4.7288756 0.0000005 0.0000048 0.0000209 0.0000647 0.0001490 0.0002831 0.0004457 0.0006023 0.0015711
4.7489557 0.0000005 0.0000048 0.0000248 0.0000773 0.0001794 0.0003287 0.0005163 0.0006911 0.0018230
4.7690363 0.0000005 0.0000046 0.0000212 0.0000627 0.0001496 0.0002925 0.0004698 0.0006280 0.0016289
4.7891164 0.0000005 0.0000044 0.0000209 0.0000640 0.0001500 0.0002871 0.0004652 0.0006283 0.0016203
4.8091969 0.0000004 0.0000042 0.0000199 0.0000605 0.0001446 0.0002780 0.0004444 0.0006104 0.0015624
4.8292770 0.0000004 0.0000037 0.0000156 0.0000505 0.0001161 0.0002186 0.0003527 0.0004775 0.0012351
4.8493576 0.0000004 0.0000036 0.0000172 0.0000568 0.0001375 0.0002638 0.0004332 0.0005961 0.0015087
4.8694377 0.0000004 0.0000035 0.0000164 0.0000528 0.0001299 0.0002478 0.0004022 0.0005684 0.0014214
4.8895183 0.0000003 0.0000033 0.0000161 0.0000504 0.0001196 0.0002328 0.0003761 0.0005357 0.0013342
4.9095984 0.0000003 0.0000029 0.0000144 0.0000477 0.0001141 0.0002196 0.0003609 0.0005158 0.0012757
4.9296789 0.0000003 0.0000030 0.0000135 0.0000434 0.0001058 0.0002098 0.0003503 0.0004905 0.0012165
4.9497590 0.0000003 0.0000026 0.0000128 0.0000440 0.0001141 0.0002277 0.0003701 0.0005122 0.0012838
4.9698396 0.0000003 0.0000030 0.0000145 0.0000480 0.0001156 0.0002257 0.0003786 0.0005413 0.0013269
4.9899197 0.0000002 0.0000027 0.0000131 0.0000439 0.0001064 0.0002148 0.0003570 0.0005111 0.0012493
5.0100002 0.0000002 0.0000025 0.0000126 0.0000422 0.0001077 0.0002184 0.0003653 0.0005259 0.0012749
