-------- p=1.739 a=2.000 mu=-2.200 N=20000000 time=2017-02-23 07:05:08 --------
0.0100000 0.9635577 0.0014281 0.0000001 0.0000000 0.0000000 0.0000000 0.0000000 0.0000000 0.9649860
0.0300803 0.8943422 0.0069089 0.0000347 0.0000000 0.0000000 0.0000000 0.0000000 0.0000000 0.9012858
0.0501606 0.8300987 0.0139875 0.0001759 0.0000003 0.0000000 0.0000000 0.0000000 0.0000000 0.8442624
0.0702410 0.7704700 0.0214099 0.0003698 0.0000009 0.0000000 0.0000000 0.0000000 0.0000000 0.7922506
0.0903213 0.7151246 0.0291471 0.0005322 0.0000099 0.0000000 0.0000000 0.0000000 0.0000000 0.7448138
0.1104016 0.6637548 0.0361727 0.0010718 0.0000253 0.0000000 0.0000000 0.0000000 0.0000000 0.7010246
0.1304819 0.6160751 0.0430303 0.0017197 0.0000218 0.0000002 0.0000000 0.0000000 0.0000000 0.6608471
0.1505622 0.5718204 0.0494544 0.0022886 0.0000711 0.0000001 0.0000000 0.0000000 0.0000000 0.6236347
0.1706426 0.5307447 0.0552840 0.0029009 0.0001633 0.0000047 0.0000000 0.0000000 0.0000000 0.5890976
0.1907229 0.4926195 0.0603809 0.0036246 0.0001188 0.0000017 0.0000000 0.0000000 0.0000000 0.5567455
0.2108032 0.4572330 0.0653096 0.0045556 0.0002273 0.0000008 0.0000000 0.0000000 0.0000000 0.5273264
0.2308835 0.4243885 0.0692858 0.0056219 0.0003260 0.0000039 0.0000000 0.0000000 0.0000000 0.4996261
0.2509638 0.3939033 0.0725813 0.0066749 0.0004205 0.0000365 0.0000019 0.0000000 0.0000000 0.4736183
0.2710442 0.3656079 0.0755959 0.0078280 0.0005759 0.0000445 0.0000004 0.0000000 0.0000000 0.4496525
0.2911245 0.3393451 0.0778067 0.0089995 0.0005821 0.0001097 0.0000005 0.0000000 0.0000000 0.4268436
0.3112048 0.3149688 0.0796500 0.0103225 0.0008708 0.0000433 0.0000002 0.0000000 0.0000000 0.4058555
0.3312851 0.2923436 0.0810935 0.0116390 0.0011074 0.0000576 0.0000000 0.0000000 0.0000000 0.3862411
0.3513654 0.2713436 0.0818245 0.0127293 0.0012888 0.0000691 0.0000003 0.0000000 0.0000000 0.3672556
0.3714458 0.2518521 0.0824753 0.0137741 0.0015673 0.0001431 0.0000035 0.0000000 0.0000000 0.3498153
0.3915261 0.2337607 0.0825076 0.0150031 0.0017539 0.0001591 0.0000100 0.0000000 0.0000000 0.3331945
0.4116064 0.2169689 0.0820046 0.0160119 0.0019713 0.0001638 0.0000032 0.0000000 0.0000000 0.3171236
0.4316867 0.2013833 0.0816704 0.0165592 0.0021841 0.0002842 0.0000255 0.0000001 0.0000000 0.3021068
0.4517670 0.1869173 0.0807855 0.0181632 0.0027802 0.0002991 0.0000204 0.0000041 0.0000000 0.2889699
0.4718474 0.1734904 0.0795435 0.0187980 0.0029348 0.0003826 0.0000773 0.0000109 0.0000001 0.2752376
0.4919277 0.1610280 0.0783214 0.0191708 0.0032454 0.0004277 0.0000675 0.0000049 0.0000001 0.2622658
0.5120080 0.1494608 0.0773515 0.0199940 0.0035084 0.0005307 0.0000496 0.0000003 0.0000000 0.2508953
0.5320883 0.1387246 0.0757190 0.0210540 0.0040492 0.0005715 0.0000547 0.0000014 0.0000000 0.2401743
0.5521687 0.1287595 0.0739862 0.0215892 0.0043339 0.0006011 0.0000814 0.0000022 0.0000001 0.2293537
0.5722489 0.1195103 0.0722802 0.0224619 0.0050338 0.0008814 0.0001183 0.0000053 0.0000001 0.2202914
0.5923293 0.1109255 0.0704819 0.0225972 0.0051033 0.0008516 0.0001426 0.0000048 0.0000000 0.2101070
0.6124096 0.1029574 0.0686388 0.0231011 0.0054941 0.0009290 0.0001245 0.0000106 0.0000001 0.2012555
0.6324899 0.0955616 0.0664884 0.0236104 0.0056978 0.0009148 0.0001075 0.0000011 0.0000000 0.1923816
0.6525702 0.0886971 0.0645819 0.0239533 0.0059810 0.0011364 0.0001889 0.0000357 0.0000004 0.1845748
0.6726506 0.0823257 0.0627239 0.0239277 0.0064338 0.0013017 0.0002220 0.0000154 0.0000089 0.1769591
0.6927309 0.0764120 0.0606590 0.0240323 0.0067756 0.0012943 0.0002394 0.0000383 0.0000149 0.1694658
0.7128112 0.0709230 0.0587134 0.0245137 0.0071741 0.0015381 0.0003211 0.0000780 0.0000133 0.1632747
0.7328916 0.0658284 0.0565293 0.0248849 0.0075479 0.0017696 0.0002998 0.0000523 0.0000001 0.1569122
0.7529718 0.0610997 0.0546248 0.0250056 0.0080278 0.0018969 0.0003645 0.0001038 0.0000397 0.1511628
0.7730522 0.0567107 0.0526567 0.0245788 0.0079765 0.0020209 0.0004421 0.0000999 0.0000109 0.1444966
0.7931325 0.0526370 0.0506841 0.0246354 0.0082212 0.0020932 0.0003639 0.0000448 0.0000018 0.1386813
0.8132128 0.0488559 0.0485486 0.0245330 0.0085347 0.0023060 0.0005357 0.0001086 0.0000146 0.1334373
0.8332931 0.0453464 0.0469565 0.0245256 0.0086488 0.0024208 0.0006043 0.0001404 0.0000039 0.1286469
0.8533735 0.0420891 0.0449283 0.0241967 0.0089976 0.0027104 0.0005852 0.0001054 0.0000140 0.1236266
0.8734538 0.0390657 0.0430860 0.0237971 0.0091662 0.0026649 0.0006412 0.0001271 0.0000332 0.1185815
0.8935341 0.0362595 0.0413283 0.0237524 0.0095082 0.0028919 0.0006969 0.0001182 0.0000095 0.1145648
0.9136144 0.0336548 0.0395368 0.0232390 0.0093269 0.0029345 0.0006662 0.0001505 0.0000133 0.1095221
0.9336947 0.0312373 0.0379098 0.0234726 0.0099043 0.0033683 0.0008835 0.0001231 0.0000167 0.1069156
0.9537750 0.0289934 0.0361134 0.0227296 0.0101249 0.0034299 0.0009541 0.0001856 0.0000458 0.1025768
0.9738554 0.0269107 0.0347174 0.0227366 0.0103002 0.0034117 0.0009012 0.0002375 0.0000333 0.0992486
0.9939357 0.0249776 0.0331322 0.0220805 0.0102003 0.0034600 0.0009908 0.0002620 0.0000576 0.0951610
1.0140160 0.0231834 0.0317327 0.0218934 0.0101285 0.0036756 0.0010458 0.0002319 0.0000516 0.0919428
1.0340964 0.0215181 0.0302025 0.0214794 0.0104429 0.0038325 0.0011497 0.0003010 0.0000427 0.0889688
1.0541767 0.0199723 0.0288301 0.0209034 0.0104956 0.0040683 0.0012852 0.0003293 0.0000677 0.0859519
1.0742570 0.0185377 0.0275910 0.0204136 0.0104986 0.0039589 0.0011809 0.0002867 0.0000974 0.0825649
1.0943373 0.0172060 0.0263064 0.0201341 0.0104896 0.0044256 0.0014609 0.0003979 0.0001056 0.0805262
1.1144177 0.0159701 0.0249347 0.0194321 0.0104189 0.0044089 0.0014551 0.0004734 0.0001157 0.0772089
1.1344979 0.0148229 0.0237152 0.0188157 0.0102422 0.0043933 0.0015175 0.0004357 0.0000942 0.0740367
1.1545782 0.0137581 0.0226847 0.0185976 0.0104724 0.0045242 0.0014872 0.0004078 0.0000737 0.0720058
1.1746585 0.0127698 0.0215372 0.0180600 0.0104171 0.0046713 0.0016023 0.0004607 0.0001496 0.0696680
1.1947389 0.0118525 0.0205174 0.0174864 0.0101675 0.0044931 0.0015670 0.0004646 0.0001013 0.0666498
1.2148192 0.0110011 0.0194038 0.0171265 0.0101802 0.0047860 0.0017744 0.0005537 0.0001187 0.0649443
1.2348995 0.0102109 0.0184824 0.0164991 0.0099580 0.0046386 0.0017758 0.0006563 0.0002207 0.0624417
1.2549798 0.0094774 0.0175306 0.0160503 0.0103040 0.0047442 0.0017839 0.0005469 0.0001339 0.0605712
1.2750602 0.0087966 0.0166084 0.0156098 0.0102310 0.0050058 0.0019709 0.0006479 0.0001959 0.0590665
1.2951405 0.0081647 0.0158195 0.0151782 0.0099627 0.0049594 0.0021212 0.0007258 0.0001995 0.0571311
1.3152208 0.0075782 0.0149849 0.0147637 0.0098921 0.0050511 0.0020195 0.0006617 0.0001877 0.0551390
1.3353012 0.0070338 0.0141962 0.0139278 0.0094178 0.0048415 0.0020314 0.0007546 0.0002079 0.0524110
1.3553815 0.0065286 0.0134627 0.0135798 0.0095328 0.0050900 0.0022684 0.0008137 0.0002632 0.0515392
1.3754618 0.0060596 0.0127985 0.0130286 0.0093110 0.0050424 0.0022294 0.0008822 0.0002542 0.0496059
1.3955421 0.0056243 0.0120925 0.0126662 0.0092204 0.0050122 0.0021747 0.0008319 0.0002825 0.0479049
1.4156225 0.0052203 0.0114453 0.0124100 0.0091435 0.0051589 0.0023522 0.0008566 0.0002726 0.0468594
1.4357028 0.0048453 0.0108352 0.0118830 0.0087020 0.0050359 0.0023283 0.0009302 0.0002697 0.0448297
1.4557831 0.0044973 0.0102931 0.0114906 0.0088680 0.0053372 0.0025969 0.0010545 0.0003540 0.0444915
1.4758633 0.0041742 0.0097773 0.0112516 0.0087174 0.0050739 0.0023619 0.0009709 0.0003425 0.0426698
1.4959437 0.0038744 0.0092507 0.0108100 0.0085224 0.0051514 0.0025040 0.0010589 0.0003831 0.0415548
1.5160240 0.0035961 0.0086518 0.0103204 0.0083285 0.0050334 0.0025039 0.0010574 0.0004122 0.0399037
1.5361043 0.0033377 0.0082106 0.0098794 0.0080945 0.0050408 0.0026179 0.0011245 0.0003295 0.0386350
1.5561846 0.0030980 0.0078136 0.0094006 0.0078838 0.0050339 0.0025817 0.0010816 0.0004526 0.0373457
1.5762650 0.0028754 0.0072995 0.0090471 0.0077311 0.0049346 0.0025505 0.0011203 0.0004604 0.0360190
1.5963453 0.0026689 0.0069506 0.0088761 0.0075975 0.0049901 0.0026518 0.0012183 0.0004970 0.0354504
1.6164256 0.0024772 0.0065676 0.0084621 0.0074076 0.0049382 0.0026794 0.0012066 0.0004869 0.0342256
1.6365060 0.0022992 0.0061991 0.0081968 0.0073849 0.0050606 0.0027451 0.0012638 0.0005379 0.0336875
1.6565863 0.0021341 0.0058445 0.0077979 0.0070846 0.0048871 0.0027358 0.0012996 0.0005758 0.0323592
1.6766666 0.0019808 0.0055659 0.0075153 0.0068728 0.0048591 0.0028292 0.0013534 0.0005752 0.0315516
1.6967469 0.0018385 0.0051972 0.0071448 0.0067094 0.0047758 0.0027243 0.0013967 0.0006074 0.0303941
1.7168273 0.0017064 0.0049086 0.0067933 0.0064699 0.0046810 0.0026951 0.0013021 0.0005371 0.0290935
1.7369076 0.0015838 0.0046345 0.0065917 0.0065720 0.0047579 0.0028135 0.0014033 0.0005959 0.0289526
1.7569879 0.0014701 0.0044247 0.0063298 0.0061760 0.0046442 0.0028198 0.0014938 0.0006604 0.0280188
1.7770681 0.0013645 0.0041164 0.0059701 0.0059706 0.0044966 0.0027421 0.0013635 0.0006969 0.0267206
1.7971485 0.0012665 0.0038570 0.0057360 0.0058003 0.0044661 0.0027069 0.0014013 0.0006343 0.0258684
1.8172288 0.0011755 0.0036826 0.0055751 0.0057910 0.0044456 0.0027306 0.0014413 0.0006441 0.0254857
1.8373091 0.0010910 0.0034457 0.0052026 0.0053860 0.0043015 0.0026924 0.0014901 0.0006340 0.0242434
1.8573895 0.0010127 0.0032685 0.0051893 0.0055062 0.0044257 0.0028536 0.0016247 0.0007803 0.0246610
1.8774698 0.0009399 0.0030722 0.0048434 0.0052470 0.0043409 0.0027180 0.0014577 0.0007083 0.0233273
1.8975501 0.0008724 0.0028720 0.0045955 0.0049444 0.0040217 0.0026562 0.0014959 0.0007833 0.0222414
1.9176304 0.0008097 0.0027537 0.0044183 0.0048126 0.0040305 0.0027601 0.0015816 0.0007976 0.0219641
1.9377108 0.0007516 0.0025696 0.0041207 0.0045400 0.0039644 0.0027761 0.0016228 0.0007320 0.0210772
1.9577911 0.0006976 0.0024301 0.0040272 0.0045758 0.0039571 0.0027359 0.0016486 0.0008390 0.0209113
1.9778714 0.0006475 0.0022846 0.0038548 0.0044543 0.0038976 0.0026945 0.0015871 0.0008439 0.0202642
1.9979517 0.0006010 0.0021651 0.0037459 0.0043338 0.0037987 0.0027416 0.0016714 0.0008955 0.0199530
2.0180321 0.0005578 0.0020145 0.0034187 0.0041061 0.0036359 0.0026679 0.0016581 0.0008767 0.0189356
2.0381124 0.0005177 0.0018912 0.0033240 0.0038939 0.0035637 0.0026529 0.0016617 0.0008822 0.0183872
2.0581927 0.0004805 0.0017753 0.0031640 0.0037806 0.0034508 0.0025535 0.0015526 0.0007985 0.0175559
2.0782731 0.0004460 0.0016887 0.0030136 0.0036642 0.0033721 0.0025493 0.0016711 0.0009011 0.0173061
2.0983534 0.0004140 0.0015747 0.0028380 0.0034601 0.0032726 0.0024787 0.0015507 0.0008870 0.0164758
2.1184337 0.0003842 0.0014756 0.0026804 0.0033641 0.0031963 0.0024308 0.0016037 0.0008866 0.0160217
2.1385140 0.0003566 0.0013961 0.0025755 0.0032683 0.0031641 0.0023625 0.0015356 0.0008811 0.0155397
2.1585944 0.0003310 0.0013029 0.0025022 0.0031775 0.0031300 0.0024314 0.0016160 0.0009121 0.0154031
2.1786747 0.0003072 0.0012320 0.0023681 0.0030520 0.0030589 0.0024245 0.0016476 0.0008902 0.0149805
2.1987550 0.0002852 0.0011685 0.0022776 0.0029491 0.0029181 0.0023444 0.0015494 0.0008857 0.0143780
2.2188354 0.0002647 0.0010861 0.0020812 0.0027636 0.0028148 0.0023376 0.0015219 0.0008545 0.0137245
2.2389157 0.0002457 0.0010285 0.0020306 0.0027988 0.0028200 0.0023114 0.0016322 0.0009463 0.0138135
2.2589958 0.0002280 0.0009672 0.0019121 0.0025662 0.0026243 0.0021091 0.0014754 0.0008598 0.0127421
2.2790761 0.0002116 0.0009158 0.0018187 0.0024485 0.0025729 0.0021975 0.0015321 0.0009376 0.0126347
2.2991564 0.0001964 0.0008474 0.0017189 0.0023275 0.0024627 0.0021718 0.0015130 0.0008807 0.0121185
2.3192368 0.0001823 0.0008004 0.0016919 0.0023918 0.0025653 0.0022482 0.0015492 0.0009586 0.0123877
2.3393171 0.0001692 0.0007502 0.0015509 0.0021855 0.0023265 0.0020012 0.0014215 0.0008753 0.0112804
2.3593974 0.0001571 0.0007070 0.0015061 0.0021324 0.0023785 0.0021164 0.0015408 0.0009276 0.0114659
2.3794777 0.0001458 0.0006638 0.0014517 0.0020881 0.0022817 0.0019737 0.0014871 0.0009819 0.0110738
2.3995581 0.0001353 0.0006199 0.0013519 0.0020320 0.0022153 0.0019491 0.0014870 0.0010035 0.0107940
2.4196384 0.0001256 0.0005684 0.0013009 0.0019479 0.0021764 0.0019945 0.0015339 0.0009956 0.0106431
2.4397187 0.0001166 0.0005424 0.0012166 0.0018216 0.0020770 0.0018398 0.0014093 0.0009228 0.0099462
2.4597991 0.0001082 0.0005180 0.0011665 0.0018053 0.0020732 0.0019237 0.0014901 0.0010279 0.0101127
2.4798794 0.0001004 0.0004776 0.0010988 0.0016773 0.0019188 0.0017649 0.0013541 0.0009399 0.0093318
2.4999597 0.0000932 0.0004462 0.0010553 0.0016097 0.0018808 0.0017762 0.0013937 0.0009296 0.0091848
2.5200400 0.0000865 0.0004293 0.0009770 0.0015278 0.0018590 0.0018153 0.0014692 0.0010157 0.0091799
2.5401204 0.0000803 0.0003914 0.0009098 0.0014543 0.0017545 0.0016834 0.0013414 0.0009329 0.0085481
2.5602007 0.0000745 0.0003709 0.0008759 0.0013817 0.0016790 0.0016471 0.0013528 0.0009928 0.0083747
2.5802810 0.0000692 0.0003510 0.0008160 0.0013129 0.0016039 0.0016020 0.0013122 0.0009492 0.0080163
2.6003613 0.0000642 0.0003276 0.0007894 0.0012821 0.0015818 0.0015616 0.0013209 0.0009186 0.0078463
2.6204417 0.0000596 0.0003109 0.0007474 0.0012250 0.0015397 0.0015365 0.0012994 0.0009313 0.0076497
2.6405220 0.0000553 0.0002892 0.0006908 0.0011410 0.0014316 0.0014569 0.0012286 0.0008719 0.0071653
2.6606023 0.0000513 0.0002720 0.0006753 0.0011299 0.0014365 0.0014787 0.0012832 0.0009022 0.0072291
2.6806827 0.0000477 0.0002534 0.0006441 0.0010844 0.0014252 0.0014629 0.0012882 0.0009205 0.0071263
2.7007630 0.0000442 0.0002427 0.0006209 0.0010488 0.0013452 0.0014177 0.0012166 0.0008833 0.0068194
2.7208433 0.0000411 0.0002220 0.0005613 0.0009458 0.0011971 0.0012376 0.0010543 0.0007905 0.0060496
2.7409236 0.0000381 0.0002132 0.0005386 0.0009418 0.0012630 0.0013076 0.0011769 0.0008781 0.0063574
2.7610040 0.0000354 0.0001967 0.0005080 0.0008838 0.0011741 0.0012336 0.0011030 0.0008354 0.0059699
2.7810843 0.0000328 0.0001893 0.0004959 0.0008683 0.0011937 0.0012937 0.0011867 0.0009423 0.0062026
2.8011646 0.0000305 0.0001682 0.0004487 0.0008094 0.0010951 0.0011678 0.0010381 0.0008024 0.0055602
2.8212450 0.0000283 0.0001635 0.0004249 0.0007712 0.0010479 0.0011668 0.0010755 0.0008630 0.0055411
2.8413253 0.0000263 0.0001504 0.0004096 0.0007230 0.0009743 0.0010688 0.0009979 0.0008258 0.0051761
2.8614056 0.0000244 0.0001405 0.0003661 0.0006827 0.0009707 0.0011116 0.0010427 0.0008384 0.0051769
2.8814859 0.0000226 0.0001348 0.0003785 0.0007046 0.0009905 0.0011190 0.0010595 0.0008624 0.0052720
2.9015663 0.0000210 0.0001235 0.0003408 0.0006473 0.0009017 0.0010278 0.0009763 0.0008193 0.0048577
2.9216464 0.0000195 0.0001169 0.0003187 0.0005983 0.0008577 0.0009786 0.0009136 0.0007337 0.0045368
2.9417267 0.0000181 0.0001080 0.0003071 0.0005848 0.0008234 0.0009784 0.0009375 0.0007633 0.0045206
2.9618070 0.0000168 0.0001028 0.0003019 0.0005848 0.0008676 0.0010287 0.0010222 0.0008757 0.0048005
2.9818873 0.0000156 0.0000934 0.0002751 0.0005403 0.0007891 0.0009235 0.0008735 0.0007388 0.0042494
3.0019677 0.0000145 0.0000905 0.0002648 0.0005213 0.0007609 0.0009127 0.0008975 0.0007700 0.0042322
3.0220480 0.0000134 0.0000872 0.0002470 0.0004702 0.0006930 0.0008221 0.0008126 0.0006786 0.0038241
3.0421283 0.0000125 0.0000822 0.0002376 0.0004844 0.0007457 0.0008948 0.0009015 0.0007949 0.0041533
3.0622087 0.0000116 0.0000750 0.0002253 0.0004502 0.0006959 0.0008411 0.0008572 0.0007534 0.0039097
3.0822890 0.0000107 0.0000705 0.0002111 0.0004364 0.0006765 0.0008411 0.0008723 0.0007527 0.0038713
3.1023693 0.0000100 0.0000643 0.0001990 0.0004052 0.0006093 0.0007593 0.0007679 0.0006778 0.0034927
3.1224496 0.0000092 0.0000619 0.0001883 0.0003820 0.0005975 0.0007437 0.0007647 0.0006816 0.0034288
3.1425300 0.0000086 0.0000584 0.0001739 0.0003539 0.0005482 0.0006737 0.0007028 0.0006312 0.0031507
3.1626103 0.0000080 0.0000542 0.0001627 0.0003431 0.0005405 0.0006939 0.0007299 0.0006697 0.0032019
3.1826906 0.0000074 0.0000495 0.0001550 0.0003208 0.0005170 0.0006595 0.0006941 0.0006281 0.0030313
3.2027709 0.0000069 0.0000462 0.0001452 0.0003200 0.0005075 0.0006508 0.0006925 0.0006358 0.0030048
3.2228513 0.0000064 0.0000438 0.0001365 0.0002897 0.0004639 0.0005916 0.0006377 0.0005898 0.0027594
3.2429316 0.0000059 0.0000433 0.0001376 0.0002995 0.0004821 0.0006251 0.0006931 0.0006505 0.0029370
3.2630119 0.0000055 0.0000402 0.0001302 0.0002883 0.0004740 0.0006173 0.0006738 0.0006389 0.0028682
3.2830923 0.0000051 0.0000359 0.0001211 0.0002681 0.0004380 0.0005745 0.0006373 0.0005804 0.0026604
3.3031726 0.0000047 0.0000334 0.0001112 0.0002411 0.0003951 0.0005192 0.0005799 0.0005581 0.0024428
3.3232529 0.0000044 0.0000308 0.0000998 0.0002202 0.0003713 0.0005008 0.0005554 0.0005259 0.0023086
3.3433332 0.0000041 0.0000304 0.0001008 0.0002249 0.0003748 0.0005132 0.0005644 0.0005432 0.0023557
3.3634136 0.0000038 0.0000274 0.0000897 0.0002090 0.0003609 0.0004968 0.0005648 0.0005477 0.0023000
3.3834939 0.0000035 0.0000256 0.0000902 0.0002048 0.0003558 0.0004848 0.0005739 0.0005660 0.0023045
3.4035742 0.0000033 0.0000252 0.0000845 0.0001921 0.0003383 0.0004592 0.0005354 0.0005208 0.0021588
3.4236546 0.0000030 0.0000225 0.0000758 0.0001719 0.0003037 0.0004224 0.0004952 0.0004884 0.0019830
3.4437349 0.0000028 0.0000214 0.0000715 0.0001654 0.0002850 0.0003963 0.0004510 0.0004599 0.0018535
3.4638152 0.0000026 0.0000199 0.0000697 0.0001671 0.0002933 0.0004131 0.0004831 0.0004805 0.0019293
3.4838955 0.0000024 0.0000196 0.0000665 0.0001515 0.0002655 0.0003691 0.0004239 0.0004212 0.0017198
3.5039759 0.0000022 0.0000174 0.0000619 0.0001427 0.0002527 0.0003621 0.0004368 0.0004512 0.0017271
3.5240562 0.0000021 0.0000164 0.0000600 0.0001447 0.0002708 0.0003901 0.0004543 0.0004795 0.0018178
3.5441363 0.0000019 0.0000150 0.0000525 0.0001282 0.0002253 0.0003302 0.0004007 0.0004183 0.0015721
3.5642166 0.0000018 0.0000144 0.0000529 0.0001271 0.0002326 0.0003311 0.0003969 0.0004255 0.0015823
3.5842969 0.0000017 0.0000132 0.0000495 0.0001205 0.0002226 0.0003198 0.0003872 0.0003965 0.0015110
3.6043773 0.0000015 0.0000120 0.0000435 0.0001081 0.0001972 0.0002928 0.0003590 0.0003759 0.0013901
3.6244576 0.0000014 0.0000114 0.0000419 0.0001020 0.0001890 0.0002791 0.0003504 0.0003672 0.0013424
3.6445379 0.0000013 0.0000104 0.0000390 0.0000973 0.0001794 0.0002691 0.0003326 0.0003470 0.0012761
3.6646183 0.0000012 0.0000097 0.0000363 0.0000939 0.0001786 0.0002745 0.0003416 0.0003676 0.0013034
3.6846986 0.0000011 0.0000096 0.0000367 0.0000950 0.0001773 0.0002635 0.0003322 0.0003722 0.0012877
3.7047789 0.0000011 0.0000087 0.0000340 0.0000859 0.0001645 0.0002524 0.0003212 0.0003619 0.0012298
3.7248592 0.0000010 0.0000086 0.0000329 0.0000818 0.0001581 0.0002435 0.0003060 0.0003415 0.0011733
3.7449396 0.0000009 0.0000076 0.0000293 0.0000736 0.0001446 0.0002223 0.0002892 0.0003181 0.0010856
3.7650199 0.0000009 0.0000068 0.0000265 0.0000680 0.0001326 0.0002044 0.0002675 0.0003087 0.0010154
3.7851002 0.0000008 0.0000067 0.0000247 0.0000647 0.0001280 0.0002005 0.0002644 0.0003017 0.0009916
3.8051805 0.0000007 0.0000064 0.0000250 0.0000649 0.0001270 0.0001998 0.0002541 0.0002841 0.0009621
3.8252609 0.0000007 0.0000057 0.0000228 0.0000605 0.0001226 0.0001958 0.0002519 0.0002849 0.0009448
3.8453412 0.0000006 0.0000057 0.0000223 0.0000581 0.0001168 0.0001839 0.0002415 0.0002755 0.0009044
3.8654215 0.0000006 0.0000052 0.0000216 0.0000591 0.0001229 0.0001993 0.0002650 0.0003116 0.0009853
3.8855019 0.0000005 0.0000046 0.0000174 0.0000471 0.0000954 0.0001534 0.0002034 0.0002319 0.0007536
3.9055822 0.0000005 0.0000049 0.0000208 0.0000550 0.0001093 0.0001807 0.0002423 0.0002871 0.0009006
3.9256625 0.0000005 0.0000042 0.0000167 0.0000452 0.0000941 0.0001559 0.0002114 0.0002449 0.0007729
3.9457428 0.0000004 0.0000039 0.0000159 0.0000454 0.0000963 0.0001571 0.0002162 0.0002536 0.0007889
3.9658232 0.0000004 0.0000037 0.0000146 0.0000404 0.0000854 0.0001382 0.0001955 0.0002253 0.0007034
3.9859035 0.0000004 0.0000034 0.0000144 0.0000383 0.0000804 0.0001346 0.0001876 0.0002222 0.0006813
4.0059838 0.0000003 0.0000032 0.0000146 0.0000417 0.0000868 0.0001447 0.0002031 0.0002387 0.0007332
4.0260644 0.0000003 0.0000032 0.0000132 0.0000379 0.0000815 0.0001417 0.0002031 0.0002427 0.0007236
4.0461445 0.0000003 0.0000032 0.0000135 0.0000381 0.0000786 0.0001291 0.0001845 0.0002239 0.0006712
4.0662251 0.0000003 0.0000028 0.0000126 0.0000371 0.0000802 0.0001326 0.0001855 0.0002291 0.0006803
4.0863051 0.0000003 0.0000025 0.0000107 0.0000315 0.0000680 0.0001133 0.0001600 0.0002001 0.0005861
4.1063857 0.0000002 0.0000023 0.0000099 0.0000285 0.0000625 0.0001074 0.0001524 0.0001888 0.0005521
4.1264658 0.0000002 0.0000021 0.0000089 0.0000265 0.0000579 0.0001013 0.0001467 0.0001850 0.0005287
4.1465464 0.0000002 0.0000021 0.0000092 0.0000276 0.0000611 0.0001027 0.0001459 0.0001843 0.0005331
4.1666265 0.0000002 0.0000020 0.0000090 0.0000279 0.0000646 0.0001157 0.0001715 0.0002081 0.0005991
4.1867070 0.0000002 0.0000018 0.0000080 0.0000240 0.0000516 0.0000875 0.0001287 0.0001631 0.0004648
4.2067871 0.0000002 0.0000016 0.0000075 0.0000228 0.0000510 0.0000900 0.0001339 0.0001689 0.0004760
4.2268677 0.0000002 0.0000015 0.0000066 0.0000199 0.0000452 0.0000832 0.0001259 0.0001631 0.0004456
4.2469478 0.0000001 0.0000015 0.0000072 0.0000218 0.0000490 0.0000875 0.0001318 0.0001706 0.0004694
4.2670283 0.0000001 0.0000014 0.0000061 0.0000180 0.0000412 0.0000737 0.0001075 0.0001357 0.0003837
4.2871084 0.0000001 0.0000014 0.0000063 0.0000190 0.0000420 0.0000749 0.0001150 0.0001523 0.0004109
4.3071890 0.0000001 0.0000011 0.0000049 0.0000155 0.0000349 0.0000615 0.0000942 0.0001213 0.0003336
4.3272691 0.0000001 0.0000010 0.0000045 0.0000144 0.0000333 0.0000617 0.0000956 0.0001285 0.0003389
4.3473496 0.0000001 0.0000010 0.0000048 0.0000155 0.0000352 0.0000649 0.0000996 0.0001334 0.0003546
4.3674297 0.0000001 0.0000009 0.0000041 0.0000126 0.0000293 0.0000567 0.0000876 0.0001147 0.0003060
4.3875103 0.0000001 0.0000009 0.0000040 0.0000121 0.0000282 0.0000534 0.0000817 0.0001095 0.0002898
4.4075904 0.0000001 0.0000009 0.0000037 0.0000123 0.0000284 0.0000533 0.0000838 0.0001131 0.0002956
4.4276710 0.0000001 0.0000008 0.0000038 0.0000120 0.0000280 0.0000525 0.0000795 0.0001049 0.0002815
4.4477510 0.0000001 0.0000008 0.0000039 0.0000126 0.0000303 0.0000577 0.0000896 0.0001195 0.0003143
4.4678316 0.0000001 0.0000006 0.0000028 0.0000090 0.0000210 0.0000398 0.0000622 0.0000849 0.0002205
4.4879117 0.0000001 0.0000006 0.0000029 0.0000095 0.0000225 0.0000441 0.0000686 0.0000909 0.0002392
4.5079918 0.0000001 0.0000005 0.0000025 0.0000084 0.0000201 0.0000384 0.0000615 0.0000843 0.0002158
4.5280724 0.0000001 0.0000006 0.0000030 0.0000098 0.0000248 0.0000477 0.0000771 0.0001098 0.0002727
4.5481524 0.0000000 0.0000005 0.0000025 0.0000082 0.0000197 0.0000369 0.0000596 0.0000815 0.0002089
4.5682330 0.0000000 0.0000005 0.0000024 0.0000083 0.0000201 0.0000391 0.0000628 0.0000844 0.0002177
4.5883131 0.0000000 0.0000004 0.0000021 0.0000071 0.0000177 0.0000354 0.0000570 0.0000794 0.0001992
4.6083937 0.0000000 0.0000004 0.0000021 0.0000071 0.0000179 0.0000365 0.0000617 0.0000883 0.0002141
4.6284738 0.0000000 0.0000004 0.0000020 0.0000066 0.0000166 0.0000333 0.0000552 0.0000769 0.0001909
4.6485543 0.0000000 0.0000004 0.0000018 0.0000063 0.0000164 0.0000324 0.0000526 0.0000748 0.0001846
4.6686344 0.0000000 0.0000003 0.0000018 0.0000060 0.0000147 0.0000293 0.0000468 0.0000661 0.0001651
4.6887150 0.0000000 0.0000003 0.0000016 0.0000051 0.0000134 0.0000265 0.0000443 0.0000640 0.0001551
4.7087951 0.0000000 0.0000003 0.0000014 0.0000049 0.0000125 0.0000261 0.0000437 0.0000646 0.0001537
4.7288756 0.0000000 0.0000003 0.0000013 0.0000047 0.0000116 0.0000233 0.0000395 0.0000581 0.0001387
4.7489557 0.0000000 0.0000003 0.0000014 0.0000048 0.0000124 0.0000267 0.0000470 0.0000692 0.0001617
4.7690363 0.0000000 0.0000003 0.0000014 0.0000048 0.0000125 0.0000260 0.0000448 0.0000671 0.0001569
4.7891164 0.0000000 0.0000002 0.0000010 0.0000033 0.0000087 0.0000180 0.0000305 0.0000440 0.0001057
4.8091969 0.0000000 0.0000002 0.0000012 0.0000042 0.0000110 0.0000227 0.0000388 0.0000581 0.0001362
4.8292770 0.0000000 0.0000002 0.0000012 0.0000041 0.0000107 0.0000224 0.0000386 0.0000568 0.0001340
4.8493576 0.0000000 0.0000002 0.0000009 0.0000032 0.0000088 0.0000183 0.0000316 0.0000475 0.0001105
4.8694377 0.0000000 0.0000002 0.0000010 0.0000034 0.0000094 0.0000197 0.0000348 0.0000518 0.0001201
4.8895183 0.0000000 0.0000002 0.0000009 0.0000032 0.0000085 0.0000183 0.0000324 0.0000498 0.0001132
4.9095984 0.0000000 0.0000001 0.0000008 0.0000030 0.0000075 0.0000157 0.0000283 0.0000435 0.0000990
4.9296789 0.0000000 0.0000001 0.0000006 0.0000023 0.0000061 0.0000129 0.0000236 0.0000345 0.0000801
4.9497590 0.0000000 0.0000001 0.0000007 0.0000026 0.0000067 0.0000142 0.0000254 0.0000391 0.0000889
4.9698396 0.0000000 0.0000001 0.0000006 0.0000022 0.0000059 0.0000124 0.0000229 0.0000351 0.0000793
4.9899197 0.0000000 0.0000001 0.0000007 0.0000027 0.0000072 0.0000163 0.0000303 0.0000480 0.0001054
5.0100002 0.0000000 0.0000001 0.0000007 0.0000024 0.0000068 0.0000150 0.0000273 0.0000414 0.0000938
