-------- p=1.957 a=2.000 mu=-2.200 N=20000000 time=2017-02-23 07:05:08 --------
0.0100000 0.9596949 0.0014446 0.0000000 0.0000000 0.0000000 0.0000000 0.0000000 0.0000000 0.9611395
0.0300803 0.8836006 0.0068940 0.0000140 0.0000000 0.0000000 0.0000000 0.0000000 0.0000000 0.8905086
0.0501606 0.8135399 0.0135931 0.0001295 0.0000000 0.0000000 0.0000000 0.0000000 0.0000000 0.8272625
0.0702410 0.7490343 0.0209708 0.0003753 0.0000021 0.0000000 0.0000000 0.0000000 0.0000000 0.7703825
0.0903213 0.6896433 0.0278273 0.0006295 0.0000003 0.0000000 0.0000000 0.0000000 0.0000000 0.7181004
0.1104016 0.6349615 0.0347909 0.0010705 0.0000121 0.0000000 0.0000000 0.0000000 0.0000000 0.6708350
0.1304819 0.5846153 0.0412880 0.0013897 0.0000362 0.0000000 0.0000000 0.0000000 0.0000000 0.6273293
0.1505622 0.5382612 0.0467249 0.0021573 0.0000946 0.0000001 0.0000000 0.0000000 0.0000000 0.5872381
0.1706426 0.4955824 0.0518808 0.0028991 0.0000859 0.0000000 0.0000000 0.0000000 0.0000000 0.5504482
0.1907229 0.4562877 0.0563101 0.0034522 0.0002337 0.0000037 0.0000000 0.0000000 0.0000000 0.5162875
0.2108032 0.4201086 0.0602804 0.0045930 0.0001757 0.0000112 0.0000000 0.0000000 0.0000000 0.4851689
0.2308835 0.3867982 0.0634364 0.0055788 0.0003214 0.0000052 0.0000000 0.0000000 0.0000000 0.4561400
0.2509638 0.3561290 0.0662755 0.0061525 0.0003380 0.0000138 0.0000000 0.0000000 0.0000000 0.4289087
0.2710442 0.3278915 0.0682731 0.0070935 0.0004231 0.0000115 0.0000000 0.0000000 0.0000000 0.4036927
0.2911245 0.3018930 0.0696960 0.0081531 0.0005578 0.0000373 0.0000022 0.0000000 0.0000000 0.3803394
0.3112048 0.2779559 0.0707408 0.0091203 0.0007326 0.0000243 0.0000035 0.0000000 0.0000000 0.3585772
0.3312851 0.2559167 0.0713142 0.0099511 0.0010795 0.0000547 0.0000007 0.0000000 0.0000000 0.3383168
0.3513654 0.2356251 0.0717506 0.0110531 0.0011376 0.0000900 0.0000028 0.0000000 0.0000000 0.3196593
0.3714458 0.2169423 0.0711691 0.0120827 0.0014752 0.0001226 0.0000144 0.0000000 0.0000000 0.3018063
0.3915261 0.1997410 0.0711039 0.0130754 0.0016551 0.0001769 0.0000147 0.0000002 0.0000000 0.2857672
0.4116064 0.1839035 0.0703500 0.0132521 0.0018319 0.0001955 0.0000120 0.0000000 0.0000000 0.2695450
0.4316867 0.1693218 0.0693568 0.0145484 0.0021600 0.0002234 0.0000285 0.0000002 0.0000000 0.2556391
0.4517670 0.1558963 0.0680946 0.0154150 0.0024355 0.0002955 0.0000383 0.0000016 0.0000000 0.2421768
0.4718474 0.1435352 0.0664978 0.0160119 0.0025208 0.0003175 0.0000255 0.0000016 0.0000000 0.2289103
0.4919277 0.1321543 0.0649425 0.0163198 0.0028740 0.0004678 0.0000632 0.0000009 0.0000000 0.2168225
0.5120080 0.1216758 0.0635969 0.0172589 0.0030053 0.0004347 0.0000523 0.0000088 0.0000000 0.2060326
0.5320883 0.1120281 0.0617246 0.0170759 0.0031922 0.0004752 0.0000564 0.0000097 0.0000001 0.1945621
0.5521687 0.1031454 0.0597775 0.0173657 0.0036269 0.0005122 0.0000518 0.0000085 0.0000001 0.1844882
0.5722489 0.0949670 0.0581163 0.0183266 0.0039620 0.0006172 0.0000669 0.0000153 0.0000019 0.1760732
0.5923293 0.0874371 0.0560169 0.0187101 0.0041307 0.0005587 0.0000927 0.0000056 0.0000001 0.1669518
0.6124096 0.0805042 0.0542246 0.0188674 0.0044427 0.0008601 0.0001680 0.0000330 0.0000001 0.1591000
0.6324899 0.0741210 0.0524149 0.0189475 0.0047490 0.0009001 0.0001525 0.0000245 0.0000003 0.1513098
0.6525702 0.0682439 0.0504942 0.0186926 0.0049172 0.0009480 0.0001441 0.0000353 0.0000004 0.1434759
0.6726506 0.0628329 0.0484635 0.0191499 0.0053175 0.0011299 0.0002180 0.0000386 0.0000017 0.1371520
0.6927309 0.0578509 0.0464113 0.0190729 0.0052068 0.0011020 0.0001757 0.0000100 0.0000094 0.1298390
0.7128112 0.0532639 0.0446980 0.0192249 0.0057299 0.0012738 0.0001624 0.0000374 0.0000029 0.1243931
0.7328916 0.0490406 0.0427962 0.0192135 0.0057245 0.0013074 0.0002381 0.0000503 0.0000086 0.1183791
0.7529718 0.0451521 0.0409145 0.0185372 0.0059592 0.0015948 0.0002732 0.0000273 0.0000021 0.1124605
0.7730522 0.0415720 0.0391843 0.0187359 0.0059711 0.0015096 0.0002712 0.0000303 0.0000072 0.1072816
0.7931325 0.0382758 0.0373003 0.0184730 0.0063835 0.0016235 0.0003241 0.0000481 0.0000065 0.1024348
0.8132128 0.0352409 0.0358525 0.0187371 0.0065240 0.0017313 0.0003634 0.0000781 0.0000103 0.0985375
0.8332931 0.0324466 0.0341534 0.0178314 0.0065595 0.0019040 0.0004043 0.0001231 0.0000191 0.0934414
0.8533735 0.0298739 0.0324260 0.0178955 0.0067544 0.0018900 0.0004107 0.0000663 0.0000102 0.0893271
0.8734538 0.0275052 0.0308764 0.0173494 0.0068378 0.0020996 0.0004909 0.0001155 0.0000245 0.0852993
0.8935341 0.0253243 0.0294597 0.0171645 0.0070553 0.0021886 0.0005738 0.0001257 0.0000268 0.0819189
0.9136144 0.0233164 0.0279150 0.0167552 0.0070551 0.0022489 0.0006684 0.0001475 0.0000161 0.0781225
0.9336947 0.0214676 0.0266286 0.0166116 0.0071618 0.0023543 0.0005470 0.0001320 0.0000177 0.0749206
0.9537750 0.0197655 0.0252651 0.0160094 0.0070677 0.0022722 0.0006778 0.0001522 0.0000217 0.0712317
0.9738554 0.0181982 0.0239790 0.0157715 0.0070216 0.0023830 0.0006801 0.0001492 0.0000251 0.0682077
0.9939357 0.0167553 0.0227105 0.0154059 0.0070876 0.0024548 0.0007431 0.0001765 0.0000342 0.0653680
1.0140160 0.0154268 0.0216233 0.0149762 0.0071666 0.0025955 0.0008027 0.0001965 0.0000453 0.0628328
1.0340964 0.0142036 0.0204957 0.0147534 0.0071952 0.0027158 0.0008394 0.0001897 0.0000372 0.0604300
1.0541767 0.0130774 0.0193585 0.0140064 0.0070183 0.0026830 0.0007950 0.0001736 0.0000390 0.0571511
1.0742570 0.0120405 0.0183416 0.0137108 0.0071859 0.0027401 0.0008706 0.0002480 0.0000527 0.0551903
1.0943373 0.0110858 0.0173914 0.0135955 0.0073377 0.0031021 0.0010220 0.0002769 0.0000527 0.0538642
1.1144177 0.0102068 0.0163818 0.0130652 0.0070011 0.0028144 0.0008992 0.0002764 0.0000723 0.0507171
1.1344979 0.0093975 0.0154993 0.0126101 0.0071534 0.0030649 0.0010081 0.0002678 0.0000893 0.0490904
1.1545782 0.0086524 0.0145995 0.0121082 0.0069018 0.0031679 0.0012250 0.0003674 0.0000808 0.0471029
1.1746585 0.0079663 0.0138697 0.0118889 0.0069318 0.0031672 0.0011654 0.0003835 0.0001072 0.0454799
1.1947389 0.0073347 0.0130105 0.0112889 0.0068610 0.0032009 0.0011973 0.0003471 0.0000694 0.0433097
1.2148192 0.0067531 0.0123388 0.0110470 0.0069249 0.0032307 0.0012612 0.0004511 0.0001474 0.0421541
1.2348995 0.0062177 0.0115721 0.0105874 0.0065559 0.0030892 0.0011138 0.0003984 0.0001087 0.0396431
1.2549798 0.0057247 0.0109297 0.0103118 0.0067622 0.0033189 0.0013010 0.0004402 0.0001229 0.0389113
1.2750602 0.0052707 0.0103183 0.0098622 0.0064583 0.0032053 0.0012913 0.0004459 0.0001461 0.0369982
1.2951405 0.0048528 0.0096818 0.0094835 0.0064912 0.0033264 0.0013500 0.0004991 0.0001292 0.0358140
1.3152208 0.0044680 0.0091476 0.0090516 0.0062129 0.0033003 0.0014484 0.0004917 0.0001658 0.0342864
1.3353012 0.0041138 0.0086409 0.0087228 0.0062026 0.0033753 0.0014825 0.0005437 0.0001647 0.0332463
1.3553815 0.0037876 0.0080948 0.0083203 0.0059480 0.0032114 0.0014266 0.0005225 0.0001432 0.0314544
1.3754618 0.0034873 0.0076527 0.0081161 0.0058770 0.0032274 0.0014067 0.0005333 0.0001595 0.0304599
1.3955421 0.0032108 0.0072158 0.0078625 0.0058872 0.0033238 0.0015394 0.0005754 0.0001715 0.0297864
1.4156225 0.0029562 0.0067282 0.0074538 0.0056977 0.0032864 0.0014989 0.0005583 0.0001844 0.0283640
1.4357028 0.0027218 0.0063295 0.0070440 0.0054792 0.0031834 0.0014456 0.0005682 0.0001623 0.0269339
1.4557831 0.0025060 0.0059425 0.0068492 0.0053515 0.0031372 0.0015256 0.0006155 0.0002151 0.0261426
1.4758633 0.0023073 0.0055764 0.0065194 0.0053124 0.0032180 0.0016312 0.0006611 0.0002499 0.0254757
1.4959437 0.0021243 0.0052338 0.0062068 0.0050208 0.0031039 0.0016125 0.0006265 0.0002170 0.0241456
1.5160240 0.0019559 0.0049514 0.0059237 0.0049178 0.0031789 0.0016037 0.0006870 0.0002562 0.0234747
1.5361043 0.0018008 0.0046291 0.0057784 0.0048693 0.0031059 0.0016064 0.0006768 0.0002548 0.0227215
1.5561846 0.0016580 0.0043483 0.0054467 0.0047120 0.0031078 0.0016712 0.0007177 0.0002879 0.0219497
1.5762650 0.0015266 0.0040682 0.0052379 0.0045268 0.0030015 0.0015394 0.0006762 0.0002537 0.0208302
1.5963453 0.0014055 0.0038359 0.0050075 0.0044155 0.0030122 0.0016793 0.0007976 0.0002929 0.0204465
1.6164256 0.0012941 0.0035743 0.0046983 0.0042810 0.0029610 0.0016051 0.0007490 0.0002927 0.0194554
1.6365060 0.0011915 0.0033563 0.0045455 0.0042135 0.0029364 0.0017057 0.0008087 0.0003089 0.0190663
1.6565863 0.0010970 0.0031513 0.0043724 0.0040872 0.0028888 0.0016261 0.0007310 0.0002957 0.0182495
1.6766666 0.0010100 0.0029435 0.0040290 0.0038364 0.0027610 0.0015880 0.0007346 0.0002807 0.0171834
1.6967469 0.0009299 0.0027643 0.0038976 0.0037297 0.0027292 0.0016135 0.0007935 0.0003170 0.0167748
1.7168273 0.0008562 0.0025689 0.0037282 0.0036104 0.0026567 0.0016093 0.0007852 0.0003668 0.0161816
1.7369076 0.0007883 0.0024072 0.0034841 0.0034592 0.0026255 0.0016246 0.0008648 0.0003725 0.0156263
1.7569879 0.0007258 0.0022866 0.0033986 0.0034671 0.0026692 0.0016045 0.0008233 0.0003768 0.0153518
1.7770681 0.0006683 0.0021173 0.0031892 0.0032853 0.0025706 0.0015908 0.0008707 0.0004017 0.0146939
1.7971485 0.0006153 0.0019805 0.0030337 0.0032003 0.0025903 0.0016262 0.0008691 0.0003977 0.0143130
1.8172288 0.0005665 0.0018779 0.0029214 0.0030984 0.0024950 0.0016247 0.0009323 0.0004150 0.0139312
1.8373091 0.0005216 0.0017457 0.0027369 0.0029859 0.0024369 0.0015941 0.0008489 0.0004395 0.0133094
1.8573895 0.0004802 0.0016293 0.0025755 0.0027641 0.0022762 0.0015057 0.0008485 0.0004066 0.0124862
1.8774698 0.0004421 0.0015312 0.0024723 0.0027595 0.0023163 0.0016213 0.0009423 0.0004626 0.0125476
1.8975501 0.0004071 0.0014344 0.0023420 0.0026306 0.0022741 0.0015682 0.0009227 0.0004980 0.0120772
1.9176304 0.0003748 0.0013339 0.0022705 0.0025212 0.0022073 0.0015340 0.0009067 0.0004508 0.0115993
1.9377108 0.0003451 0.0012432 0.0020863 0.0024124 0.0021267 0.0015636 0.0009505 0.0004819 0.0112097
1.9577911 0.0003177 0.0011644 0.0019630 0.0023117 0.0020440 0.0014356 0.0008506 0.0004901 0.0105773
1.9778714 0.0002925 0.0010950 0.0019368 0.0023127 0.0020907 0.0014587 0.0008688 0.0004356 0.0104908
1.9979517 0.0002693 0.0010213 0.0017858 0.0021694 0.0019218 0.0013885 0.0008386 0.0004480 0.0098427
2.0180321 0.0002480 0.0009476 0.0017166 0.0020674 0.0019443 0.0014503 0.0009034 0.0004768 0.0097545
2.0381124 0.0002283 0.0008879 0.0016094 0.0019677 0.0018434 0.0014052 0.0008742 0.0004612 0.0092772
2.0581927 0.0002102 0.0008234 0.0015274 0.0019120 0.0018050 0.0013897 0.0008977 0.0004959 0.0090613
2.0782731 0.0001935 0.0007818 0.0014518 0.0018692 0.0017971 0.0014066 0.0009025 0.0004588 0.0088614
2.0983534 0.0001782 0.0007099 0.0013465 0.0017461 0.0016649 0.0013210 0.0008401 0.0004445 0.0082512
2.1184337 0.0001641 0.0006726 0.0012932 0.0016793 0.0017090 0.0013409 0.0009057 0.0005092 0.0082740
2.1385140 0.0001511 0.0006334 0.0012274 0.0016125 0.0015788 0.0012610 0.0008558 0.0004899 0.0078099
2.1585944 0.0001391 0.0005924 0.0011549 0.0015544 0.0015770 0.0012746 0.0008731 0.0005169 0.0076824
2.1786747 0.0001281 0.0005479 0.0010958 0.0014904 0.0014925 0.0012114 0.0008356 0.0004744 0.0072760
2.1987550 0.0001179 0.0005162 0.0010450 0.0014526 0.0015062 0.0012461 0.0008433 0.0004893 0.0072166
2.2188354 0.0001086 0.0004805 0.0009736 0.0013472 0.0014150 0.0011723 0.0008142 0.0004686 0.0067799
2.2389157 0.0000999 0.0004455 0.0009244 0.0012943 0.0013858 0.0011602 0.0008205 0.0004722 0.0066027
2.2589958 0.0000920 0.0004143 0.0008656 0.0012403 0.0013384 0.0011490 0.0008370 0.0005235 0.0064601
2.2790761 0.0000847 0.0003871 0.0008259 0.0011719 0.0013184 0.0011935 0.0008773 0.0005445 0.0064033
2.2991564 0.0000780 0.0003647 0.0007842 0.0011319 0.0012306 0.0010714 0.0007783 0.0004795 0.0059187
2.3192368 0.0000718 0.0003393 0.0007365 0.0010652 0.0012102 0.0010509 0.0007792 0.0004802 0.0057334
2.3393171 0.0000661 0.0003100 0.0006941 0.0010292 0.0011302 0.0010219 0.0007666 0.0004856 0.0055037
2.3593974 0.0000609 0.0002978 0.0006640 0.0009878 0.0010918 0.0010108 0.0007605 0.0004835 0.0053571
2.3794777 0.0000561 0.0002765 0.0006307 0.0009527 0.0011128 0.0009915 0.0007592 0.0004952 0.0052747
2.3995581 0.0000516 0.0002566 0.0005716 0.0008871 0.0010514 0.0009860 0.0007458 0.0005103 0.0050604
2.4196384 0.0000475 0.0002403 0.0005657 0.0008424 0.0009877 0.0008901 0.0006812 0.0004543 0.0047092
2.4397187 0.0000438 0.0002260 0.0005271 0.0008335 0.0009936 0.0009246 0.0007269 0.0004730 0.0047485
2.4597991 0.0000403 0.0002114 0.0004891 0.0007750 0.0009310 0.0009009 0.0007032 0.0004710 0.0045219
2.4798794 0.0000371 0.0001946 0.0004647 0.0007431 0.0008914 0.0008385 0.0006786 0.0004747 0.0043228
2.4999597 0.0000341 0.0001815 0.0004335 0.0007083 0.0008518 0.0008251 0.0006442 0.0004574 0.0041361
2.5200400 0.0000314 0.0001672 0.0004078 0.0006614 0.0008381 0.0008126 0.0006612 0.0004706 0.0040503
2.5401204 0.0000289 0.0001538 0.0003802 0.0006333 0.0007617 0.0007587 0.0006261 0.0004535 0.0037963
2.5602007 0.0000267 0.0001455 0.0003602 0.0006096 0.0007761 0.0007805 0.0006597 0.0004605 0.0038189
2.5802810 0.0000245 0.0001333 0.0003464 0.0005852 0.0007311 0.0007467 0.0006212 0.0004589 0.0036473
2.6003613 0.0000226 0.0001253 0.0003222 0.0005439 0.0006981 0.0007145 0.0006120 0.0004436 0.0034821
2.6204417 0.0000208 0.0001168 0.0003001 0.0005139 0.0006631 0.0006876 0.0005984 0.0004446 0.0033453
2.6405220 0.0000192 0.0001107 0.0002897 0.0005064 0.0006731 0.0006985 0.0006140 0.0004460 0.0033576
2.6606023 0.0000176 0.0001037 0.0002737 0.0004836 0.0006282 0.0006464 0.0005509 0.0004350 0.0031391
2.6806827 0.0000162 0.0000978 0.0002601 0.0004599 0.0006098 0.0006444 0.0005739 0.0004250 0.0030870
2.7007630 0.0000149 0.0000903 0.0002430 0.0004328 0.0005705 0.0006123 0.0005405 0.0004076 0.0029119
2.7208433 0.0000138 0.0000840 0.0002236 0.0004074 0.0005454 0.0005728 0.0005233 0.0004124 0.0027826
2.7409236 0.0000127 0.0000785 0.0002156 0.0003879 0.0005307 0.0005774 0.0005168 0.0003938 0.0027134
2.7610040 0.0000117 0.0000717 0.0002046 0.0003782 0.0005281 0.0005745 0.0005183 0.0004109 0.0026981
2.7810843 0.0000107 0.0000672 0.0001854 0.0003432 0.0004729 0.0005312 0.0004954 0.0004032 0.0025093
2.8011646 0.0000099 0.0000622 0.0001749 0.0003355 0.0004708 0.0005165 0.0004845 0.0003975 0.0024519
2.8212450 0.0000091 0.0000582 0.0001688 0.0003211 0.0004584 0.0005184 0.0004831 0.0004020 0.0024191
2.8413253 0.0000084 0.0000546 0.0001602 0.0003064 0.0004296 0.0004974 0.0004796 0.0003821 0.0023183
2.8614056 0.0000077 0.0000494 0.0001417 0.0002729 0.0003839 0.0004366 0.0004209 0.0003354 0.0020485
2.8814859 0.0000071 0.0000464 0.0001367 0.0002652 0.0003857 0.0004626 0.0004422 0.0003701 0.0021160
2.9015663 0.0000065 0.0000437 0.0001249 0.0002500 0.0003640 0.0004284 0.0004200 0.0003394 0.0019769
2.9216464 0.0000060 0.0000405 0.0001203 0.0002401 0.0003562 0.0004139 0.0004140 0.0003560 0.0019470
2.9417267 0.0000055 0.0000368 0.0001117 0.0002243 0.0003269 0.0003841 0.0003727 0.0003252 0.0017874
2.9618070 0.0000051 0.0000343 0.0001028 0.0002084 0.0003152 0.0003803 0.0003689 0.0003232 0.0017383
2.9818873 0.0000047 0.0000326 0.0001003 0.0002051 0.0003183 0.0003900 0.0003921 0.0003400 0.0017831
3.0019677 0.0000043 0.0000300 0.0000920 0.0001874 0.0002912 0.0003516 0.0003615 0.0003157 0.0016337
3.0220480 0.0000040 0.0000286 0.0000909 0.0001885 0.0002812 0.0003453 0.0003561 0.0003209 0.0016155
3.0421283 0.0000037 0.0000270 0.0000863 0.0001829 0.0002844 0.0003569 0.0003765 0.0003407 0.0016584
3.0622087 0.0000034 0.0000242 0.0000745 0.0001564 0.0002511 0.0003198 0.0003412 0.0003100 0.0014805
3.0822890 0.0000031 0.0000237 0.0000798 0.0001668 0.0002633 0.0003356 0.0003628 0.0003301 0.0015652
3.1023693 0.0000029 0.0000207 0.0000677 0.0001438 0.0002322 0.0002995 0.0003234 0.0002905 0.0013806
3.1224496 0.0000026 0.0000197 0.0000632 0.0001360 0.0002200 0.0002915 0.0003172 0.0002914 0.0013416
3.1425300 0.0000024 0.0000179 0.0000589 0.0001278 0.0002131 0.0002756 0.0002942 0.0002610 0.0012511
3.1626103 0.0000022 0.0000168 0.0000563 0.0001266 0.0002083 0.0002747 0.0003029 0.0002735 0.0012614
3.1826906 0.0000021 0.0000160 0.0000531 0.0001200 0.0001998 0.0002642 0.0002920 0.0002776 0.0012248
3.2027709 0.0000019 0.0000142 0.0000479 0.0001084 0.0001790 0.0002405 0.0002640 0.0002497 0.0011055
3.2228513 0.0000017 0.0000134 0.0000453 0.0001005 0.0001710 0.0002294 0.0002622 0.0002473 0.0010708
3.2429316 0.0000016 0.0000129 0.0000466 0.0001057 0.0001805 0.0002531 0.0002836 0.0002737 0.0011578
3.2630119 0.0000015 0.0000119 0.0000397 0.0000914 0.0001582 0.0002178 0.0002430 0.0002384 0.0010018
3.2830923 0.0000014 0.0000105 0.0000365 0.0000866 0.0001517 0.0002115 0.0002374 0.0002312 0.0009667
3.3031726 0.0000013 0.0000101 0.0000356 0.0000853 0.0001509 0.0002095 0.0002433 0.0002389 0.0009749
3.3232529 0.0000012 0.0000093 0.0000334 0.0000792 0.0001398 0.0001946 0.0002200 0.0002165 0.0008939
3.3433332 0.0000011 0.0000086 0.0000314 0.0000753 0.0001332 0.0001851 0.0002217 0.0002207 0.0008770
3.3634136 0.0000010 0.0000085 0.0000315 0.0000743 0.0001298 0.0001872 0.0002195 0.0002154 0.0008673
3.3834939 0.0000009 0.0000076 0.0000267 0.0000633 0.0001143 0.0001607 0.0001914 0.0001983 0.0007632
3.4035742 0.0000008 0.0000075 0.0000280 0.0000687 0.0001231 0.0001775 0.0002077 0.0002122 0.0008255
3.4236546 0.0000008 0.0000067 0.0000269 0.0000665 0.0001204 0.0001749 0.0002063 0.0002075 0.0008100
3.4437349 0.0000007 0.0000062 0.0000235 0.0000596 0.0001107 0.0001593 0.0001907 0.0001978 0.0007485
3.4638152 0.0000006 0.0000055 0.0000206 0.0000516 0.0000977 0.0001439 0.0001747 0.0001857 0.0006802
3.4838955 0.0000006 0.0000052 0.0000200 0.0000516 0.0000964 0.0001403 0.0001718 0.0001743 0.0006602
3.5039759 0.0000005 0.0000048 0.0000182 0.0000457 0.0000845 0.0001232 0.0001495 0.0001546 0.0005811
3.5240562 0.0000005 0.0000046 0.0000182 0.0000461 0.0000880 0.0001352 0.0001684 0.0001802 0.0006413
3.5441363 0.0000005 0.0000041 0.0000161 0.0000406 0.0000787 0.0001172 0.0001467 0.0001558 0.0005597
3.5642166 0.0000004 0.0000038 0.0000152 0.0000400 0.0000768 0.0001247 0.0001587 0.0001700 0.0005896
3.5842969 0.0000004 0.0000036 0.0000146 0.0000384 0.0000752 0.0001151 0.0001486 0.0001652 0.0005611
3.6043773 0.0000004 0.0000033 0.0000133 0.0000348 0.0000660 0.0001009 0.0001273 0.0001397 0.0004856
3.6244576 0.0000003 0.0000029 0.0000115 0.0000312 0.0000639 0.0001023 0.0001318 0.0001461 0.0004901
3.6445379 0.0000003 0.0000028 0.0000115 0.0000314 0.0000636 0.0001006 0.0001343 0.0001531 0.0004977
3.6646183 0.0000003 0.0000025 0.0000104 0.0000278 0.0000555 0.0000893 0.0001124 0.0001246 0.0004229
3.6846986 0.0000003 0.0000026 0.0000111 0.0000302 0.0000596 0.0000962 0.0001256 0.0001361 0.0004616
3.7047789 0.0000002 0.0000023 0.0000098 0.0000274 0.0000551 0.0000910 0.0001212 0.0001417 0.0004487
3.7248592 0.0000002 0.0000021 0.0000090 0.0000242 0.0000489 0.0000805 0.0001096 0.0001279 0.0004023
3.7449396 0.0000002 0.0000021 0.0000087 0.0000246 0.0000505 0.0000817 0.0001106 0.0001245 0.0004028
3.7650199 0.0000002 0.0000017 0.0000071 0.0000192 0.0000385 0.0000622 0.0000831 0.0000955 0.0003076
3.7851002 0.0000002 0.0000018 0.0000078 0.0000220 0.0000450 0.0000742 0.0001024 0.0001207 0.0003740
3.8051805 0.0000002 0.0000017 0.0000074 0.0000205 0.0000433 0.0000733 0.0001023 0.0001215 0.0003701
3.8252609 0.0000001 0.0000015 0.0000065 0.0000190 0.0000397 0.0000650 0.0000885 0.0001048 0.0003253
3.8453412 0.0000001 0.0000014 0.0000062 0.0000174 0.0000364 0.0000599 0.0000835 0.0001005 0.0003054
3.8654215 0.0000001 0.0000012 0.0000051 0.0000147 0.0000310 0.0000531 0.0000751 0.0000897 0.0002700
3.8855019 0.0000001 0.0000012 0.0000057 0.0000155 0.0000330 0.0000555 0.0000760 0.0000897 0.0002768
3.9055822 0.0000001 0.0000011 0.0000053 0.0000155 0.0000335 0.0000572 0.0000810 0.0000980 0.0002917
3.9256625 0.0000001 0.0000011 0.0000050 0.0000146 0.0000314 0.0000537 0.0000746 0.0000912 0.0002717
3.9457428 0.0000001 0.0000010 0.0000042 0.0000127 0.0000272 0.0000455 0.0000647 0.0000800 0.0002353
3.9658232 0.0000001 0.0000008 0.0000036 0.0000110 0.0000235 0.0000410 0.0000594 0.0000732 0.0002126
3.9859035 0.0000001 0.0000008 0.0000038 0.0000111 0.0000241 0.0000411 0.0000590 0.0000751 0.0002150
4.0059838 0.0000001 0.0000008 0.0000034 0.0000100 0.0000213 0.0000358 0.0000517 0.0000626 0.0001857
4.0260644 0.0000001 0.0000007 0.0000031 0.0000095 0.0000212 0.0000378 0.0000551 0.0000685 0.0001959
4.0461445 0.0000001 0.0000007 0.0000030 0.0000091 0.0000201 0.0000353 0.0000502 0.0000637 0.0001821
4.0662251 0.0000001 0.0000006 0.0000029 0.0000092 0.0000208 0.0000368 0.0000546 0.0000671 0.0001921
4.0863051 0.0000001 0.0000006 0.0000028 0.0000090 0.0000206 0.0000370 0.0000550 0.0000702 0.0001953
4.1063857 0.0000000 0.0000005 0.0000024 0.0000070 0.0000156 0.0000284 0.0000425 0.0000547 0.0001511
4.1264658 0.0000000 0.0000006 0.0000028 0.0000082 0.0000185 0.0000331 0.0000491 0.0000622 0.0001744
4.1465464 0.0000000 0.0000004 0.0000021 0.0000068 0.0000158 0.0000293 0.0000450 0.0000593 0.0001588
4.1666265 0.0000000 0.0000004 0.0000019 0.0000060 0.0000140 0.0000268 0.0000413 0.0000535 0.0001439
4.1867070 0.0000000 0.0000004 0.0000022 0.0000070 0.0000162 0.0000305 0.0000452 0.0000602 0.0001617
4.2067871 0.0000000 0.0000004 0.0000018 0.0000060 0.0000142 0.0000270 0.0000415 0.0000542 0.0001451
4.2268677 0.0000000 0.0000004 0.0000018 0.0000059 0.0000140 0.0000255 0.0000392 0.0000512 0.0001379
4.2469478 0.0000000 0.0000003 0.0000017 0.0000055 0.0000122 0.0000223 0.0000333 0.0000444 0.0001198
4.2670283 0.0000000 0.0000003 0.0000014 0.0000046 0.0000112 0.0000207 0.0000318 0.0000421 0.0001121
4.2871084 0.0000000 0.0000003 0.0000014 0.0000046 0.0000115 0.0000221 0.0000353 0.0000477 0.0001230
4.3071890 0.0000000 0.0000002 0.0000012 0.0000038 0.0000090 0.0000170 0.0000273 0.0000363 0.0000948
4.3272691 0.0000000 0.0000002 0.0000013 0.0000042 0.0000105 0.0000207 0.0000333 0.0000450 0.0001152
4.3473496 0.0000000 0.0000002 0.0000012 0.0000040 0.0000099 0.0000188 0.0000299 0.0000414 0.0001055
4.3674297 0.0000000 0.0000002 0.0000010 0.0000034 0.0000083 0.0000163 0.0000266 0.0000360 0.0000919
4.3875103 0.0000000 0.0000002 0.0000010 0.0000034 0.0000082 0.0000156 0.0000248 0.0000340 0.0000872
4.4075904 0.0000000 0.0000002 0.0000010 0.0000036 0.0000089 0.0000169 0.0000266 0.0000358 0.0000930
4.4276710 0.0000000 0.0000002 0.0000008 0.0000027 0.0000066 0.0000133 0.0000213 0.0000292 0.0000741
4.4477510 0.0000000 0.0000002 0.0000008 0.0000028 0.0000072 0.0000147 0.0000249 0.0000357 0.0000862
4.4678316 0.0000000 0.0000001 0.0000008 0.0000025 0.0000062 0.0000122 0.0000202 0.0000284 0.0000704
4.4879117 0.0000000 0.0000001 0.0000007 0.0000026 0.0000068 0.0000135 0.0000223 0.0000310 0.0000771
4.5079918 0.0000000 0.0000001 0.0000006 0.0000022 0.0000057 0.0000115 0.0000192 0.0000271 0.0000664
4.5280724 0.0000000 0.0000001 0.0000007 0.0000024 0.0000058 0.0000117 0.0000194 0.0000272 0.0000673
4.5481524 0.0000000 0.0000001 0.0000007 0.0000026 0.0000068 0.0000139 0.0000231 0.0000336 0.0000808
4.5682330 0.0000000 0.0000001 0.0000005 0.0000020 0.0000053 0.0000107 0.0000183 0.0000272 0.0000642
4.5883131 0.0000000 0.0000001 0.0000004 0.0000016 0.0000043 0.0000087 0.0000145 0.0000209 0.0000505
4.6083937 0.0000000 0.0000001 0.0000004 0.0000016 0.0000041 0.0000085 0.0000148 0.0000216 0.0000511
4.6284738 0.0000000 0.0000001 0.0000004 0.0000015 0.0000041 0.0000088 0.0000155 0.0000232 0.0000536
4.6485543 0.0000000 0.0000001 0.0000005 0.0000020 0.0000052 0.0000106 0.0000177 0.0000260 0.0000621
4.6686344 0.0000000 0.0000001 0.0000004 0.0000015 0.0000041 0.0000087 0.0000156 0.0000231 0.0000536
4.6887150 0.0000000 0.0000001 0.0000004 0.0000015 0.0000041 0.0000088 0.0000158 0.0000240 0.0000547
4.7087951 0.0000000 0.0000001 0.0000004 0.0000014 0.0000040 0.0000090 0.0000160 0.0000239 0.0000547
4.7288756 0.0000000 0.0000001 0.0000003 0.0000011 0.0000029 0.0000062 0.0000109 0.0000165 0.0000379
4.7489557 0.0000000 0.0000001 0.0000003 0.0000011 0.0000029 0.0000064 0.0000114 0.0000171 0.0000393
4.7690363 0.0000000 0.0000001 0.0000003 0.0000013 0.0000036 0.0000078 0.0000141 0.0000214 0.0000485
4.7891164 0.0000000 0.0000000 0.0000002 0.0000008 0.0000022 0.0000047 0.0000085 0.0000129 0.0000294
4.8091969 0.0000000 0.0000000 0.0000002 0.0000009 0.0000025 0.0000055 0.0000099 0.0000147 0.0000338
4.8292770 0.0000000 0.0000000 0.0000003 0.0000010 0.0000028 0.0000060 0.0000106 0.0000165 0.0000373
4.8493576 0.0000000 0.0000000 0.0000002 0.0000008 0.0000022 0.0000048 0.0000089 0.0000141 0.0000310
4.8694377 0.0000000 0.0000000 0.0000002 0.0000008 0.0000022 0.0000049 0.0000087 0.0000132 0.0000300
4.8895183 0.0000000 0.0000000 0.0000002 0.0000006 0.0000017 0.0000038 0.0000070 0.0000112 0.0000245
4.9095984 0.0000000 0.0000000 0.0000002 0.0000006 0.0000017 0.0000038 0.0000073 0.0000115 0.0000252
4.9296789 0.0000000 0.0000000 0.0000002 0.0000006 0.0000019 0.0000045 0.0000085 0.0000131 0.0000288
4.9497590 0.0000000 0.0000000 0.0000002 0.0000007 0.0000022 0.0000050 0.0000094 0.0000145 0.0000320
4.9698396 0.0000000 0.0000000 0.0000001 0.0000006 0.0000018 0.0000043 0.0000080 0.0000131 0.0000280
4.9899197 0.0000000 0.0000000 0.0000001 0.0000005 0.0000014 0.0000033 0.0000061 0.0000097 0.0000212
5.0100002 0.0000000 0.0000000 0.0000001 0.0000005 0.0000016 0.0000038 0.0000075 0.0000118 0.0000254
