-------- p=1.522 a=2.000 mu=-2.200 N=20000000 time=2017-02-23 07:05:08 --------
0.0100000 0.9669790 0.0014179 0.0000131 0.0000000 0.0000000 0.0000000 0.0000000 0.0000000 0.9684101
0.0300803 0.9039285 0.0071144 0.0000166 0.0000000 0.0000000 0.0000000 0.0000000 0.0000000 0.9110594
0.0501606 0.8449890 0.0141033 0.0001327 0.0000000 0.0000000 0.0000000 0.0000000 0.0000000 0.8592250
0.0702410 0.7898926 0.0219924 0.0003278 0.0000004 0.0000000 0.0000000 0.0000000 0.0000000 0.8122133
0.0903213 0.7383887 0.0299519 0.0006633 0.0000148 0.0000000 0.0000000 0.0000000 0.0000000 0.7690187
0.1104016 0.6902431 0.0376163 0.0010976 0.0000115 0.0000000 0.0000000 0.0000000 0.0000000 0.7289684
0.1304819 0.6452367 0.0448099 0.0016677 0.0000402 0.0000000 0.0000000 0.0000000 0.0000000 0.6917544
0.1505622 0.6031649 0.0520532 0.0021624 0.0000231 0.0000001 0.0000000 0.0000000 0.0000000 0.6574036
0.1706426 0.5638363 0.0586421 0.0030250 0.0001088 0.0000000 0.0000000 0.0000000 0.0000000 0.6256122
0.1907229 0.5270721 0.0645320 0.0037230 0.0001824 0.0000009 0.0000000 0.0000000 0.0000000 0.5955104
0.2108032 0.4927051 0.0700130 0.0048771 0.0002341 0.0000037 0.0000000 0.0000000 0.0000000 0.5678330
0.2308835 0.4605789 0.0746333 0.0060524 0.0002989 0.0000001 0.0000000 0.0000000 0.0000000 0.5415637
0.2509638 0.4305475 0.0789893 0.0073233 0.0005528 0.0000322 0.0000001 0.0000000 0.0000000 0.5174451
0.2710442 0.4024742 0.0826872 0.0087342 0.0005857 0.0000177 0.0000000 0.0000000 0.0000000 0.4944990
0.2911245 0.3762314 0.0857007 0.0099033 0.0008141 0.0000332 0.0000000 0.0000000 0.0000000 0.4726828
0.3112048 0.3516998 0.0885255 0.0108280 0.0008171 0.0000254 0.0000001 0.0000000 0.0000000 0.4518960
0.3312851 0.3287676 0.0904446 0.0129219 0.0012762 0.0000803 0.0000233 0.0000002 0.0000000 0.4335141
0.3513654 0.3073308 0.0918941 0.0137137 0.0014676 0.0001148 0.0000002 0.0000000 0.0000000 0.4145212
0.3714458 0.2872917 0.0930555 0.0153110 0.0017720 0.0001081 0.0000069 0.0000000 0.0000000 0.3975452
0.3915261 0.2685592 0.0942484 0.0166227 0.0018890 0.0002613 0.0000101 0.0000001 0.0000000 0.3815907
0.4116064 0.2510482 0.0944003 0.0186861 0.0024119 0.0002103 0.0000106 0.0000000 0.0000000 0.3667674
0.4316867 0.2346789 0.0942535 0.0196603 0.0028203 0.0003317 0.0000116 0.0000000 0.0000000 0.3517563
0.4517670 0.2193770 0.0942534 0.0201953 0.0030605 0.0002708 0.0000028 0.0000005 0.0000000 0.3371603
0.4718474 0.2050728 0.0936747 0.0219002 0.0036208 0.0004493 0.0000168 0.0000001 0.0000000 0.3247347
0.4919277 0.1917013 0.0929741 0.0228988 0.0040029 0.0005130 0.0000260 0.0000017 0.0000000 0.3121177
0.5120080 0.1792017 0.0914453 0.0239705 0.0042684 0.0005309 0.0000406 0.0000302 0.0000001 0.2994876
0.5320883 0.1675170 0.0905851 0.0248738 0.0047965 0.0006717 0.0000788 0.0000033 0.0000000 0.2885262
0.5521687 0.1565943 0.0892750 0.0260802 0.0051458 0.0008312 0.0000663 0.0000141 0.0000000 0.2780068
0.5722489 0.1463838 0.0877241 0.0265174 0.0054773 0.0008365 0.0001668 0.0000062 0.0000000 0.2671122
0.5923293 0.1368391 0.0863092 0.0276421 0.0061831 0.0010026 0.0001134 0.0000104 0.0000001 0.2580999
0.6124096 0.1279166 0.0843239 0.0283004 0.0067592 0.0010978 0.0001770 0.0000198 0.0000008 0.2485956
0.6324899 0.1195760 0.0823838 0.0290373 0.0070466 0.0012982 0.0001688 0.0000240 0.0000021 0.2395367
0.6525702 0.1117792 0.0802959 0.0294352 0.0074719 0.0015468 0.0002707 0.0000394 0.0000002 0.2308393
0.6726506 0.1044908 0.0785513 0.0308922 0.0077620 0.0016916 0.0002521 0.0000161 0.0000012 0.2236572
0.6927309 0.0976776 0.0767017 0.0307801 0.0084785 0.0017180 0.0003040 0.0000214 0.0000001 0.2156813
0.7128112 0.0913087 0.0747181 0.0306511 0.0084903 0.0019018 0.0004022 0.0000286 0.0000007 0.2075015
0.7328916 0.0853550 0.0726531 0.0317033 0.0094025 0.0019666 0.0003846 0.0000601 0.0000034 0.2015286
0.7529718 0.0797896 0.0703503 0.0320969 0.0099136 0.0025788 0.0004491 0.0000545 0.0000041 0.1952369
0.7730522 0.0745870 0.0683648 0.0317075 0.0104997 0.0025846 0.0004748 0.0000687 0.0000061 0.1882932
0.7931325 0.0697236 0.0660878 0.0318029 0.0106488 0.0025358 0.0005701 0.0000820 0.0000088 0.1814599
0.8132128 0.0651774 0.0640429 0.0322034 0.0110621 0.0026439 0.0005465 0.0001428 0.0000155 0.1758345
0.8332931 0.0609276 0.0620812 0.0316343 0.0110978 0.0026938 0.0005664 0.0001246 0.0000933 0.1692188
0.8533735 0.0569549 0.0601724 0.0317822 0.0114304 0.0029708 0.0005376 0.0000997 0.0000038 0.1639518
0.8734538 0.0532412 0.0578772 0.0316486 0.0121177 0.0034655 0.0008383 0.0001279 0.0000048 0.1593212
0.8935341 0.0497697 0.0558835 0.0315600 0.0125220 0.0038162 0.0009065 0.0001676 0.0000213 0.1546468
0.9136144 0.0465245 0.0539470 0.0312909 0.0125668 0.0039022 0.0009816 0.0002054 0.0000448 0.1494632
0.9336947 0.0434910 0.0520033 0.0309404 0.0126909 0.0038826 0.0010396 0.0002354 0.0000338 0.1443171
0.9537750 0.0406552 0.0499717 0.0312181 0.0130006 0.0042916 0.0011061 0.0002652 0.0001067 0.1406151
0.9738554 0.0380043 0.0482649 0.0308056 0.0134001 0.0045446 0.0013950 0.0002680 0.0000682 0.1367507
0.9939357 0.0355263 0.0464674 0.0303882 0.0136449 0.0048246 0.0014544 0.0004628 0.0001104 0.1328789
1.0140160 0.0332099 0.0444024 0.0301972 0.0135282 0.0048463 0.0014297 0.0003419 0.0000929 0.1280486
1.0340964 0.0310444 0.0428842 0.0297117 0.0139221 0.0052783 0.0015860 0.0003953 0.0000757 0.1248977
1.0541767 0.0290202 0.0409470 0.0291454 0.0142187 0.0053858 0.0016875 0.0003819 0.0001238 0.1209104
1.0742570 0.0271280 0.0395369 0.0286531 0.0144082 0.0055312 0.0018806 0.0004569 0.0001167 0.1177116
1.0943373 0.0253592 0.0377210 0.0283296 0.0146202 0.0058713 0.0017703 0.0004592 0.0000521 0.1141827
1.1144177 0.0237057 0.0363444 0.0279893 0.0146063 0.0057378 0.0019213 0.0005531 0.0001318 0.1109896
1.1344979 0.0221600 0.0347109 0.0271055 0.0149991 0.0061238 0.0020938 0.0005353 0.0001541 0.1078825
1.1545782 0.0207151 0.0333207 0.0266956 0.0151022 0.0062331 0.0020619 0.0004723 0.0001229 0.1047237
1.1746585 0.0193644 0.0319130 0.0264842 0.0148856 0.0065662 0.0023063 0.0007392 0.0001885 0.1024474
1.1947389 0.0181017 0.0304689 0.0254804 0.0147313 0.0064449 0.0021406 0.0005695 0.0001436 0.0980809
1.2148192 0.0169214 0.0292904 0.0252276 0.0152032 0.0069337 0.0025282 0.0007583 0.0001465 0.0970093
1.2348995 0.0158181 0.0279414 0.0244482 0.0150342 0.0071211 0.0027042 0.0009182 0.0002240 0.0942094
1.2549798 0.0147867 0.0267385 0.0241515 0.0148145 0.0070400 0.0025868 0.0007962 0.0002116 0.0911260
1.2750602 0.0138225 0.0254126 0.0231173 0.0147630 0.0070436 0.0026673 0.0009105 0.0002753 0.0880121
1.2951405 0.0129213 0.0244530 0.0228767 0.0147084 0.0072666 0.0029281 0.0008901 0.0002424 0.0862865
1.3152208 0.0120787 0.0232958 0.0223296 0.0149192 0.0074547 0.0031118 0.0011247 0.0004192 0.0847338
1.3353012 0.0112912 0.0222588 0.0216809 0.0145472 0.0073260 0.0029888 0.0010383 0.0002251 0.0813565
1.3553815 0.0105549 0.0211525 0.0210048 0.0143748 0.0073407 0.0029627 0.0010906 0.0003153 0.0787963
1.3754618 0.0098667 0.0202659 0.0206289 0.0142976 0.0076423 0.0033236 0.0012694 0.0003551 0.0776497
1.3955421 0.0092234 0.0192925 0.0197616 0.0141707 0.0074990 0.0032900 0.0012452 0.0002993 0.0747818
1.4156225 0.0086220 0.0184471 0.0195535 0.0140683 0.0078827 0.0037523 0.0015346 0.0004401 0.0743006
1.4357028 0.0080598 0.0175818 0.0189909 0.0139294 0.0077355 0.0035559 0.0014357 0.0004813 0.0717702
1.4557831 0.0075343 0.0166706 0.0180679 0.0134510 0.0076371 0.0036144 0.0014121 0.0004845 0.0688720
1.4758633 0.0070430 0.0158797 0.0175711 0.0133776 0.0077552 0.0035508 0.0013747 0.0004785 0.0670306
1.4959437 0.0065838 0.0151489 0.0171422 0.0131999 0.0078177 0.0038423 0.0016052 0.0005907 0.0659308
1.5160240 0.0061545 0.0144370 0.0166921 0.0132576 0.0078795 0.0038578 0.0015752 0.0005642 0.0644179
1.5361043 0.0057532 0.0137483 0.0161303 0.0127771 0.0079790 0.0039651 0.0016309 0.0005417 0.0625255
1.5561846 0.0053781 0.0130275 0.0155652 0.0130652 0.0081952 0.0039446 0.0016386 0.0005158 0.0613303
1.5762650 0.0050274 0.0124002 0.0153403 0.0126695 0.0081512 0.0042524 0.0019630 0.0007508 0.0605547
1.5963453 0.0046996 0.0118940 0.0144997 0.0122075 0.0077569 0.0039978 0.0017301 0.0006592 0.0574448
1.6164256 0.0043932 0.0112578 0.0142073 0.0122701 0.0079116 0.0042381 0.0019292 0.0007171 0.0569243
1.6365060 0.0041067 0.0106419 0.0137504 0.0120162 0.0079944 0.0042573 0.0019171 0.0007055 0.0553896
1.6565863 0.0038389 0.0101497 0.0132725 0.0120019 0.0080322 0.0045477 0.0020184 0.0008337 0.0546951
1.6766666 0.0035886 0.0096116 0.0125982 0.0114791 0.0079908 0.0044366 0.0021303 0.0008869 0.0527221
1.6967469 0.0033546 0.0092346 0.0124484 0.0113950 0.0080252 0.0044550 0.0020111 0.0007818 0.0517059
1.7168273 0.0031359 0.0087200 0.0118763 0.0108830 0.0077234 0.0044383 0.0021524 0.0008869 0.0498162
1.7369076 0.0029314 0.0082710 0.0114152 0.0107439 0.0078663 0.0045699 0.0021856 0.0009765 0.0489599
1.7569879 0.0027403 0.0079078 0.0110174 0.0105005 0.0075699 0.0043992 0.0021479 0.0008900 0.0471729
1.7770681 0.0025616 0.0074597 0.0108162 0.0106902 0.0078063 0.0047407 0.0023541 0.0011220 0.0475509
1.7971485 0.0023946 0.0070894 0.0101689 0.0102251 0.0075869 0.0046499 0.0023622 0.0009457 0.0454227
1.8172288 0.0022384 0.0067626 0.0098765 0.0098177 0.0074801 0.0045170 0.0023357 0.0010090 0.0440371
1.8373091 0.0020925 0.0064032 0.0094380 0.0096701 0.0074696 0.0047264 0.0023984 0.0011055 0.0433036
1.8573895 0.0019561 0.0060372 0.0092729 0.0094620 0.0073494 0.0047108 0.0026472 0.0012773 0.0427128
1.8774698 0.0018285 0.0057615 0.0085875 0.0090127 0.0071819 0.0044828 0.0023453 0.0010918 0.0402920
1.8975501 0.0017093 0.0054049 0.0082283 0.0087812 0.0069258 0.0043441 0.0023902 0.0010838 0.0388675
1.9176304 0.0015978 0.0051422 0.0081914 0.0087558 0.0071794 0.0046873 0.0026721 0.0012740 0.0395000
1.9377108 0.0014937 0.0048864 0.0078535 0.0084508 0.0069605 0.0046600 0.0025878 0.0012606 0.0381532
1.9577911 0.0013963 0.0046102 0.0074301 0.0081838 0.0068465 0.0045952 0.0024351 0.0011875 0.0366848
1.9778714 0.0013052 0.0044032 0.0071743 0.0079233 0.0066921 0.0046921 0.0027218 0.0013969 0.0363089
1.9979517 0.0012201 0.0041637 0.0069313 0.0077238 0.0066220 0.0045455 0.0026542 0.0012753 0.0351361
2.0180321 0.0011406 0.0039283 0.0066744 0.0074914 0.0065752 0.0047272 0.0029596 0.0015737 0.0350704
2.0381124 0.0010662 0.0036856 0.0062846 0.0072855 0.0064091 0.0045256 0.0027470 0.0013427 0.0333464
2.0581927 0.0009967 0.0035530 0.0060317 0.0070416 0.0060606 0.0044555 0.0026770 0.0014339 0.0322501
2.0782731 0.0009317 0.0033451 0.0057609 0.0068732 0.0061858 0.0044979 0.0026890 0.0014635 0.0317470
2.0983534 0.0008709 0.0031834 0.0056331 0.0067258 0.0061458 0.0045905 0.0027793 0.0015066 0.0314355
2.1184337 0.0008141 0.0029858 0.0054589 0.0066338 0.0060884 0.0045352 0.0026997 0.0014085 0.0306245
2.1385140 0.0007611 0.0028329 0.0051349 0.0062120 0.0057298 0.0043229 0.0027882 0.0014981 0.0292799
2.1585944 0.0007114 0.0026906 0.0049160 0.0060186 0.0056078 0.0041368 0.0027314 0.0014553 0.0282679
2.1786747 0.0006650 0.0025187 0.0047480 0.0059885 0.0056960 0.0043459 0.0029571 0.0018118 0.0287309
2.1987550 0.0006217 0.0024289 0.0044133 0.0056892 0.0055308 0.0043423 0.0028488 0.0016014 0.0274764
2.2188354 0.0005811 0.0022847 0.0043400 0.0055698 0.0055249 0.0044963 0.0030910 0.0018192 0.0277070
2.2389157 0.0005433 0.0021639 0.0041823 0.0054385 0.0053339 0.0042380 0.0028311 0.0015083 0.0262393
2.2589958 0.0005078 0.0020565 0.0039702 0.0051631 0.0051290 0.0040835 0.0028086 0.0016007 0.0253194
2.2790761 0.0004747 0.0019009 0.0037329 0.0050140 0.0049156 0.0040659 0.0027940 0.0015174 0.0244154
2.2991564 0.0004438 0.0018253 0.0035655 0.0047956 0.0049437 0.0040817 0.0028632 0.0016318 0.0241506
2.3192368 0.0004148 0.0017061 0.0033907 0.0046450 0.0047504 0.0039604 0.0028076 0.0016189 0.0232939
2.3393171 0.0003878 0.0016264 0.0032890 0.0045444 0.0047681 0.0039243 0.0028729 0.0017088 0.0231215
2.3593974 0.0003625 0.0015592 0.0031147 0.0043695 0.0047010 0.0040751 0.0029114 0.0017623 0.0228556
2.3794777 0.0003389 0.0014361 0.0029744 0.0041743 0.0045239 0.0039102 0.0028515 0.0018794 0.0220887
2.3995581 0.0003168 0.0013708 0.0028938 0.0041061 0.0044684 0.0039032 0.0029606 0.0017890 0.0218086
2.4196384 0.0002961 0.0013147 0.0027595 0.0039878 0.0042610 0.0036442 0.0026522 0.0016376 0.0205531
2.4397187 0.0002768 0.0012433 0.0026756 0.0039527 0.0043146 0.0037203 0.0027135 0.0017936 0.0206905
2.4597991 0.0002588 0.0011595 0.0024248 0.0035119 0.0039803 0.0034474 0.0027038 0.0017924 0.0192789
2.4798794 0.0002419 0.0010997 0.0023783 0.0035082 0.0038484 0.0034980 0.0026841 0.0016790 0.0189375
2.4999597 0.0002261 0.0010600 0.0022539 0.0033792 0.0037642 0.0034089 0.0025797 0.0017120 0.0183840
2.5200400 0.0002114 0.0009839 0.0021651 0.0032837 0.0036856 0.0034198 0.0027080 0.0019307 0.0183883
2.5401204 0.0001976 0.0009268 0.0021029 0.0031953 0.0036947 0.0034887 0.0026520 0.0018850 0.0181430
2.5602007 0.0001847 0.0008731 0.0019585 0.0030344 0.0035169 0.0032829 0.0025996 0.0017330 0.0171832
2.5802810 0.0001727 0.0008294 0.0019002 0.0028966 0.0034021 0.0032524 0.0026071 0.0018332 0.0168937
2.6003613 0.0001614 0.0007809 0.0017843 0.0028331 0.0034039 0.0032909 0.0026298 0.0018218 0.0167061
2.6204417 0.0001509 0.0007395 0.0017642 0.0027849 0.0032715 0.0031855 0.0025781 0.0018754 0.0163499
2.6405220 0.0001410 0.0006912 0.0016490 0.0025977 0.0031373 0.0031187 0.0026372 0.0017729 0.0157451
2.6606023 0.0001318 0.0006497 0.0015609 0.0025176 0.0030719 0.0030031 0.0025099 0.0017604 0.0152052
2.6806827 0.0001232 0.0006242 0.0014775 0.0024516 0.0030382 0.0030661 0.0025659 0.0017841 0.0151308
2.7007630 0.0001152 0.0005935 0.0014168 0.0023528 0.0028566 0.0028616 0.0024929 0.0018379 0.0145273
2.7208433 0.0001077 0.0005507 0.0013513 0.0022118 0.0027244 0.0027299 0.0023555 0.0017287 0.0137601
2.7409236 0.0001007 0.0005212 0.0012666 0.0021262 0.0027403 0.0027526 0.0023517 0.0017379 0.0135970
2.7610040 0.0000941 0.0004922 0.0011878 0.0020353 0.0026528 0.0026681 0.0023471 0.0017540 0.0132313
2.7810843 0.0000880 0.0004626 0.0011850 0.0020081 0.0025672 0.0026761 0.0023330 0.0018029 0.0131229
2.8011646 0.0000822 0.0004337 0.0010957 0.0019271 0.0025161 0.0026447 0.0022905 0.0017763 0.0127662
2.8212450 0.0000769 0.0004197 0.0010624 0.0018579 0.0024529 0.0026029 0.0024008 0.0018461 0.0127196
2.8413253 0.0000719 0.0003835 0.0010082 0.0017847 0.0023758 0.0024583 0.0021873 0.0017165 0.0119860
2.8614056 0.0000672 0.0003732 0.0009949 0.0017673 0.0024102 0.0025885 0.0023741 0.0017838 0.0123592
2.8814859 0.0000628 0.0003515 0.0009311 0.0016113 0.0021975 0.0024059 0.0021619 0.0016873 0.0114092
2.9015663 0.0000587 0.0003256 0.0008492 0.0015402 0.0020676 0.0023073 0.0021606 0.0017692 0.0110783
2.9216464 0.0000549 0.0003036 0.0008235 0.0015250 0.0020874 0.0023107 0.0020925 0.0016802 0.0108776
2.9417267 0.0000513 0.0002786 0.0007530 0.0014039 0.0018910 0.0021301 0.0019882 0.0016490 0.0101450
2.9618070 0.0000480 0.0002724 0.0007311 0.0013541 0.0018855 0.0021139 0.0020086 0.0016463 0.0100599
2.9818873 0.0000448 0.0002580 0.0007047 0.0013161 0.0018881 0.0021370 0.0020542 0.0017907 0.0101936
3.0019677 0.0000419 0.0002362 0.0006546 0.0011823 0.0016886 0.0019479 0.0018389 0.0015168 0.0091073
3.0220480 0.0000392 0.0002307 0.0006554 0.0012301 0.0017821 0.0020848 0.0020718 0.0017856 0.0098797
3.0421283 0.0000366 0.0002193 0.0006081 0.0011640 0.0016777 0.0019284 0.0018361 0.0015201 0.0089903
3.0622087 0.0000342 0.0002081 0.0005871 0.0011336 0.0016799 0.0019746 0.0018770 0.0015506 0.0090451
3.0822890 0.0000320 0.0001955 0.0005483 0.0010482 0.0015851 0.0018722 0.0018655 0.0015482 0.0086950
3.1023693 0.0000299 0.0001814 0.0005126 0.0009890 0.0014751 0.0017306 0.0017664 0.0015234 0.0082084
3.1224496 0.0000280 0.0001741 0.0004955 0.0009699 0.0014421 0.0017389 0.0017886 0.0015896 0.0082268
3.1425300 0.0000261 0.0001615 0.0004658 0.0009179 0.0013473 0.0016290 0.0016668 0.0013969 0.0076112
3.1626103 0.0000244 0.0001543 0.0004684 0.0009449 0.0014054 0.0016899 0.0016865 0.0014988 0.0078726
3.1826906 0.0000228 0.0001400 0.0004223 0.0008493 0.0012535 0.0015577 0.0015845 0.0014499 0.0072801
3.2027709 0.0000214 0.0001368 0.0004061 0.0008360 0.0012645 0.0015458 0.0015865 0.0014341 0.0072312
3.2228513 0.0000200 0.0001317 0.0003844 0.0007960 0.0012478 0.0015588 0.0015904 0.0014163 0.0071453
3.2429316 0.0000187 0.0001168 0.0003425 0.0007068 0.0011126 0.0013968 0.0014905 0.0013878 0.0065726
3.2630119 0.0000174 0.0001155 0.0003524 0.0007294 0.0011196 0.0013825 0.0014272 0.0012805 0.0064244
3.2830923 0.0000163 0.0001045 0.0003130 0.0006530 0.0010167 0.0012721 0.0013682 0.0012721 0.0060159
3.3031726 0.0000152 0.0001009 0.0003143 0.0006384 0.0010312 0.0012999 0.0014594 0.0013985 0.0062579
3.3232529 0.0000142 0.0000964 0.0003053 0.0006549 0.0010828 0.0014327 0.0015872 0.0014551 0.0066286
3.3433332 0.0000133 0.0000883 0.0002803 0.0005839 0.0009429 0.0012322 0.0013389 0.0012553 0.0057351
3.3634136 0.0000124 0.0000800 0.0002539 0.0005570 0.0009015 0.0012114 0.0013083 0.0012581 0.0055827
3.3834939 0.0000116 0.0000781 0.0002635 0.0005420 0.0009019 0.0011891 0.0013045 0.0012525 0.0055433
3.4035742 0.0000109 0.0000778 0.0002508 0.0005391 0.0008793 0.0011618 0.0012851 0.0012212 0.0054261
3.4236546 0.0000102 0.0000694 0.0002286 0.0004833 0.0008120 0.0010844 0.0012194 0.0011930 0.0051001
3.4437349 0.0000095 0.0000659 0.0002097 0.0004667 0.0007958 0.0010429 0.0011909 0.0011369 0.0049183
3.4638152 0.0000089 0.0000622 0.0001942 0.0004375 0.0007359 0.0010003 0.0011585 0.0011416 0.0047391
3.4838955 0.0000083 0.0000575 0.0001917 0.0004418 0.0007374 0.0010251 0.0011769 0.0012047 0.0048435
3.5039759 0.0000078 0.0000565 0.0001897 0.0004244 0.0007184 0.0009963 0.0011474 0.0011353 0.0046757
3.5240562 0.0000073 0.0000544 0.0001770 0.0004105 0.0007237 0.0009815 0.0011451 0.0011117 0.0046112
3.5441363 0.0000068 0.0000508 0.0001723 0.0003936 0.0006830 0.0009425 0.0011025 0.0011211 0.0044725
3.5642166 0.0000063 0.0000440 0.0001535 0.0003571 0.0006092 0.0008617 0.0009998 0.0010127 0.0040445
3.5842969 0.0000059 0.0000436 0.0001518 0.0003491 0.0006145 0.0008865 0.0010335 0.0010760 0.0041610
3.6043773 0.0000055 0.0000395 0.0001338 0.0003138 0.0005473 0.0007868 0.0009457 0.0010024 0.0037749
3.6244576 0.0000052 0.0000394 0.0001402 0.0003264 0.0005904 0.0008252 0.0009882 0.0010134 0.0039285
3.6445379 0.0000048 0.0000364 0.0001286 0.0002956 0.0005324 0.0007717 0.0009243 0.0009747 0.0036685
3.6646183 0.0000045 0.0000331 0.0001155 0.0002801 0.0004962 0.0007062 0.0008692 0.0009058 0.0034107
3.6846986 0.0000042 0.0000327 0.0001150 0.0002806 0.0005245 0.0007857 0.0009723 0.0010091 0.0037241
3.7047789 0.0000040 0.0000311 0.0001104 0.0002639 0.0004872 0.0007047 0.0008541 0.0008953 0.0033507
3.7248592 0.0000037 0.0000285 0.0001057 0.0002539 0.0004656 0.0006992 0.0008862 0.0009528 0.0033957
3.7449396 0.0000035 0.0000271 0.0000985 0.0002375 0.0004504 0.0006730 0.0008731 0.0009462 0.0033092
3.7650199 0.0000032 0.0000265 0.0001024 0.0002478 0.0004607 0.0006851 0.0008602 0.0009371 0.0033231
3.7851002 0.0000030 0.0000228 0.0000859 0.0002116 0.0004005 0.0006035 0.0007333 0.0007894 0.0028500
3.8051805 0.0000028 0.0000213 0.0000790 0.0001889 0.0003512 0.0005408 0.0007001 0.0007619 0.0026461
3.8252609 0.0000026 0.0000210 0.0000757 0.0001976 0.0003735 0.0005919 0.0007694 0.0008419 0.0028736
3.8453412 0.0000025 0.0000197 0.0000735 0.0001933 0.0003618 0.0005489 0.0007051 0.0008019 0.0027066
3.8654215 0.0000023 0.0000194 0.0000749 0.0001888 0.0003617 0.0005514 0.0007050 0.0007827 0.0026862
3.8855019 0.0000022 0.0000180 0.0000677 0.0001736 0.0003339 0.0005204 0.0006722 0.0007552 0.0025432
3.9055822 0.0000020 0.0000170 0.0000637 0.0001629 0.0003246 0.0004976 0.0006594 0.0007375 0.0024647
3.9256625 0.0000019 0.0000152 0.0000568 0.0001465 0.0002958 0.0004647 0.0006183 0.0007162 0.0023154
3.9457428 0.0000018 0.0000146 0.0000537 0.0001459 0.0002748 0.0004425 0.0005798 0.0006620 0.0021752
3.9658232 0.0000016 0.0000128 0.0000467 0.0001262 0.0002477 0.0003815 0.0005053 0.0005738 0.0018958
3.9859035 0.0000015 0.0000122 0.0000483 0.0001317 0.0002649 0.0004188 0.0005722 0.0006861 0.0021357
4.0059838 0.0000014 0.0000127 0.0000470 0.0001242 0.0002499 0.0004060 0.0005387 0.0006377 0.0020176
4.0260644 0.0000013 0.0000112 0.0000436 0.0001160 0.0002291 0.0003758 0.0005041 0.0005920 0.0018731
4.0461445 0.0000013 0.0000106 0.0000444 0.0001199 0.0002459 0.0003908 0.0005295 0.0006195 0.0019617
4.0662251 0.0000012 0.0000103 0.0000417 0.0001116 0.0002231 0.0003648 0.0005093 0.0005886 0.0018506
4.0863051 0.0000011 0.0000094 0.0000380 0.0001050 0.0002131 0.0003532 0.0004832 0.0005766 0.0017796
4.1063857 0.0000010 0.0000089 0.0000364 0.0001005 0.0002034 0.0003422 0.0004848 0.0005720 0.0017493
4.1264658 0.0000010 0.0000083 0.0000326 0.0000914 0.0001919 0.0003210 0.0004500 0.0005480 0.0016442
4.1465464 0.0000009 0.0000085 0.0000344 0.0000930 0.0001921 0.0003187 0.0004443 0.0005320 0.0016239
4.1666265 0.0000008 0.0000072 0.0000295 0.0000819 0.0001682 0.0002911 0.0003999 0.0004759 0.0014546
4.1867070 0.0000008 0.0000073 0.0000311 0.0000878 0.0001836 0.0003048 0.0004252 0.0005210 0.0015615
4.2067871 0.0000007 0.0000069 0.0000290 0.0000783 0.0001579 0.0002624 0.0003735 0.0004476 0.0013563
4.2268677 0.0000007 0.0000059 0.0000256 0.0000724 0.0001467 0.0002482 0.0003578 0.0004374 0.0012948
4.2469478 0.0000006 0.0000057 0.0000239 0.0000696 0.0001478 0.0002580 0.0003736 0.0004601 0.0013394
4.2670283 0.0000006 0.0000054 0.0000217 0.0000644 0.0001383 0.0002323 0.0003341 0.0004166 0.0012134
4.2871084 0.0000006 0.0000052 0.0000229 0.0000667 0.0001458 0.0002528 0.0003576 0.0004543 0.0013060
4.3071890 0.0000005 0.0000050 0.0000214 0.0000615 0.0001315 0.0002363 0.0003417 0.0004199 0.0012178
4.3272691 0.0000005 0.0000043 0.0000181 0.0000509 0.0001112 0.0002018 0.0002984 0.0003738 0.0010591
4.3473496 0.0000005 0.0000046 0.0000195 0.0000575 0.0001223 0.0002163 0.0003127 0.0003848 0.0011180
4.3674297 0.0000004 0.0000041 0.0000170 0.0000509 0.0001146 0.0002039 0.0003028 0.0003800 0.0010738
4.3875103 0.0000004 0.0000039 0.0000174 0.0000513 0.0001131 0.0001986 0.0003007 0.0003817 0.0010671
4.4075904 0.0000004 0.0000034 0.0000150 0.0000443 0.0001008 0.0001799 0.0002774 0.0003644 0.0009854
4.4276710 0.0000003 0.0000034 0.0000156 0.0000469 0.0001093 0.0002013 0.0003038 0.0004054 0.0010860
4.4477510 0.0000003 0.0000031 0.0000152 0.0000447 0.0001000 0.0001789 0.0002681 0.0003547 0.0009651
4.4678316 0.0000003 0.0000030 0.0000139 0.0000425 0.0000958 0.0001765 0.0002636 0.0003453 0.0009410
4.4879117 0.0000003 0.0000027 0.0000116 0.0000351 0.0000803 0.0001483 0.0002353 0.0003142 0.0008278
4.5079918 0.0000003 0.0000027 0.0000122 0.0000358 0.0000816 0.0001525 0.0002378 0.0003222 0.0008451
4.5280724 0.0000002 0.0000025 0.0000111 0.0000351 0.0000805 0.0001486 0.0002312 0.0003100 0.0008193
4.5481524 0.0000002 0.0000023 0.0000105 0.0000322 0.0000772 0.0001488 0.0002331 0.0003086 0.0008130
4.5682330 0.0000002 0.0000022 0.0000105 0.0000318 0.0000736 0.0001363 0.0002198 0.0003032 0.0007777
4.5883131 0.0000002 0.0000018 0.0000085 0.0000299 0.0000700 0.0001313 0.0002031 0.0002705 0.0007153
4.6083937 0.0000002 0.0000021 0.0000096 0.0000303 0.0000725 0.0001346 0.0002171 0.0002977 0.0007641
4.6284738 0.0000002 0.0000019 0.0000093 0.0000315 0.0000738 0.0001432 0.0002306 0.0003117 0.0008022
4.6485543 0.0000002 0.0000018 0.0000080 0.0000257 0.0000600 0.0001149 0.0001790 0.0002417 0.0006313
4.6686344 0.0000002 0.0000015 0.0000068 0.0000220 0.0000536 0.0001049 0.0001691 0.0002321 0.0005903
4.6887150 0.0000001 0.0000015 0.0000064 0.0000206 0.0000496 0.0000977 0.0001587 0.0002249 0.0005595
4.7087951 0.0000001 0.0000015 0.0000067 0.0000217 0.0000511 0.0000975 0.0001560 0.0002162 0.0005508
4.7288756 0.0000001 0.0000015 0.0000076 0.0000230 0.0000562 0.0001072 0.0001752 0.0002482 0.0006191
4.7489557 0.0000001 0.0000014 0.0000063 0.0000207 0.0000501 0.0000954 0.0001548 0.0002175 0.0005465
4.7690363 0.0000001 0.0000012 0.0000055 0.0000186 0.0000447 0.0000856 0.0001393 0.0001930 0.0004879
4.7891164 0.0000001 0.0000010 0.0000052 0.0000170 0.0000428 0.0000850 0.0001415 0.0001949 0.0004876
4.8091969 0.0000001 0.0000010 0.0000048 0.0000153 0.0000357 0.0000723 0.0001216 0.0001727 0.0004234
4.8292770 0.0000001 0.0000010 0.0000048 0.0000158 0.0000386 0.0000804 0.0001332 0.0001863 0.0004601
4.8493576 0.0000001 0.0000009 0.0000041 0.0000137 0.0000351 0.0000699 0.0001169 0.0001663 0.0004068
4.8694377 0.0000001 0.0000008 0.0000044 0.0000137 0.0000345 0.0000685 0.0001142 0.0001652 0.0004013
4.8895183 0.0000001 0.0000008 0.0000039 0.0000131 0.0000336 0.0000680 0.0001165 0.0001734 0.0004093
4.9095984 0.0000001 0.0000007 0.0000038 0.0000136 0.0000352 0.0000731 0.0001225 0.0001769 0.0004258
4.9296789 0.0000001 0.0000008 0.0000044 0.0000147 0.0000395 0.0000828 0.0001467 0.0002194 0.0005083
4.9497590 0.0000001 0.0000007 0.0000038 0.0000131 0.0000334 0.0000682 0.0001151 0.0001704 0.0004047
4.9698396 0.0000001 0.0000006 0.0000030 0.0000100 0.0000265 0.0000536 0.0000921 0.0001369 0.0003227
4.9899197 0.0000001 0.0000005 0.0000028 0.0000096 0.0000251 0.0000515 0.0000903 0.0001283 0.0003082
5.0100002 0.0000000 0.0000006 0.0000029 0.0000102 0.0000261 0.0000537 0.0000962 0.0001468 0.0003366
