-------- p=1.087 a=2.000 mu=-2.200 N=20000000 time=2017-02-23 07:05:08 --------
0.0100000 0.9724784 0.0014751 0.0000095 0.0000000 0.0000000 0.0000000 0.0000000 0.0000000 0.9739630
0.0300803 0.9194807 0.0071708 0.0000396 0.0000000 0.0000000 0.0000000 0.0000000 0.0000000 0.9266911
0.0501606 0.8693711 0.0147192 0.0000876 0.0000066 0.0000000 0.0000000 0.0000000 0.0000000 0.8841846
0.0702410 0.8219925 0.0226850 0.0003545 0.0000003 0.0000000 0.0000000 0.0000000 0.0000000 0.8450323
0.0903213 0.7771958 0.0312549 0.0006419 0.0000008 0.0000000 0.0000000 0.0000000 0.0000000 0.8090933
0.1104016 0.7348405 0.0396238 0.0009671 0.0000148 0.0000000 0.0000000 0.0000000 0.0000000 0.7754462
0.1304819 0.6947934 0.0484175 0.0017154 0.0000407 0.0000000 0.0000000 0.0000000 0.0000000 0.7449671
0.1505622 0.6569288 0.0563283 0.0024164 0.0000938 0.0000144 0.0000000 0.0000000 0.0000000 0.7157816
0.1706426 0.6211277 0.0643306 0.0032290 0.0001064 0.0000012 0.0000000 0.0000000 0.0000000 0.6887950
0.1907229 0.5872777 0.0712533 0.0044516 0.0002063 0.0000002 0.0000000 0.0000000 0.0000000 0.6631890
0.2108032 0.5552725 0.0785898 0.0053607 0.0002805 0.0000359 0.0000000 0.0000000 0.0000000 0.6395394
0.2308835 0.5250114 0.0845081 0.0072848 0.0004147 0.0000113 0.0000000 0.0000000 0.0000000 0.6172304
0.2509638 0.4963996 0.0905712 0.0084089 0.0004768 0.0000234 0.0000000 0.0000000 0.0000000 0.5958800
0.2710442 0.4693469 0.0954752 0.0101257 0.0006346 0.0000160 0.0000000 0.0000000 0.0000000 0.5755984
0.2911245 0.4437687 0.1000929 0.0111961 0.0008462 0.0000490 0.0000002 0.0000000 0.0000000 0.5559530
0.3112048 0.4195843 0.1045701 0.0133695 0.0010271 0.0000363 0.0000001 0.0000000 0.0000000 0.5385875
0.3312851 0.3967179 0.1078855 0.0149975 0.0013647 0.0001181 0.0000189 0.0000005 0.0000000 0.5211032
0.3513654 0.3750977 0.1111595 0.0164420 0.0016817 0.0000621 0.0000058 0.0000003 0.0000000 0.5044491
0.3714458 0.3546558 0.1139303 0.0186507 0.0020116 0.0001125 0.0000045 0.0000000 0.0000000 0.4893654
0.3915261 0.3353279 0.1160918 0.0197567 0.0025545 0.0002573 0.0000026 0.0000000 0.0000000 0.4739909
0.4116064 0.3170533 0.1179757 0.0216514 0.0028637 0.0003210 0.0000515 0.0000032 0.0000000 0.4599199
0.4316867 0.2997747 0.1192168 0.0247670 0.0033643 0.0003161 0.0000342 0.0000023 0.0000000 0.4474753
0.4517670 0.2834377 0.1202464 0.0260822 0.0037847 0.0004558 0.0000365 0.0000074 0.0000000 0.4340506
0.4718474 0.2679910 0.1210412 0.0285558 0.0044787 0.0006926 0.0001044 0.0000006 0.0000000 0.4228643
0.4919277 0.2533861 0.1213892 0.0293020 0.0049313 0.0005949 0.0000559 0.0000003 0.0000000 0.4096598
0.5120080 0.2395771 0.1216870 0.0317667 0.0055165 0.0007554 0.0001366 0.0000112 0.0000001 0.3994506
0.5320883 0.2265207 0.1209539 0.0330319 0.0059041 0.0009352 0.0000784 0.0000003 0.0000000 0.3874246
0.5521687 0.2141759 0.1204277 0.0346841 0.0069053 0.0009902 0.0000792 0.0000017 0.0000000 0.3772640
0.5722489 0.2025038 0.1197608 0.0359325 0.0073039 0.0012305 0.0001055 0.0000006 0.0000000 0.3668377
0.5923293 0.1914679 0.1189428 0.0374738 0.0078963 0.0012925 0.0001456 0.0000015 0.0000000 0.3572203
0.6124096 0.1810333 0.1177708 0.0393922 0.0082905 0.0013732 0.0003079 0.0000252 0.0000002 0.3481932
0.6324899 0.1711674 0.1167477 0.0411732 0.0099000 0.0017709 0.0001700 0.0000077 0.0000000 0.3409370
0.6525702 0.1618392 0.1152340 0.0413520 0.0101135 0.0020079 0.0004134 0.0000292 0.0000042 0.3309934
0.6726506 0.1530193 0.1136884 0.0431462 0.0112457 0.0020199 0.0002742 0.0000801 0.0000074 0.3234812
0.6927309 0.1446801 0.1118409 0.0438814 0.0116196 0.0022998 0.0003931 0.0001329 0.0000068 0.3148546
0.7128112 0.1367954 0.1098318 0.0448693 0.0121633 0.0024670 0.0003986 0.0000430 0.0000024 0.3065706
0.7328916 0.1293404 0.1077854 0.0449923 0.0131803 0.0028094 0.0005706 0.0000712 0.0000341 0.2987836
0.7529718 0.1222916 0.1059241 0.0469218 0.0141321 0.0032086 0.0005023 0.0000617 0.0000026 0.2930447
0.7730522 0.1156270 0.1037910 0.0471785 0.0145769 0.0031502 0.0005068 0.0000879 0.0000070 0.2849253
0.7931325 0.1093256 0.1017921 0.0482666 0.0151478 0.0037022 0.0007071 0.0000898 0.0000095 0.2790408
0.8132128 0.1033676 0.0996094 0.0485192 0.0163725 0.0041073 0.0007784 0.0001776 0.0000200 0.2729522
0.8332931 0.0977343 0.0975584 0.0496028 0.0172160 0.0042159 0.0008660 0.0001530 0.0000187 0.2673651
0.8533735 0.0924081 0.0953390 0.0498576 0.0177564 0.0047960 0.0011134 0.0002358 0.0000439 0.2615502
0.8734538 0.0873720 0.0932032 0.0504323 0.0183205 0.0052868 0.0013579 0.0002045 0.0000118 0.2561891
0.8935341 0.0826105 0.0908035 0.0504872 0.0189978 0.0052801 0.0015360 0.0003504 0.0000118 0.2500774
0.9136144 0.0781084 0.0885000 0.0507958 0.0197268 0.0059622 0.0013646 0.0001963 0.0000373 0.2446914
0.9336947 0.0738517 0.0860827 0.0505005 0.0210260 0.0066581 0.0016225 0.0003301 0.0000431 0.2401146
0.9537750 0.0698269 0.0838591 0.0505797 0.0208842 0.0066918 0.0017118 0.0003891 0.0000707 0.2340133
0.9738554 0.0660215 0.0816370 0.0504415 0.0213202 0.0071839 0.0018026 0.0003966 0.0001325 0.2289358
0.9939357 0.0624235 0.0791308 0.0510091 0.0219824 0.0073102 0.0019233 0.0004756 0.0000767 0.2243317
1.0140160 0.0590216 0.0770470 0.0511100 0.0238717 0.0080500 0.0022277 0.0005754 0.0000857 0.2219890
1.0340964 0.0558050 0.0744507 0.0503594 0.0226986 0.0081513 0.0022632 0.0005349 0.0001927 0.2144558
1.0541767 0.0527638 0.0726822 0.0503369 0.0239805 0.0087973 0.0024704 0.0005704 0.0001119 0.2117133
1.0742570 0.0498883 0.0707733 0.0504993 0.0244895 0.0086471 0.0024568 0.0005561 0.0000907 0.2074011
1.0943373 0.0471695 0.0684681 0.0496832 0.0248949 0.0092338 0.0030453 0.0008351 0.0001268 0.2034567
1.1144177 0.0445989 0.0661671 0.0496853 0.0250447 0.0096964 0.0028765 0.0007939 0.0002628 0.1991255
1.1344979 0.0421683 0.0644033 0.0495890 0.0257504 0.0099962 0.0030588 0.0007871 0.0002917 0.1960448
1.1545782 0.0398703 0.0619925 0.0487315 0.0268722 0.0111512 0.0035681 0.0010092 0.0002335 0.1934285
1.1746585 0.0376974 0.0601564 0.0484866 0.0273337 0.0115016 0.0039300 0.0010570 0.0002016 0.1903644
1.1947389 0.0356430 0.0582012 0.0473052 0.0270752 0.0117347 0.0041958 0.0013258 0.0004277 0.1859086
1.2148192 0.0337005 0.0562579 0.0474364 0.0269620 0.0116339 0.0038675 0.0012467 0.0002746 0.1813795
1.2348995 0.0318639 0.0542848 0.0459595 0.0267040 0.0123436 0.0046254 0.0013080 0.0003574 0.1774466
1.2549798 0.0301274 0.0525605 0.0463190 0.0273738 0.0125765 0.0043460 0.0012925 0.0003767 0.1749724
1.2750602 0.0284856 0.0505563 0.0446371 0.0270489 0.0126930 0.0046070 0.0012810 0.0003710 0.1696798
1.2951405 0.0269332 0.0489918 0.0448530 0.0280947 0.0128664 0.0052848 0.0017694 0.0005119 0.1693052
1.3152208 0.0254654 0.0474521 0.0442714 0.0280769 0.0131113 0.0048064 0.0017593 0.0004806 0.1654234
1.3353012 0.0240776 0.0456765 0.0430171 0.0272290 0.0136422 0.0055558 0.0019146 0.0005802 0.1616931
1.3553815 0.0227654 0.0441848 0.0430632 0.0283956 0.0147870 0.0061063 0.0019863 0.0005892 0.1618776
1.3754618 0.0215247 0.0425077 0.0419768 0.0282643 0.0144692 0.0058998 0.0020012 0.0006563 0.1573002
1.3955421 0.0203517 0.0411898 0.0416351 0.0284195 0.0147603 0.0064118 0.0023630 0.0006801 0.1558113
1.4156225 0.0192426 0.0394561 0.0407404 0.0285988 0.0151449 0.0066991 0.0024159 0.0006174 0.1529152
1.4357028 0.0181939 0.0378842 0.0396417 0.0290346 0.0160319 0.0067580 0.0024919 0.0008967 0.1509329
1.4557831 0.0172024 0.0366100 0.0383588 0.0271680 0.0150454 0.0065143 0.0023574 0.0007926 0.1440489
1.4758633 0.0162649 0.0354333 0.0385221 0.0285409 0.0163683 0.0074335 0.0029202 0.0009983 0.1464815
1.4959437 0.0153785 0.0336682 0.0371776 0.0284623 0.0164228 0.0075530 0.0032823 0.0013362 0.1432809
1.5160240 0.0145404 0.0326879 0.0368275 0.0283760 0.0164985 0.0079401 0.0032366 0.0009924 0.1410994
1.5361043 0.0137480 0.0313184 0.0353539 0.0272665 0.0158972 0.0076151 0.0029629 0.0009694 0.1351314
1.5561846 0.0129987 0.0302066 0.0346589 0.0272804 0.0171792 0.0087486 0.0038647 0.0014543 0.1363914
1.5762650 0.0122903 0.0291722 0.0344226 0.0279366 0.0169068 0.0082377 0.0033461 0.0010544 0.1333667
1.5963453 0.0116205 0.0278491 0.0331600 0.0268008 0.0167405 0.0084662 0.0038461 0.0016208 0.1301040
1.6164256 0.0109873 0.0268727 0.0328335 0.0262981 0.0161580 0.0081196 0.0036141 0.0011424 0.1260256
1.6365060 0.0103885 0.0258590 0.0323069 0.0269958 0.0172181 0.0087169 0.0035107 0.0011698 0.1261656
1.6565863 0.0098223 0.0248717 0.0311933 0.0265554 0.0172616 0.0092362 0.0041756 0.0016455 0.1247617
1.6766666 0.0092870 0.0238690 0.0307211 0.0268232 0.0174247 0.0093132 0.0043440 0.0016298 0.1234121
1.6967469 0.0087809 0.0230966 0.0296627 0.0260765 0.0175668 0.0094920 0.0042870 0.0015408 0.1205034
1.7168273 0.0083024 0.0218584 0.0288479 0.0264725 0.0181438 0.0100409 0.0046086 0.0018780 0.1201525
1.7369076 0.0078499 0.0210618 0.0283191 0.0260822 0.0179049 0.0097647 0.0042936 0.0016689 0.1169451
1.7569879 0.0074221 0.0202598 0.0274092 0.0251325 0.0177172 0.0101822 0.0050144 0.0022645 0.1154019
1.7770681 0.0070176 0.0194277 0.0266854 0.0252813 0.0179705 0.0100765 0.0046847 0.0018523 0.1129961
1.7971485 0.0066352 0.0185711 0.0258204 0.0243074 0.0177509 0.0104158 0.0053809 0.0023930 0.1112747
1.8172288 0.0062736 0.0180028 0.0257489 0.0249168 0.0177695 0.0108707 0.0053622 0.0023036 0.1112480
1.8373091 0.0059317 0.0171935 0.0250500 0.0246502 0.0188050 0.0114964 0.0058557 0.0024940 0.1114764
1.8573895 0.0056084 0.0164428 0.0240701 0.0237406 0.0182190 0.0111863 0.0055219 0.0023408 0.1071299
1.8774698 0.0053028 0.0157331 0.0232161 0.0233483 0.0178961 0.0111963 0.0057859 0.0029297 0.1054083
1.8975501 0.0050138 0.0151496 0.0227336 0.0229947 0.0181595 0.0111540 0.0057826 0.0028208 0.1038086
1.9176304 0.0047405 0.0145201 0.0217231 0.0221135 0.0174209 0.0110728 0.0058245 0.0025799 0.0999953
1.9377108 0.0044822 0.0138761 0.0207830 0.0220405 0.0172645 0.0111297 0.0060571 0.0028541 0.0984872
1.9577911 0.0042379 0.0132520 0.0207114 0.0219619 0.0177578 0.0117457 0.0060960 0.0028047 0.0985675
1.9778714 0.0040070 0.0128251 0.0202253 0.0212232 0.0169224 0.0112067 0.0062723 0.0029351 0.0956172
1.9979517 0.0037886 0.0121381 0.0193005 0.0206534 0.0172811 0.0116409 0.0066464 0.0033142 0.0947632
2.0180321 0.0035821 0.0117320 0.0188534 0.0210977 0.0172738 0.0115770 0.0069935 0.0034986 0.0946083
2.0381124 0.0033869 0.0111772 0.0184101 0.0202251 0.0176272 0.0117437 0.0070243 0.0034278 0.0930224
2.0581927 0.0032023 0.0107769 0.0176873 0.0199514 0.0169530 0.0117056 0.0072286 0.0037522 0.0912572
2.0782731 0.0030278 0.0102378 0.0172119 0.0193807 0.0165305 0.0118538 0.0071097 0.0037949 0.0891471
2.0983534 0.0028628 0.0097185 0.0165771 0.0191370 0.0166112 0.0118714 0.0070470 0.0034344 0.0872594
2.1184337 0.0027068 0.0094134 0.0163822 0.0188708 0.0169007 0.0120437 0.0076264 0.0040445 0.0879883
2.1385140 0.0025593 0.0090039 0.0153163 0.0180174 0.0163427 0.0114548 0.0069174 0.0037210 0.0833327
2.1585944 0.0024198 0.0086306 0.0149662 0.0176876 0.0163154 0.0119300 0.0071847 0.0037975 0.0829318
2.1786747 0.0022879 0.0082856 0.0146672 0.0176328 0.0160199 0.0114755 0.0072700 0.0039332 0.0815720
2.1987550 0.0021632 0.0078865 0.0140519 0.0169466 0.0157184 0.0118432 0.0077516 0.0043603 0.0807217
2.2188354 0.0020453 0.0074558 0.0135287 0.0168347 0.0158427 0.0122979 0.0082168 0.0046283 0.0808503
2.2389157 0.0019339 0.0072103 0.0129605 0.0160124 0.0151891 0.0115889 0.0074542 0.0040879 0.0764372
2.2589958 0.0018285 0.0068386 0.0127854 0.0164540 0.0156249 0.0120826 0.0080046 0.0044354 0.0780540
2.2790761 0.0017288 0.0065885 0.0122416 0.0156470 0.0150518 0.0119287 0.0078820 0.0043271 0.0753956
2.2991564 0.0016346 0.0063083 0.0120551 0.0155531 0.0154950 0.0121180 0.0080262 0.0045954 0.0757857
2.3192368 0.0015455 0.0060175 0.0113825 0.0150306 0.0145349 0.0114283 0.0075493 0.0043984 0.0718872
2.3393171 0.0014613 0.0056973 0.0108851 0.0145604 0.0146143 0.0114600 0.0076325 0.0044925 0.0708035
2.3593974 0.0013817 0.0054895 0.0105824 0.0139718 0.0140337 0.0113303 0.0079825 0.0050706 0.0698425
2.3794777 0.0013064 0.0052248 0.0103469 0.0139541 0.0143014 0.0119300 0.0083349 0.0047883 0.0701869
2.3995581 0.0012352 0.0049893 0.0098902 0.0132425 0.0131880 0.0110539 0.0077895 0.0049402 0.0663289
2.4196384 0.0011679 0.0048419 0.0099339 0.0133957 0.0140909 0.0121015 0.0086025 0.0051888 0.0693231
2.4397187 0.0011042 0.0045457 0.0094161 0.0132566 0.0138614 0.0112930 0.0079707 0.0048089 0.0662566
2.4597991 0.0010440 0.0043524 0.0091873 0.0128376 0.0140127 0.0121342 0.0086882 0.0055694 0.0678260
2.4798794 0.0009871 0.0042111 0.0089009 0.0126091 0.0133473 0.0116272 0.0082989 0.0050570 0.0650386
2.4999597 0.0009333 0.0039340 0.0081246 0.0115524 0.0126055 0.0108295 0.0084219 0.0053745 0.0617758
2.5200400 0.0008825 0.0038441 0.0081684 0.0120890 0.0132352 0.0116034 0.0086674 0.0059099 0.0643999
2.5401204 0.0008344 0.0035860 0.0077591 0.0112240 0.0124192 0.0113355 0.0084153 0.0054742 0.0610477
2.5602007 0.0007889 0.0035228 0.0074155 0.0108065 0.0117498 0.0103936 0.0074405 0.0048033 0.0569209
2.5802810 0.0007459 0.0033152 0.0074316 0.0109320 0.0124245 0.0110301 0.0082429 0.0052106 0.0593329
2.6003613 0.0007053 0.0031269 0.0069441 0.0101711 0.0116450 0.0107357 0.0084280 0.0054725 0.0572286
2.6204417 0.0006668 0.0030085 0.0067837 0.0103250 0.0114818 0.0106275 0.0082790 0.0059122 0.0570844
2.6405220 0.0006305 0.0028439 0.0063174 0.0095126 0.0111070 0.0101530 0.0078003 0.0052467 0.0536114
2.6606023 0.0005961 0.0027335 0.0061261 0.0093283 0.0109113 0.0103684 0.0082723 0.0055772 0.0539133
2.6806827 0.0005636 0.0026521 0.0060609 0.0093384 0.0110965 0.0106603 0.0084297 0.0060078 0.0548093
2.7007630 0.0005329 0.0024782 0.0057749 0.0090082 0.0108927 0.0103476 0.0083026 0.0056501 0.0529873
2.7208433 0.0005039 0.0023938 0.0055805 0.0088051 0.0106642 0.0105438 0.0086230 0.0059135 0.0530279
2.7409236 0.0004764 0.0022602 0.0051899 0.0082586 0.0101782 0.0098860 0.0081253 0.0056299 0.0500046
2.7610040 0.0004505 0.0021868 0.0051636 0.0082008 0.0100471 0.0097561 0.0081110 0.0056353 0.0495512
2.7810843 0.0004259 0.0020694 0.0050250 0.0080978 0.0097829 0.0096190 0.0083359 0.0061156 0.0494716
2.8011646 0.0004027 0.0019927 0.0048025 0.0077134 0.0096389 0.0096075 0.0083498 0.0059504 0.0484579
2.8212450 0.0003808 0.0018715 0.0046075 0.0076346 0.0094068 0.0095430 0.0080799 0.0059389 0.0474630
2.8413253 0.0003600 0.0017880 0.0043738 0.0073246 0.0092690 0.0094296 0.0082626 0.0062039 0.0470116
2.8614056 0.0003404 0.0017307 0.0043232 0.0072631 0.0091418 0.0095530 0.0082850 0.0061443 0.0467817
2.8814859 0.0003218 0.0016571 0.0040882 0.0069102 0.0085898 0.0089241 0.0077156 0.0059220 0.0441288
2.9015663 0.0003043 0.0015628 0.0039128 0.0066562 0.0085098 0.0090841 0.0081681 0.0061868 0.0443849
2.9216464 0.0002877 0.0014986 0.0037055 0.0061736 0.0081251 0.0086232 0.0076379 0.0058099 0.0418613
2.9417267 0.0002720 0.0014271 0.0036006 0.0064875 0.0084820 0.0090419 0.0081183 0.0063498 0.0437792
2.9618070 0.0002572 0.0013710 0.0035718 0.0062183 0.0079570 0.0084468 0.0076490 0.0059426 0.0414137
2.9818873 0.0002432 0.0012614 0.0031813 0.0056503 0.0075754 0.0081074 0.0071565 0.0054541 0.0386296
3.0019677 0.0002299 0.0011970 0.0031672 0.0056684 0.0075595 0.0081703 0.0074110 0.0060249 0.0394282
3.0220480 0.0002174 0.0011533 0.0029993 0.0054323 0.0071267 0.0078481 0.0071156 0.0055567 0.0374493
3.0421283 0.0002056 0.0011489 0.0030401 0.0053855 0.0073792 0.0079826 0.0074343 0.0062234 0.0387996
3.0622087 0.0001944 0.0010697 0.0028557 0.0052655 0.0072506 0.0082780 0.0079438 0.0063684 0.0392262
3.0822890 0.0001838 0.0010060 0.0027768 0.0049776 0.0069487 0.0079526 0.0075518 0.0063423 0.0377397
3.1023693 0.0001737 0.0009695 0.0026590 0.0048385 0.0068386 0.0077612 0.0072555 0.0059810 0.0364770
3.1224496 0.0001643 0.0009037 0.0025073 0.0047215 0.0067648 0.0077861 0.0074908 0.0061820 0.0365205
3.1425300 0.0001553 0.0008785 0.0023949 0.0045831 0.0066576 0.0077776 0.0073666 0.0060518 0.0358653
3.1626103 0.0001469 0.0008266 0.0022860 0.0044040 0.0062135 0.0071840 0.0068630 0.0058640 0.0337879
3.1826906 0.0001389 0.0007970 0.0021953 0.0040445 0.0056922 0.0068431 0.0067477 0.0058130 0.0322717
3.2027709 0.0001313 0.0007488 0.0021176 0.0040068 0.0058438 0.0068658 0.0066700 0.0057452 0.0321292
3.2228513 0.0001241 0.0007459 0.0021151 0.0041271 0.0061295 0.0073151 0.0073393 0.0062166 0.0341127
3.2429316 0.0001174 0.0006965 0.0019545 0.0037583 0.0054325 0.0066244 0.0068255 0.0059099 0.0313190
3.2630119 0.0001110 0.0006537 0.0018740 0.0038516 0.0056712 0.0066478 0.0066522 0.0057649 0.0312262
3.2830923 0.0001049 0.0006171 0.0017816 0.0035536 0.0053696 0.0066056 0.0066770 0.0056145 0.0303239
3.3031726 0.0000992 0.0005802 0.0016827 0.0033544 0.0050142 0.0062072 0.0062522 0.0055510 0.0287411
3.3232529 0.0000938 0.0005603 0.0016269 0.0032824 0.0048685 0.0060108 0.0061670 0.0053567 0.0279663
3.3433332 0.0000887 0.0005307 0.0015929 0.0031200 0.0047545 0.0058816 0.0061778 0.0053878 0.0275340
3.3634136 0.0000839 0.0005052 0.0015486 0.0031387 0.0047044 0.0059077 0.0062359 0.0057225 0.0278468
3.3834939 0.0000793 0.0004940 0.0014567 0.0030167 0.0045970 0.0057358 0.0058877 0.0053189 0.0265861
3.4035742 0.0000750 0.0004669 0.0014220 0.0029586 0.0044210 0.0055225 0.0058474 0.0054445 0.0261578
3.4236546 0.0000709 0.0004393 0.0013262 0.0027662 0.0044072 0.0055828 0.0058337 0.0054146 0.0258408
3.4437349 0.0000670 0.0004364 0.0013287 0.0027668 0.0043804 0.0056444 0.0059278 0.0056017 0.0261531
3.4638152 0.0000634 0.0004071 0.0012065 0.0025175 0.0040765 0.0052870 0.0058325 0.0055761 0.0249665
3.4838955 0.0000599 0.0003938 0.0012490 0.0026862 0.0042646 0.0055237 0.0060797 0.0059031 0.0261601
3.5039759 0.0000566 0.0003756 0.0011414 0.0023324 0.0037366 0.0047986 0.0052793 0.0049450 0.0226655
3.5240562 0.0000536 0.0003408 0.0011069 0.0023980 0.0040044 0.0053234 0.0060147 0.0057161 0.0249579
3.5441363 0.0000506 0.0003318 0.0010612 0.0023032 0.0038356 0.0050987 0.0056810 0.0055499 0.0239120
3.5642166 0.0000479 0.0003044 0.0009686 0.0021297 0.0035026 0.0045868 0.0050440 0.0048700 0.0214540
3.5842969 0.0000453 0.0003113 0.0009822 0.0021103 0.0035406 0.0047023 0.0053182 0.0050914 0.0221015
3.6043773 0.0000428 0.0002820 0.0008861 0.0018966 0.0031773 0.0043767 0.0047702 0.0046444 0.0200762
3.6244576 0.0000405 0.0002731 0.0008894 0.0019863 0.0033324 0.0044815 0.0051208 0.0050760 0.0211999
3.6445379 0.0000383 0.0002541 0.0008587 0.0018922 0.0030526 0.0040742 0.0045901 0.0045447 0.0193048
3.6646183 0.0000362 0.0002395 0.0007669 0.0017245 0.0029217 0.0040428 0.0045564 0.0045537 0.0188416
3.6846986 0.0000342 0.0002379 0.0007829 0.0017559 0.0031014 0.0042278 0.0049549 0.0048676 0.0199626
3.7047789 0.0000323 0.0002298 0.0007725 0.0017350 0.0029919 0.0042926 0.0051514 0.0050630 0.0202686
3.7248592 0.0000306 0.0002046 0.0007290 0.0016283 0.0027333 0.0038567 0.0044865 0.0045020 0.0181710
3.7449396 0.0000289 0.0002130 0.0007826 0.0017923 0.0031502 0.0043268 0.0049465 0.0049970 0.0202374
3.7650199 0.0000273 0.0001944 0.0006707 0.0016013 0.0027287 0.0039505 0.0045823 0.0045558 0.0183111
3.7851002 0.0000258 0.0001729 0.0006108 0.0014147 0.0024633 0.0034933 0.0041393 0.0042135 0.0165336
3.8051805 0.0000244 0.0001719 0.0005769 0.0013596 0.0025085 0.0036421 0.0043616 0.0044394 0.0170843
3.8252609 0.0000231 0.0001621 0.0005586 0.0013499 0.0024281 0.0035354 0.0044137 0.0046703 0.0171411
3.8453412 0.0000218 0.0001569 0.0005573 0.0013381 0.0024256 0.0035831 0.0043414 0.0045706 0.0169948
3.8654215 0.0000207 0.0001541 0.0005643 0.0013259 0.0023218 0.0032688 0.0038725 0.0039507 0.0154787
3.8855019 0.0000195 0.0001465 0.0005143 0.0012501 0.0022492 0.0034090 0.0042035 0.0044323 0.0162246
3.9055822 0.0000185 0.0001307 0.0004669 0.0011222 0.0020351 0.0029835 0.0036899 0.0039311 0.0143778
3.9256625 0.0000175 0.0001305 0.0004434 0.0011087 0.0019996 0.0029782 0.0036967 0.0040705 0.0144450
3.9457428 0.0000165 0.0001248 0.0004394 0.0010621 0.0019191 0.0028272 0.0034892 0.0037614 0.0136397
3.9658232 0.0000156 0.0001202 0.0004103 0.0010330 0.0019655 0.0029563 0.0037577 0.0040616 0.0143202
3.9859035 0.0000148 0.0001123 0.0004008 0.0009965 0.0018159 0.0027055 0.0033355 0.0036275 0.0130087
4.0059838 0.0000140 0.0001056 0.0003946 0.0009490 0.0018472 0.0027489 0.0035048 0.0038158 0.0133800
4.0260644 0.0000132 0.0001008 0.0003815 0.0009836 0.0018568 0.0028519 0.0036040 0.0039036 0.0136954
4.0461445 0.0000125 0.0000957 0.0003640 0.0009365 0.0017756 0.0027125 0.0035047 0.0038762 0.0132777
4.0662251 0.0000118 0.0000937 0.0003406 0.0008314 0.0016063 0.0024582 0.0031968 0.0035644 0.0121032
4.0863051 0.0000112 0.0000867 0.0003151 0.0007964 0.0015038 0.0023429 0.0031308 0.0035089 0.0116957
4.1063857 0.0000105 0.0000807 0.0002995 0.0007611 0.0015088 0.0023914 0.0031426 0.0035046 0.0116993
4.1264658 0.0000100 0.0000775 0.0003013 0.0007888 0.0014975 0.0023380 0.0031135 0.0034778 0.0116044
4.1465464 0.0000094 0.0000748 0.0003008 0.0007760 0.0015273 0.0024028 0.0031576 0.0036288 0.0118774
4.1666265 0.0000089 0.0000750 0.0002812 0.0007248 0.0014089 0.0022809 0.0031163 0.0035029 0.0113989
4.1867070 0.0000084 0.0000659 0.0002632 0.0006672 0.0013364 0.0022532 0.0029405 0.0033598 0.0108947
4.2067871 0.0000080 0.0000675 0.0002592 0.0006639 0.0013266 0.0020991 0.0027939 0.0032109 0.0104290
4.2268677 0.0000075 0.0000600 0.0002372 0.0006164 0.0012059 0.0019693 0.0026106 0.0030427 0.0097497
4.2469478 0.0000071 0.0000561 0.0002268 0.0006007 0.0012424 0.0019604 0.0026095 0.0029749 0.0096780
4.2670283 0.0000067 0.0000519 0.0002131 0.0005499 0.0011241 0.0018439 0.0024994 0.0030049 0.0092939
4.2871084 0.0000064 0.0000531 0.0002168 0.0005637 0.0011449 0.0018987 0.0026307 0.0031698 0.0096840
4.3071890 0.0000060 0.0000475 0.0001877 0.0005411 0.0011576 0.0019119 0.0026491 0.0031662 0.0096671
4.3272691 0.0000057 0.0000477 0.0001897 0.0005421 0.0011003 0.0018353 0.0026284 0.0031138 0.0094631
4.3473496 0.0000054 0.0000450 0.0001723 0.0004891 0.0010112 0.0017184 0.0023407 0.0028352 0.0086172
4.3674297 0.0000051 0.0000432 0.0001797 0.0004819 0.0009877 0.0016302 0.0023538 0.0027851 0.0084668
4.3875103 0.0000048 0.0000400 0.0001601 0.0004230 0.0009016 0.0014737 0.0021024 0.0024843 0.0075900
4.4075904 0.0000045 0.0000394 0.0001579 0.0004239 0.0008992 0.0015395 0.0022749 0.0028328 0.0081721
4.4276710 0.0000043 0.0000351 0.0001453 0.0004029 0.0008322 0.0014359 0.0020356 0.0025073 0.0073985
4.4477510 0.0000041 0.0000347 0.0001447 0.0004100 0.0009159 0.0015629 0.0021998 0.0027095 0.0079816
4.4678316 0.0000038 0.0000343 0.0001401 0.0004118 0.0008708 0.0015012 0.0021271 0.0025375 0.0076267
4.4879117 0.0000036 0.0000319 0.0001394 0.0003830 0.0008364 0.0014753 0.0021990 0.0027788 0.0078475
4.5079918 0.0000034 0.0000283 0.0001105 0.0003159 0.0007093 0.0011856 0.0017510 0.0021753 0.0062795
4.5280724 0.0000033 0.0000279 0.0001243 0.0003358 0.0007293 0.0012468 0.0018746 0.0024929 0.0068348
4.5481524 0.0000031 0.0000275 0.0001109 0.0003274 0.0007305 0.0012461 0.0018171 0.0023506 0.0066132
4.5682330 0.0000029 0.0000257 0.0001075 0.0002939 0.0006244 0.0010919 0.0015977 0.0019786 0.0057227
4.5883131 0.0000027 0.0000245 0.0001122 0.0003231 0.0007156 0.0012744 0.0018034 0.0022404 0.0064963
4.6083937 0.0000026 0.0000208 0.0000910 0.0002666 0.0005840 0.0010560 0.0016074 0.0020995 0.0057279
4.6284738 0.0000025 0.0000211 0.0000936 0.0002775 0.0006180 0.0010774 0.0015895 0.0020018 0.0056813
4.6485543 0.0000023 0.0000204 0.0000880 0.0002588 0.0005867 0.0010570 0.0015940 0.0021229 0.0057302
4.6686344 0.0000022 0.0000194 0.0000823 0.0002436 0.0005482 0.0010112 0.0015397 0.0020838 0.0055305
4.6887150 0.0000021 0.0000194 0.0000870 0.0002462 0.0005634 0.0010238 0.0015780 0.0020605 0.0055804
4.7087951 0.0000020 0.0000185 0.0000839 0.0002591 0.0005751 0.0010116 0.0015620 0.0019766 0.0054888
4.7288756 0.0000019 0.0000170 0.0000754 0.0002203 0.0005010 0.0009227 0.0014298 0.0018921 0.0050602
4.7489557 0.0000018 0.0000156 0.0000705 0.0002054 0.0004548 0.0008364 0.0012688 0.0017181 0.0045713
4.7690363 0.0000017 0.0000141 0.0000661 0.0001932 0.0004198 0.0008053 0.0012238 0.0016259 0.0043499
4.7891164 0.0000016 0.0000143 0.0000633 0.0001957 0.0004887 0.0008865 0.0013986 0.0018593 0.0049080
4.8091969 0.0000015 0.0000135 0.0000622 0.0001966 0.0004525 0.0008627 0.0013668 0.0018674 0.0048231
4.8292770 0.0000014 0.0000138 0.0000624 0.0001949 0.0004474 0.0008205 0.0012883 0.0017204 0.0045492
4.8493576 0.0000013 0.0000130 0.0000579 0.0001815 0.0004106 0.0007728 0.0012071 0.0016375 0.0042818
4.8694377 0.0000013 0.0000107 0.0000538 0.0001663 0.0003633 0.0006848 0.0011080 0.0015233 0.0039114
4.8895183 0.0000012 0.0000126 0.0000624 0.0001855 0.0004325 0.0008353 0.0013783 0.0019369 0.0048446
4.9095984 0.0000011 0.0000103 0.0000461 0.0001444 0.0003352 0.0006218 0.0009870 0.0013530 0.0034989
4.9296789 0.0000011 0.0000102 0.0000489 0.0001674 0.0003930 0.0007665 0.0012809 0.0017720 0.0044398
4.9497590 0.0000010 0.0000094 0.0000403 0.0001320 0.0003223 0.0006006 0.0009413 0.0012887 0.0033357
4.9698396 0.0000009 0.0000096 0.0000432 0.0001319 0.0003159 0.0006265 0.0010227 0.0014427 0.0035935
4.9899197 0.0000009 0.0000085 0.0000378 0.0001235 0.0002825 0.0005482 0.0008781 0.0012308 0.0031104
5.0100002 0.0000008 0.0000083 0.0000425 0.0001369 0.0003312 0.0006485 0.0010234 0.0014148 0.0036065
