-------- p=1.739 a=1.000 mu=-2.200 N=20000000 time=2017-02-23 08:00:39 --------
0.0100000 0.9635577 0.0007315 0.0000001 0.0000000 0.0000000 0.0000000 0.0000000 0.0000000 0.9642894
0.0300803 0.8943422 0.0034482 0.0000028 0.0000000 0.0000000 0.0000000 0.0000000 0.0000000 0.8977933
0.0501606 0.8300987 0.0070061 0.0000574 0.0000000 0.0000000 0.0000000 0.0000000 0.0000000 0.8371622
0.0702410 0.7704700 0.0106493 0.0001132 0.0000069 0.0000000 0.0000000 0.0000000 0.0000000 0.7812394
0.0903213 0.7151246 0.0145208 0.0001402 0.0000000 0.0000000 0.0000000 0.0000000 0.0000000 0.7297855
0.1104016 0.6637548 0.0180650 0.0002946 0.0000000 0.0000000 0.0000000 0.0000000 0.0000000 0.6821145
0.1304819 0.6160751 0.0215452 0.0003595 0.0000001 0.0000000 0.0000000 0.0000000 0.0000000 0.6379799
0.1505622 0.5718204 0.0246108 0.0005316 0.0000091 0.0000000 0.0000000 0.0000000 0.0000000 0.5969719
0.1706426 0.5307447 0.0277588 0.0007647 0.0000149 0.0000000 0.0000000 0.0000000 0.0000000 0.5592831
0.1907229 0.4926195 0.0303807 0.0008911 0.0000398 0.0000000 0.0000000 0.0000000 0.0000000 0.5239312
0.2108032 0.4572330 0.0326649 0.0011162 0.0000228 0.0000003 0.0000000 0.0000000 0.0000000 0.4910373
0.2308835 0.4243885 0.0345195 0.0013968 0.0000553 0.0000000 0.0000000 0.0000000 0.0000000 0.4603601
0.2509638 0.3939033 0.0364194 0.0016772 0.0000451 0.0000000 0.0000000 0.0000000 0.0000000 0.4320450
0.2710442 0.3656079 0.0377719 0.0018695 0.0000810 0.0000041 0.0000000 0.0000000 0.0000000 0.4053344
0.2911245 0.3393451 0.0391254 0.0022284 0.0000529 0.0000002 0.0000000 0.0000000 0.0000000 0.3807520
0.3112048 0.3149688 0.0399670 0.0024824 0.0000986 0.0000093 0.0000000 0.0000000 0.0000000 0.3575260
0.3312851 0.2923436 0.0406333 0.0027541 0.0001020 0.0000060 0.0000000 0.0000000 0.0000000 0.3358389
0.3513654 0.2713436 0.0411845 0.0033183 0.0001995 0.0000031 0.0000000 0.0000000 0.0000000 0.3160490
0.3714458 0.2518521 0.0414274 0.0033510 0.0001709 0.0000044 0.0000000 0.0000000 0.0000000 0.2968057
0.3915261 0.2337607 0.0414962 0.0039144 0.0002613 0.0000176 0.0000008 0.0000000 0.0000000 0.2794511
0.4116064 0.2169689 0.0413693 0.0038765 0.0002758 0.0000136 0.0000003 0.0000000 0.0000000 0.2625045
0.4316867 0.2013833 0.0411173 0.0042696 0.0002589 0.0000069 0.0000000 0.0000000 0.0000000 0.2470360
0.4517670 0.1869173 0.0408074 0.0043941 0.0003377 0.0000117 0.0000000 0.0000000 0.0000000 0.2324682
0.4718474 0.1734904 0.0403464 0.0046349 0.0004066 0.0000237 0.0000013 0.0000000 0.0000000 0.2189033
0.4919277 0.1610280 0.0397350 0.0049869 0.0004403 0.0000256 0.0000001 0.0000000 0.0000000 0.2062159
0.5120080 0.1494608 0.0388152 0.0051691 0.0005110 0.0000308 0.0000135 0.0000002 0.0000000 0.1940007
0.5320883 0.1387246 0.0382495 0.0053646 0.0005441 0.0000464 0.0000053 0.0000000 0.0000000 0.1829345
0.5521687 0.1287595 0.0374448 0.0055174 0.0005659 0.0000391 0.0000048 0.0000000 0.0000000 0.1723316
0.5722489 0.1195103 0.0366778 0.0057736 0.0006196 0.0000337 0.0000001 0.0000000 0.0000000 0.1626151
0.5923293 0.1109255 0.0355856 0.0056823 0.0005858 0.0000655 0.0000011 0.0000000 0.0000000 0.1528459
0.6124096 0.1029574 0.0346221 0.0059156 0.0006888 0.0000631 0.0000017 0.0000000 0.0000000 0.1442486
0.6324899 0.0955616 0.0336110 0.0061383 0.0007809 0.0000837 0.0000043 0.0000020 0.0000013 0.1361832
0.6525702 0.0886971 0.0325916 0.0061476 0.0008227 0.0000674 0.0000008 0.0000000 0.0000000 0.1283273
0.6726506 0.0823257 0.0316748 0.0062482 0.0008977 0.0000713 0.0000063 0.0000000 0.0000000 0.1212240
0.6927309 0.0764120 0.0306528 0.0063352 0.0008842 0.0001122 0.0000285 0.0000025 0.0000000 0.1144273
0.7128112 0.0709230 0.0294888 0.0062933 0.0008967 0.0001012 0.0000163 0.0000001 0.0000000 0.1077195
0.7328916 0.0658284 0.0285400 0.0064040 0.0009616 0.0001423 0.0000116 0.0000013 0.0000000 0.1018893
0.7529718 0.0610997 0.0275011 0.0062856 0.0010842 0.0000849 0.0000027 0.0000000 0.0000000 0.0960582
0.7730522 0.0567107 0.0264046 0.0064400 0.0010737 0.0001247 0.0000097 0.0000001 0.0000000 0.0907635
0.7931325 0.0526370 0.0254957 0.0064095 0.0010636 0.0001531 0.0000228 0.0000001 0.0000000 0.0857818
0.8132128 0.0488559 0.0244733 0.0062451 0.0010095 0.0001424 0.0000263 0.0000034 0.0000000 0.0807560
0.8332931 0.0453464 0.0234834 0.0063002 0.0011686 0.0001636 0.0000152 0.0000009 0.0000000 0.0764783
0.8533735 0.0420891 0.0225549 0.0062637 0.0012263 0.0002007 0.0000174 0.0000002 0.0000000 0.0723522
0.8734538 0.0390657 0.0215492 0.0060950 0.0011783 0.0001675 0.0000189 0.0000001 0.0000000 0.0680746
0.8935341 0.0362595 0.0206723 0.0060769 0.0011949 0.0001810 0.0000300 0.0000020 0.0000000 0.0644165
0.9136144 0.0336548 0.0198371 0.0060077 0.0012035 0.0002102 0.0000169 0.0000014 0.0000000 0.0609317
0.9336947 0.0312373 0.0188966 0.0056927 0.0011916 0.0002173 0.0000296 0.0000023 0.0000000 0.0572674
0.9537750 0.0289934 0.0181010 0.0057693 0.0012966 0.0002038 0.0000212 0.0000031 0.0000000 0.0543884
0.9738554 0.0269107 0.0172709 0.0056349 0.0012396 0.0002019 0.0000196 0.0000017 0.0000000 0.0512793
0.9939357 0.0249776 0.0164932 0.0056030 0.0012998 0.0002147 0.0000314 0.0000068 0.0000003 0.0486269
1.0140160 0.0231834 0.0157042 0.0055146 0.0013052 0.0002268 0.0000232 0.0000042 0.0000000 0.0459616
1.0340964 0.0215181 0.0149832 0.0053199 0.0012750 0.0002461 0.0000505 0.0000072 0.0000002 0.0434001
1.0541767 0.0199723 0.0143515 0.0052409 0.0013543 0.0002397 0.0000262 0.0000020 0.0000002 0.0411872
1.0742570 0.0185377 0.0136646 0.0051837 0.0013045 0.0002548 0.0000429 0.0000076 0.0000001 0.0389958
1.0943373 0.0172060 0.0129737 0.0049505 0.0012789 0.0002599 0.0000460 0.0000017 0.0000000 0.0367168
1.1144177 0.0159701 0.0123778 0.0048875 0.0013133 0.0002672 0.0000376 0.0000069 0.0000003 0.0348607
1.1344979 0.0148229 0.0118248 0.0048026 0.0013862 0.0002898 0.0000412 0.0000076 0.0000065 0.0331816
1.1545782 0.0137581 0.0111961 0.0046473 0.0012928 0.0002978 0.0000639 0.0000076 0.0000007 0.0312643
1.1746585 0.0127698 0.0106903 0.0045604 0.0012935 0.0002642 0.0000493 0.0000059 0.0000005 0.0296339
1.1947389 0.0118525 0.0101133 0.0042971 0.0012774 0.0002967 0.0000650 0.0000079 0.0000004 0.0279102
1.2148192 0.0110011 0.0096030 0.0042431 0.0012890 0.0002986 0.0000550 0.0000082 0.0000036 0.0265017
1.2348995 0.0102109 0.0090924 0.0041309 0.0012688 0.0002848 0.0000541 0.0000147 0.0000003 0.0250569
1.2549798 0.0094774 0.0086509 0.0039830 0.0013452 0.0003059 0.0000645 0.0000133 0.0000016 0.0238417
1.2750602 0.0087966 0.0082246 0.0038819 0.0012815 0.0002903 0.0000592 0.0000085 0.0000018 0.0225444
1.2951405 0.0081647 0.0077830 0.0037348 0.0011994 0.0003148 0.0000621 0.0000104 0.0000013 0.0212704
1.3152208 0.0075782 0.0074133 0.0036378 0.0012408 0.0003125 0.0000649 0.0000109 0.0000005 0.0202590
1.3353012 0.0070338 0.0069899 0.0034824 0.0012230 0.0003047 0.0000729 0.0000136 0.0000018 0.0191222
1.3553815 0.0065286 0.0066328 0.0033886 0.0012012 0.0003272 0.0000756 0.0000092 0.0000003 0.0181635
1.3754618 0.0060596 0.0062874 0.0032638 0.0011654 0.0003118 0.0000637 0.0000138 0.0000020 0.0171675
1.3955421 0.0056243 0.0059621 0.0031618 0.0011684 0.0003348 0.0000750 0.0000133 0.0000014 0.0163412
1.4156225 0.0052203 0.0056371 0.0030117 0.0011700 0.0003242 0.0000749 0.0000149 0.0000009 0.0154541
1.4357028 0.0048453 0.0053206 0.0030067 0.0011607 0.0003385 0.0000826 0.0000172 0.0000023 0.0147740
1.4557831 0.0044973 0.0050479 0.0028580 0.0011116 0.0003367 0.0000785 0.0000149 0.0000010 0.0139459
1.4758633 0.0041742 0.0047663 0.0027624 0.0011050 0.0003449 0.0000819 0.0000150 0.0000044 0.0132542
1.4959437 0.0038744 0.0045270 0.0026363 0.0010520 0.0003234 0.0000867 0.0000145 0.0000055 0.0125198
1.5160240 0.0035961 0.0042604 0.0025019 0.0010302 0.0003155 0.0000724 0.0000196 0.0000043 0.0118003
1.5361043 0.0033377 0.0040426 0.0024469 0.0010405 0.0003358 0.0000799 0.0000177 0.0000048 0.0113058
1.5561846 0.0030980 0.0038223 0.0023459 0.0010054 0.0003341 0.0000838 0.0000218 0.0000033 0.0107146
1.5762650 0.0028754 0.0035880 0.0022643 0.0009603 0.0003061 0.0000869 0.0000191 0.0000070 0.0101070
1.5963453 0.0026689 0.0033996 0.0021754 0.0009570 0.0003191 0.0000922 0.0000202 0.0000073 0.0096396
1.6164256 0.0024772 0.0032234 0.0021010 0.0009532 0.0003349 0.0000860 0.0000219 0.0000041 0.0092018
1.6365060 0.0022992 0.0030407 0.0019861 0.0008828 0.0003096 0.0000841 0.0000203 0.0000026 0.0086255
1.6565863 0.0021341 0.0028750 0.0019108 0.0008704 0.0003063 0.0000969 0.0000242 0.0000053 0.0082230
1.6766666 0.0019808 0.0027093 0.0018321 0.0008589 0.0003019 0.0000890 0.0000199 0.0000056 0.0077975
1.6967469 0.0018385 0.0025516 0.0017431 0.0008502 0.0003054 0.0000958 0.0000236 0.0000045 0.0074126
1.7168273 0.0017064 0.0024047 0.0016776 0.0008022 0.0002990 0.0000885 0.0000250 0.0000091 0.0070126
1.7369076 0.0015838 0.0022856 0.0016045 0.0008043 0.0003212 0.0000945 0.0000220 0.0000043 0.0067203
1.7569879 0.0014701 0.0021405 0.0015653 0.0007689 0.0002798 0.0000846 0.0000219 0.0000034 0.0063345
1.7770681 0.0013645 0.0020301 0.0014772 0.0007518 0.0002853 0.0000894 0.0000263 0.0000096 0.0060342
1.7971485 0.0012665 0.0019009 0.0014154 0.0007300 0.0002820 0.0000919 0.0000184 0.0000038 0.0057089
1.8172288 0.0011755 0.0017943 0.0013472 0.0007074 0.0002831 0.0000859 0.0000217 0.0000052 0.0054202
1.8373091 0.0010910 0.0016980 0.0012954 0.0006806 0.0002579 0.0000826 0.0000221 0.0000042 0.0051318
1.8573895 0.0010127 0.0016052 0.0012533 0.0006691 0.0002825 0.0000998 0.0000294 0.0000056 0.0049575
1.8774698 0.0009399 0.0014971 0.0011898 0.0006502 0.0002692 0.0000893 0.0000223 0.0000055 0.0046634
1.8975501 0.0008724 0.0014209 0.0011437 0.0006303 0.0002688 0.0000851 0.0000258 0.0000071 0.0044542
1.9176304 0.0008097 0.0013334 0.0010696 0.0006028 0.0002617 0.0000913 0.0000257 0.0000053 0.0041996
1.9377108 0.0007516 0.0012563 0.0010277 0.0005809 0.0002391 0.0000785 0.0000214 0.0000057 0.0039611
1.9577911 0.0006976 0.0011853 0.0009913 0.0005677 0.0002441 0.0000858 0.0000233 0.0000058 0.0038008
1.9778714 0.0006475 0.0011097 0.0009453 0.0005572 0.0002418 0.0000840 0.0000237 0.0000061 0.0036153
1.9979517 0.0006010 0.0010435 0.0008915 0.0005216 0.0002353 0.0000796 0.0000226 0.0000060 0.0034011
2.0180321 0.0005578 0.0009875 0.0008571 0.0005128 0.0002327 0.0000872 0.0000279 0.0000063 0.0032693
2.0381124 0.0005177 0.0009274 0.0008256 0.0004898 0.0002242 0.0000850 0.0000277 0.0000067 0.0031043
2.0581927 0.0004805 0.0008745 0.0007763 0.0004721 0.0002154 0.0000831 0.0000243 0.0000069 0.0029332
2.0782731 0.0004460 0.0008231 0.0007423 0.0004658 0.0002148 0.0000799 0.0000223 0.0000046 0.0027987
2.0983534 0.0004140 0.0007726 0.0006980 0.0004342 0.0002049 0.0000765 0.0000257 0.0000082 0.0026341
2.1184337 0.0003842 0.0007251 0.0006646 0.0004176 0.0001981 0.0000756 0.0000242 0.0000069 0.0024962
2.1385140 0.0003566 0.0006826 0.0006367 0.0004095 0.0002030 0.0000801 0.0000279 0.0000071 0.0024037
2.1585944 0.0003310 0.0006468 0.0006096 0.0003949 0.0001985 0.0000770 0.0000272 0.0000064 0.0022913
2.1786747 0.0003072 0.0006064 0.0005744 0.0003699 0.0001859 0.0000729 0.0000227 0.0000051 0.0021445
2.1987550 0.0002852 0.0005686 0.0005458 0.0003587 0.0001776 0.0000744 0.0000246 0.0000079 0.0020429
2.2188354 0.0002647 0.0005341 0.0005194 0.0003488 0.0001775 0.0000719 0.0000249 0.0000070 0.0019483
2.2389157 0.0002457 0.0005019 0.0005011 0.0003418 0.0001725 0.0000706 0.0000237 0.0000069 0.0018641
2.2589958 0.0002280 0.0004737 0.0004725 0.0003195 0.0001617 0.0000707 0.0000241 0.0000069 0.0017571
2.2790761 0.0002116 0.0004441 0.0004451 0.0003113 0.0001641 0.0000696 0.0000239 0.0000079 0.0016776
2.2991564 0.0001964 0.0004146 0.0004273 0.0003054 0.0001607 0.0000725 0.0000236 0.0000057 0.0016063
2.3192368 0.0001823 0.0003905 0.0004001 0.0002755 0.0001527 0.0000673 0.0000240 0.0000069 0.0014994
2.3393171 0.0001692 0.0003650 0.0003847 0.0002756 0.0001526 0.0000668 0.0000259 0.0000074 0.0014473
2.3593974 0.0001571 0.0003456 0.0003689 0.0002671 0.0001502 0.0000652 0.0000219 0.0000061 0.0013821
2.3794777 0.0001458 0.0003245 0.0003483 0.0002566 0.0001407 0.0000624 0.0000246 0.0000081 0.0013110
2.3995581 0.0001353 0.0003040 0.0003284 0.0002452 0.0001399 0.0000652 0.0000255 0.0000091 0.0012524
2.4196384 0.0001256 0.0002875 0.0003129 0.0002353 0.0001299 0.0000598 0.0000211 0.0000070 0.0011791
2.4397187 0.0001166 0.0002688 0.0002975 0.0002289 0.0001363 0.0000630 0.0000251 0.0000083 0.0011444
2.4597991 0.0001082 0.0002517 0.0002825 0.0002159 0.0001282 0.0000599 0.0000211 0.0000062 0.0010739
2.4798794 0.0001004 0.0002363 0.0002661 0.0002044 0.0001168 0.0000550 0.0000212 0.0000071 0.0010073
2.4999597 0.0000932 0.0002221 0.0002525 0.0001980 0.0001169 0.0000576 0.0000221 0.0000078 0.0009701
2.5200400 0.0000865 0.0002080 0.0002373 0.0001865 0.0001107 0.0000556 0.0000240 0.0000078 0.0009165
2.5401204 0.0000803 0.0001946 0.0002272 0.0001827 0.0001114 0.0000536 0.0000223 0.0000075 0.0008796
2.5602007 0.0000745 0.0001837 0.0002154 0.0001732 0.0001053 0.0000518 0.0000214 0.0000077 0.0008332
2.5802810 0.0000692 0.0001731 0.0002049 0.0001691 0.0001063 0.0000533 0.0000231 0.0000084 0.0008074
2.6003613 0.0000642 0.0001610 0.0001922 0.0001598 0.0000994 0.0000495 0.0000194 0.0000076 0.0007532
2.6204417 0.0000596 0.0001512 0.0001826 0.0001521 0.0000945 0.0000490 0.0000197 0.0000087 0.0007175
2.6405220 0.0000553 0.0001410 0.0001715 0.0001428 0.0000933 0.0000478 0.0000197 0.0000073 0.0006787
2.6606023 0.0000513 0.0001328 0.0001618 0.0001346 0.0000851 0.0000435 0.0000184 0.0000075 0.0006351
2.6806827 0.0000477 0.0001241 0.0001522 0.0001308 0.0000836 0.0000437 0.0000193 0.0000078 0.0006091
2.7007630 0.0000442 0.0001171 0.0001468 0.0001273 0.0000825 0.0000441 0.0000187 0.0000073 0.0005880
2.7208433 0.0000411 0.0001107 0.0001415 0.0001207 0.0000806 0.0000435 0.0000186 0.0000072 0.0005638
2.7409236 0.0000381 0.0001033 0.0001321 0.0001153 0.0000778 0.0000421 0.0000197 0.0000078 0.0005360
2.7610040 0.0000354 0.0000961 0.0001228 0.0001090 0.0000744 0.0000405 0.0000179 0.0000070 0.0005033
2.7810843 0.0000328 0.0000900 0.0001177 0.0001053 0.0000706 0.0000383 0.0000175 0.0000065 0.0004786
2.8011646 0.0000305 0.0000845 0.0001134 0.0001034 0.0000716 0.0000402 0.0000180 0.0000068 0.0004683
2.8212450 0.0000283 0.0000791 0.0001053 0.0000981 0.0000675 0.0000374 0.0000180 0.0000075 0.0004412
2.8413253 0.0000263 0.0000742 0.0000993 0.0000937 0.0000660 0.0000369 0.0000171 0.0000069 0.0004203
2.8614056 0.0000244 0.0000701 0.0000955 0.0000877 0.0000619 0.0000334 0.0000154 0.0000058 0.0003940
2.8814859 0.0000226 0.0000652 0.0000900 0.0000833 0.0000589 0.0000334 0.0000150 0.0000063 0.0003747
2.9015663 0.0000210 0.0000613 0.0000851 0.0000805 0.0000572 0.0000328 0.0000161 0.0000064 0.0003604
2.9216464 0.0000195 0.0000573 0.0000802 0.0000765 0.0000548 0.0000317 0.0000161 0.0000066 0.0003427
2.9417267 0.0000181 0.0000541 0.0000766 0.0000727 0.0000535 0.0000308 0.0000152 0.0000058 0.0003269
2.9618070 0.0000168 0.0000509 0.0000722 0.0000697 0.0000502 0.0000301 0.0000148 0.0000062 0.0003108
2.9818873 0.0000156 0.0000478 0.0000680 0.0000671 0.0000494 0.0000291 0.0000147 0.0000062 0.0002980
3.0019677 0.0000145 0.0000445 0.0000635 0.0000630 0.0000463 0.0000269 0.0000132 0.0000055 0.0002773
3.0220480 0.0000134 0.0000413 0.0000603 0.0000609 0.0000456 0.0000273 0.0000146 0.0000061 0.0002695
3.0421283 0.0000125 0.0000391 0.0000584 0.0000586 0.0000444 0.0000269 0.0000143 0.0000064 0.0002606
3.0622087 0.0000116 0.0000359 0.0000529 0.0000532 0.0000408 0.0000250 0.0000127 0.0000050 0.0002370
3.0822890 0.0000107 0.0000341 0.0000506 0.0000509 0.0000395 0.0000248 0.0000130 0.0000058 0.0002292
3.1023693 0.0000100 0.0000320 0.0000489 0.0000498 0.0000393 0.0000246 0.0000127 0.0000061 0.0002234
