-------- p=1.522 a=1.000 mu=-2.200 N=20000000 time=2017-02-23 08:00:39 --------
0.0100000 0.9669790 0.0007163 0.0000000 0.0000000 0.0000000 0.0000000 0.0000000 0.0000000 0.9676954
0.0300803 0.9039285 0.0034275 0.0000211 0.0000000 0.0000000 0.0000000 0.0000000 0.0000000 0.9073771
0.0501606 0.8449890 0.0071175 0.0000614 0.0000000 0.0000000 0.0000000 0.0000000 0.0000000 0.8521678
0.0702410 0.7898926 0.0109886 0.0000686 0.0000000 0.0000000 0.0000000 0.0000000 0.0000000 0.8009498
0.0903213 0.7383887 0.0147429 0.0001704 0.0000000 0.0000000 0.0000000 0.0000000 0.0000000 0.7533020
0.1104016 0.6902431 0.0187361 0.0002416 0.0000081 0.0000000 0.0000000 0.0000000 0.0000000 0.7092289
0.1304819 0.6452367 0.0225942 0.0003068 0.0000015 0.0000000 0.0000000 0.0000000 0.0000000 0.6681392
0.1505622 0.6031649 0.0259467 0.0005177 0.0000003 0.0000000 0.0000000 0.0000000 0.0000000 0.6296296
0.1706426 0.5638363 0.0293422 0.0007282 0.0000071 0.0000000 0.0000000 0.0000000 0.0000000 0.5939138
0.1907229 0.5270721 0.0323625 0.0009724 0.0000098 0.0000000 0.0000000 0.0000000 0.0000000 0.5604169
0.2108032 0.4927051 0.0347481 0.0012493 0.0000042 0.0000000 0.0000000 0.0000000 0.0000000 0.5287066
0.2308835 0.4605789 0.0374498 0.0015919 0.0000572 0.0000000 0.0000000 0.0000000 0.0000000 0.4996779
0.2509638 0.4305475 0.0396579 0.0017451 0.0000573 0.0000094 0.0000000 0.0000000 0.0000000 0.4720172
0.2710442 0.4024742 0.0412584 0.0020830 0.0000724 0.0000029 0.0000000 0.0000000 0.0000000 0.4458909
0.2911245 0.3762314 0.0428944 0.0023074 0.0000822 0.0000013 0.0000000 0.0000000 0.0000000 0.4215168
0.3112048 0.3516998 0.0441369 0.0028424 0.0001653 0.0000002 0.0000000 0.0000000 0.0000000 0.3988445
0.3312851 0.3287676 0.0452789 0.0031862 0.0001226 0.0000012 0.0000000 0.0000000 0.0000000 0.3773566
0.3513654 0.3073308 0.0460404 0.0037061 0.0002867 0.0000107 0.0000003 0.0000000 0.0000000 0.3573750
0.3714458 0.2872917 0.0468260 0.0038316 0.0001926 0.0000081 0.0000000 0.0000000 0.0000000 0.3381499
0.3915261 0.2685592 0.0473863 0.0042842 0.0002554 0.0000135 0.0000001 0.0000000 0.0000000 0.3204987
0.4116064 0.2510482 0.0476682 0.0045452 0.0003011 0.0000212 0.0000001 0.0000000 0.0000000 0.3035840
0.4316867 0.2346789 0.0475099 0.0046823 0.0003282 0.0000236 0.0000000 0.0000000 0.0000000 0.2872228
0.4517670 0.2193770 0.0474518 0.0051258 0.0003442 0.0000226 0.0000018 0.0000000 0.0000000 0.2723232
0.4718474 0.2050728 0.0471937 0.0055142 0.0005266 0.0000253 0.0000000 0.0000000 0.0000000 0.2583326
0.4919277 0.1917013 0.0469039 0.0059555 0.0005265 0.0000568 0.0000000 0.0000000 0.0000000 0.2451439
0.5120080 0.1792017 0.0462749 0.0059664 0.0005458 0.0000419 0.0000002 0.0000000 0.0000000 0.2320307
0.5320883 0.1675170 0.0458549 0.0062586 0.0006880 0.0000426 0.0000001 0.0000000 0.0000000 0.2203613
0.5521687 0.1565943 0.0452075 0.0066581 0.0005993 0.0000436 0.0000015 0.0000000 0.0000000 0.2091042
0.5722489 0.1463838 0.0443477 0.0067040 0.0006675 0.0000392 0.0000000 0.0000000 0.0000000 0.1981422
0.5923293 0.1368391 0.0435943 0.0069120 0.0008314 0.0000901 0.0000128 0.0000000 0.0000000 0.1882797
0.6124096 0.1279166 0.0426710 0.0071499 0.0008217 0.0000522 0.0000010 0.0000000 0.0000000 0.1786124
0.6324899 0.1195760 0.0415787 0.0073959 0.0009411 0.0000636 0.0000091 0.0000000 0.0000000 0.1695643
0.6525702 0.1117792 0.0406863 0.0077676 0.0010434 0.0001038 0.0000039 0.0000000 0.0000000 0.1613843
0.6726506 0.1044908 0.0397515 0.0076713 0.0010116 0.0000671 0.0000003 0.0000000 0.0000000 0.1529927
0.6927309 0.0976776 0.0387955 0.0077404 0.0010718 0.0001152 0.0000022 0.0000000 0.0000000 0.1454027
0.7128112 0.0913087 0.0376117 0.0079407 0.0011619 0.0000821 0.0000031 0.0000001 0.0000000 0.1381083
0.7328916 0.0853550 0.0364934 0.0082503 0.0011639 0.0001214 0.0000022 0.0000000 0.0000000 0.1313863
0.7529718 0.0797896 0.0354702 0.0077726 0.0011941 0.0001529 0.0000091 0.0000000 0.0000000 0.1243885
0.7730522 0.0745870 0.0343612 0.0081722 0.0012384 0.0001292 0.0000106 0.0000070 0.0000006 0.1185062
0.7931325 0.0697236 0.0332995 0.0081647 0.0013772 0.0001804 0.0000175 0.0000001 0.0000000 0.1127629
0.8132128 0.0651774 0.0321206 0.0083105 0.0014125 0.0002138 0.0000232 0.0000004 0.0000000 0.1072585
0.8332931 0.0609276 0.0312350 0.0080370 0.0013145 0.0002004 0.0000200 0.0000001 0.0000000 0.1017345
0.8533735 0.0569549 0.0300323 0.0081033 0.0014722 0.0002218 0.0000295 0.0000064 0.0000036 0.0968239
0.8734538 0.0532412 0.0289993 0.0081367 0.0015950 0.0002310 0.0000274 0.0000018 0.0000000 0.0922323
0.8935341 0.0497697 0.0280213 0.0081483 0.0015554 0.0002276 0.0000272 0.0000045 0.0000028 0.0877569
0.9136144 0.0465245 0.0269504 0.0078889 0.0016600 0.0002630 0.0000190 0.0000099 0.0000000 0.0833158
0.9336947 0.0434910 0.0260171 0.0079410 0.0016909 0.0002874 0.0000297 0.0000035 0.0000000 0.0794606
0.9537750 0.0406552 0.0249811 0.0080138 0.0017189 0.0002754 0.0000309 0.0000031 0.0000000 0.0756783
0.9738554 0.0380043 0.0240267 0.0076584 0.0016477 0.0002862 0.0000236 0.0000016 0.0000000 0.0716485
0.9939357 0.0355263 0.0230844 0.0075218 0.0016446 0.0002994 0.0000395 0.0000022 0.0000000 0.0681182
1.0140160 0.0332099 0.0222062 0.0076092 0.0017738 0.0003263 0.0000407 0.0000024 0.0000000 0.0651686
1.0340964 0.0310444 0.0213129 0.0074894 0.0018516 0.0003293 0.0000525 0.0000012 0.0000000 0.0620814
1.0541767 0.0290202 0.0204188 0.0074293 0.0018618 0.0003647 0.0000577 0.0000121 0.0000020 0.0591668
1.0742570 0.0271280 0.0196216 0.0072820 0.0017433 0.0003418 0.0000434 0.0000028 0.0000001 0.0561629
1.0943373 0.0253592 0.0188252 0.0071094 0.0018545 0.0003422 0.0000630 0.0000155 0.0000001 0.0535689
1.1144177 0.0237057 0.0180260 0.0069655 0.0018742 0.0004105 0.0000772 0.0000142 0.0000001 0.0510733
1.1344979 0.0221600 0.0173072 0.0067508 0.0018893 0.0004164 0.0000672 0.0000109 0.0000002 0.0486019
1.1545782 0.0207151 0.0165437 0.0067509 0.0018168 0.0003905 0.0000712 0.0000091 0.0000002 0.0462975
1.1746585 0.0193644 0.0158041 0.0066077 0.0018893 0.0004115 0.0000695 0.0000088 0.0000001 0.0441554
1.1947389 0.0181017 0.0150963 0.0065023 0.0018911 0.0004058 0.0000683 0.0000069 0.0000013 0.0420738
1.2148192 0.0169214 0.0144491 0.0062401 0.0018504 0.0004214 0.0000724 0.0000100 0.0000001 0.0399650
1.2348995 0.0158181 0.0138529 0.0061510 0.0018859 0.0004453 0.0000738 0.0000098 0.0000033 0.0382400
1.2549798 0.0147867 0.0132729 0.0059855 0.0018397 0.0004401 0.0000829 0.0000142 0.0000035 0.0364254
1.2750602 0.0138225 0.0126442 0.0058907 0.0019082 0.0004064 0.0000783 0.0000073 0.0000007 0.0347584
1.2951405 0.0129213 0.0120690 0.0058317 0.0018692 0.0004375 0.0000809 0.0000121 0.0000001 0.0332218
1.3152208 0.0120787 0.0115187 0.0055335 0.0018539 0.0004632 0.0000881 0.0000098 0.0000001 0.0315459
1.3353012 0.0112912 0.0110139 0.0053761 0.0017888 0.0004901 0.0001059 0.0000151 0.0000007 0.0300817
1.3553815 0.0105549 0.0104734 0.0052476 0.0017323 0.0004198 0.0000952 0.0000139 0.0000003 0.0285374
1.3754618 0.0098667 0.0100191 0.0051900 0.0018030 0.0004571 0.0001052 0.0000200 0.0000019 0.0274630
1.3955421 0.0092234 0.0095649 0.0050797 0.0018387 0.0004891 0.0000996 0.0000188 0.0000005 0.0263146
1.4156225 0.0086220 0.0091037 0.0048247 0.0017629 0.0004596 0.0001052 0.0000278 0.0000018 0.0249077
1.4357028 0.0080598 0.0086880 0.0047150 0.0017946 0.0004903 0.0001037 0.0000190 0.0000033 0.0238737
1.4557831 0.0075343 0.0082668 0.0045329 0.0016973 0.0004864 0.0001153 0.0000216 0.0000014 0.0226560
1.4758633 0.0070430 0.0078727 0.0044866 0.0017934 0.0005065 0.0001393 0.0000245 0.0000064 0.0218725
1.4959437 0.0065838 0.0074798 0.0042672 0.0016978 0.0005171 0.0001061 0.0000190 0.0000022 0.0206728
1.5160240 0.0061545 0.0071735 0.0041437 0.0016450 0.0004972 0.0001229 0.0000264 0.0000027 0.0197660
1.5361043 0.0057532 0.0067794 0.0039905 0.0015960 0.0005075 0.0001430 0.0000326 0.0000062 0.0188083
1.5561846 0.0053781 0.0064647 0.0038224 0.0015767 0.0004927 0.0001318 0.0000336 0.0000089 0.0179089
1.5762650 0.0050274 0.0061093 0.0037580 0.0015841 0.0005049 0.0001500 0.0000353 0.0000042 0.0171731
1.5963453 0.0046996 0.0058190 0.0035849 0.0015277 0.0005171 0.0001355 0.0000276 0.0000068 0.0163182
1.6164256 0.0043932 0.0055361 0.0035337 0.0015235 0.0005008 0.0001268 0.0000235 0.0000036 0.0156410
1.6365060 0.0041067 0.0052767 0.0033891 0.0015006 0.0004904 0.0001416 0.0000344 0.0000070 0.0149466
1.6565863 0.0038389 0.0049842 0.0032757 0.0015126 0.0005171 0.0001514 0.0000317 0.0000023 0.0143139
1.6766666 0.0035886 0.0047718 0.0031977 0.0014735 0.0005324 0.0001429 0.0000310 0.0000056 0.0137436
1.6967469 0.0033546 0.0045334 0.0030528 0.0014032 0.0005080 0.0001359 0.0000370 0.0000074 0.0130324
1.7168273 0.0031359 0.0043013 0.0029207 0.0013781 0.0004970 0.0001321 0.0000323 0.0000046 0.0124020
1.7369076 0.0029314 0.0040765 0.0028327 0.0013397 0.0004848 0.0001386 0.0000383 0.0000058 0.0118478
1.7569879 0.0027403 0.0038724 0.0027252 0.0013344 0.0004825 0.0001341 0.0000308 0.0000062 0.0113260
1.7770681 0.0025616 0.0036724 0.0026019 0.0012669 0.0004551 0.0001312 0.0000350 0.0000055 0.0107296
1.7971485 0.0023946 0.0035065 0.0024992 0.0012445 0.0004594 0.0001447 0.0000317 0.0000060 0.0102867
1.8172288 0.0022384 0.0033102 0.0024562 0.0012492 0.0004773 0.0001404 0.0000405 0.0000080 0.0099204
1.8373091 0.0020925 0.0031511 0.0023254 0.0011877 0.0004524 0.0001447 0.0000361 0.0000081 0.0093979
1.8573895 0.0019561 0.0029813 0.0022498 0.0011948 0.0004765 0.0001511 0.0000451 0.0000115 0.0090662
1.8774698 0.0018285 0.0028247 0.0021712 0.0011535 0.0004715 0.0001550 0.0000455 0.0000116 0.0086615
1.8975501 0.0017093 0.0026762 0.0020897 0.0011295 0.0004660 0.0001494 0.0000416 0.0000138 0.0082755
1.9176304 0.0015978 0.0025216 0.0019692 0.0010964 0.0004572 0.0001609 0.0000457 0.0000162 0.0078649
1.9377108 0.0014937 0.0024010 0.0019164 0.0010543 0.0004320 0.0001366 0.0000392 0.0000088 0.0074819
1.9577911 0.0013963 0.0022845 0.0018423 0.0010210 0.0004500 0.0001496 0.0000401 0.0000082 0.0071918
1.9778714 0.0013052 0.0021590 0.0017656 0.0009812 0.0004038 0.0001359 0.0000414 0.0000068 0.0067988
1.9979517 0.0012201 0.0020462 0.0017053 0.0009848 0.0004156 0.0001359 0.0000416 0.0000088 0.0065583
2.0180321 0.0011406 0.0019368 0.0016366 0.0009562 0.0004178 0.0001481 0.0000383 0.0000082 0.0062825
2.0381124 0.0010662 0.0018346 0.0015738 0.0009337 0.0004189 0.0001431 0.0000439 0.0000110 0.0060253
2.0581927 0.0009967 0.0017449 0.0015000 0.0008808 0.0004040 0.0001413 0.0000424 0.0000104 0.0057205
2.0782731 0.0009317 0.0016524 0.0014506 0.0008676 0.0003857 0.0001394 0.0000443 0.0000093 0.0054810
2.0983534 0.0008709 0.0015609 0.0013838 0.0008649 0.0004056 0.0001424 0.0000437 0.0000177 0.0052899
2.1184337 0.0008141 0.0014763 0.0013125 0.0007950 0.0003524 0.0001423 0.0000465 0.0000117 0.0049507
2.1385140 0.0007611 0.0013923 0.0012619 0.0007814 0.0003729 0.0001480 0.0000469 0.0000142 0.0047785
2.1585944 0.0007114 0.0013177 0.0012253 0.0007670 0.0003648 0.0001377 0.0000489 0.0000103 0.0045831
2.1786747 0.0006650 0.0012504 0.0011724 0.0007537 0.0003628 0.0001353 0.0000498 0.0000169 0.0044062
2.1987550 0.0006217 0.0011902 0.0011181 0.0007156 0.0003444 0.0001390 0.0000433 0.0000101 0.0041825
2.2188354 0.0005811 0.0011223 0.0010667 0.0007040 0.0003398 0.0001235 0.0000357 0.0000085 0.0039816
2.2389157 0.0005433 0.0010616 0.0010244 0.0006634 0.0003251 0.0001387 0.0000474 0.0000118 0.0038156
2.2589958 0.0005078 0.0010017 0.0009665 0.0006402 0.0003196 0.0001354 0.0000455 0.0000134 0.0036301
2.2790761 0.0004747 0.0009470 0.0009277 0.0006193 0.0003185 0.0001339 0.0000458 0.0000129 0.0034798
2.2991564 0.0004438 0.0008982 0.0008900 0.0006087 0.0003223 0.0001333 0.0000439 0.0000124 0.0033526
2.3192368 0.0004148 0.0008417 0.0008398 0.0005814 0.0003006 0.0001232 0.0000468 0.0000114 0.0031599
2.3393171 0.0003878 0.0007996 0.0007976 0.0005520 0.0002837 0.0001187 0.0000450 0.0000110 0.0029953
2.3593974 0.0003625 0.0007553 0.0007822 0.0005547 0.0002966 0.0001244 0.0000479 0.0000150 0.0029386
2.3794777 0.0003389 0.0007171 0.0007459 0.0005309 0.0002836 0.0001207 0.0000422 0.0000124 0.0027917
2.3995581 0.0003168 0.0006775 0.0007219 0.0005089 0.0002757 0.0001154 0.0000417 0.0000142 0.0026721
2.4196384 0.0002961 0.0006433 0.0006827 0.0005052 0.0002756 0.0001214 0.0000468 0.0000171 0.0025883
2.4397187 0.0002768 0.0006063 0.0006426 0.0004644 0.0002493 0.0001138 0.0000419 0.0000141 0.0024091
2.4597991 0.0002588 0.0005674 0.0006066 0.0004519 0.0002521 0.0001122 0.0000420 0.0000127 0.0023036
2.4798794 0.0002419 0.0005405 0.0005921 0.0004356 0.0002531 0.0001130 0.0000416 0.0000142 0.0022320
2.4999597 0.0002261 0.0005104 0.0005591 0.0004259 0.0002499 0.0001208 0.0000459 0.0000158 0.0021539
2.5200400 0.0002114 0.0004824 0.0005335 0.0004015 0.0002293 0.0001067 0.0000417 0.0000117 0.0020180
2.5401204 0.0001976 0.0004575 0.0005224 0.0003896 0.0002283 0.0001091 0.0000420 0.0000154 0.0019619
2.5602007 0.0001847 0.0004278 0.0004895 0.0003792 0.0002227 0.0001027 0.0000389 0.0000124 0.0018578
2.5802810 0.0001727 0.0004058 0.0004661 0.0003653 0.0002250 0.0001033 0.0000413 0.0000152 0.0017947
2.6003613 0.0001614 0.0003827 0.0004452 0.0003487 0.0002126 0.0001045 0.0000447 0.0000162 0.0017160
2.6204417 0.0001509 0.0003614 0.0004270 0.0003430 0.0002078 0.0001021 0.0000461 0.0000140 0.0016523
2.6405220 0.0001410 0.0003404 0.0003975 0.0003261 0.0001996 0.0000993 0.0000422 0.0000132 0.0015594
2.6606023 0.0001318 0.0003210 0.0003860 0.0003154 0.0001987 0.0000995 0.0000416 0.0000160 0.0015102
2.6806827 0.0001232 0.0003028 0.0003679 0.0003007 0.0001869 0.0000957 0.0000423 0.0000165 0.0014361
2.7007630 0.0001152 0.0002878 0.0003485 0.0002879 0.0001803 0.0000892 0.0000373 0.0000143 0.0013606
2.7208433 0.0001077 0.0002731 0.0003324 0.0002765 0.0001774 0.0000913 0.0000389 0.0000155 0.0013129
2.7409236 0.0001007 0.0002543 0.0003101 0.0002606 0.0001624 0.0000828 0.0000351 0.0000119 0.0012179
2.7610040 0.0000941 0.0002408 0.0003020 0.0002560 0.0001669 0.0000871 0.0000363 0.0000120 0.0011952
2.7810843 0.0000880 0.0002285 0.0002868 0.0002438 0.0001588 0.0000840 0.0000383 0.0000148 0.0011430
2.8011646 0.0000822 0.0002141 0.0002737 0.0002420 0.0001610 0.0000853 0.0000385 0.0000157 0.0011125
2.8212450 0.0000769 0.0002033 0.0002621 0.0002365 0.0001549 0.0000868 0.0000399 0.0000152 0.0010756
2.8413253 0.0000719 0.0001908 0.0002489 0.0002214 0.0001506 0.0000771 0.0000349 0.0000139 0.0010095
2.8614056 0.0000672 0.0001819 0.0002393 0.0002119 0.0001401 0.0000766 0.0000336 0.0000128 0.0009634
2.8814859 0.0000628 0.0001717 0.0002268 0.0002044 0.0001424 0.0000798 0.0000361 0.0000146 0.0009385
2.9015663 0.0000587 0.0001611 0.0002153 0.0001963 0.0001364 0.0000727 0.0000346 0.0000144 0.0008896
2.9216464 0.0000549 0.0001519 0.0002062 0.0001912 0.0001303 0.0000721 0.0000340 0.0000143 0.0008549
2.9417267 0.0000513 0.0001427 0.0001916 0.0001776 0.0001242 0.0000702 0.0000330 0.0000144 0.0008051
2.9618070 0.0000480 0.0001358 0.0001847 0.0001718 0.0001220 0.0000707 0.0000354 0.0000144 0.0007827
2.9818873 0.0000448 0.0001269 0.0001733 0.0001648 0.0001158 0.0000672 0.0000332 0.0000145 0.0007406
3.0019677 0.0000419 0.0001195 0.0001650 0.0001530 0.0001081 0.0000626 0.0000310 0.0000134 0.0006945
3.0220480 0.0000392 0.0001135 0.0001566 0.0001487 0.0001061 0.0000643 0.0000310 0.0000131 0.0006726
3.0421283 0.0000366 0.0001055 0.0001471 0.0001441 0.0001028 0.0000592 0.0000271 0.0000117 0.0006342
3.0622087 0.0000342 0.0001011 0.0001435 0.0001388 0.0001022 0.0000614 0.0000306 0.0000123 0.0006241
3.0822890 0.0000320 0.0000949 0.0001347 0.0001331 0.0000995 0.0000576 0.0000283 0.0000126 0.0005927
3.1023693 0.0000299 0.0000899 0.0001315 0.0001299 0.0000965 0.0000561 0.0000275 0.0000121 0.0005734
3.1224496 0.0000280 0.0000840 0.0001217 0.0001212 0.0000904 0.0000548 0.0000273 0.0000120 0.0005394
3.1425300 0.0000261 0.0000784 0.0001142 0.0001142 0.0000863 0.0000516 0.0000259 0.0000112 0.0005080
3.1626103 0.0000244 0.0000746 0.0001119 0.0001127 0.0000858 0.0000540 0.0000261 0.0000123 0.0005018
