-------- p=1.304 a=1.000 mu=-2.200 N=20000000 time=2017-02-23 08:00:39 --------
0.0100000 0.9699540 0.0007384 0.0000000 0.0000000 0.0000000 0.0000000 0.0000000 0.0000000 0.9706924
0.0300803 0.9123196 0.0035831 0.0000071 0.0000000 0.0000000 0.0000000 0.0000000 0.0000000 0.9159099
0.0501606 0.8581099 0.0071570 0.0000575 0.0000000 0.0000000 0.0000000 0.0000000 0.0000000 0.8653243
0.0702410 0.8071212 0.0112020 0.0000757 0.0000000 0.0000000 0.0000000 0.0000000 0.0000000 0.8183989
0.0903213 0.7591623 0.0153880 0.0001985 0.0000005 0.0000000 0.0000000 0.0000000 0.0000000 0.7747494
0.1104016 0.7140531 0.0193486 0.0003719 0.0000082 0.0000000 0.0000000 0.0000000 0.0000000 0.7337818
0.1304819 0.6716243 0.0232518 0.0004511 0.0000001 0.0000000 0.0000000 0.0000000 0.0000000 0.6953273
0.1505622 0.6317166 0.0271611 0.0006615 0.0000055 0.0000000 0.0000000 0.0000000 0.0000000 0.6595446
0.1706426 0.5941801 0.0306453 0.0007650 0.0000289 0.0000000 0.0000000 0.0000000 0.0000000 0.6256194
0.1907229 0.5588741 0.0339715 0.0009942 0.0000107 0.0000000 0.0000000 0.0000000 0.0000000 0.5938505
0.2108032 0.5256660 0.0371512 0.0012659 0.0000397 0.0000000 0.0000000 0.0000000 0.0000000 0.5641227
0.2308835 0.4944311 0.0399925 0.0017403 0.0000701 0.0000000 0.0000000 0.0000000 0.0000000 0.5362339
0.2509638 0.4650521 0.0423234 0.0019167 0.0000932 0.0000051 0.0000000 0.0000000 0.0000000 0.5093905
0.2710442 0.4374189 0.0447730 0.0021721 0.0000812 0.0000000 0.0000000 0.0000000 0.0000000 0.4844452
0.2911245 0.4114276 0.0466457 0.0028441 0.0001380 0.0000150 0.0000000 0.0000000 0.0000000 0.4610705
0.3112048 0.3869807 0.0483487 0.0029535 0.0001237 0.0000001 0.0000000 0.0000000 0.0000000 0.4384066
0.3312851 0.3639864 0.0498266 0.0031156 0.0001479 0.0000025 0.0000000 0.0000000 0.0000000 0.4170790
0.3513654 0.3423584 0.0510369 0.0039926 0.0002607 0.0000027 0.0000000 0.0000000 0.0000000 0.3976513
0.3714458 0.3220156 0.0520346 0.0043972 0.0002724 0.0000032 0.0000000 0.0000000 0.0000000 0.3787231
0.3915261 0.3028815 0.0529526 0.0047925 0.0003629 0.0000064 0.0000000 0.0000000 0.0000000 0.3609959
0.4116064 0.2848844 0.0531868 0.0050148 0.0003090 0.0000161 0.0000000 0.0000000 0.0000000 0.3434112
0.4316867 0.2679566 0.0537356 0.0055664 0.0003004 0.0000147 0.0000002 0.0000000 0.0000000 0.3275739
0.4517670 0.2520347 0.0539287 0.0059011 0.0004000 0.0000373 0.0000000 0.0000000 0.0000000 0.3123019
0.4718474 0.2370589 0.0541912 0.0061138 0.0004617 0.0000155 0.0000000 0.0000000 0.0000000 0.2978412
0.4919277 0.2229729 0.0539867 0.0066378 0.0005822 0.0000183 0.0000008 0.0000000 0.0000000 0.2841987
0.5120080 0.2097239 0.0537110 0.0070694 0.0005839 0.0000256 0.0000000 0.0000000 0.0000000 0.2711138
0.5320883 0.1972622 0.0535551 0.0070413 0.0007623 0.0000486 0.0000002 0.0000000 0.0000000 0.2586697
0.5521687 0.1855409 0.0529497 0.0076947 0.0007563 0.0000314 0.0000000 0.0000000 0.0000000 0.2469730
0.5722489 0.1745162 0.0523774 0.0081213 0.0007846 0.0000687 0.0000009 0.0000000 0.0000000 0.2358691
0.5923293 0.1641465 0.0518814 0.0082056 0.0008505 0.0000842 0.0000011 0.0000000 0.0000000 0.2251692
0.6124096 0.1543929 0.0507683 0.0085180 0.0009811 0.0000801 0.0000095 0.0000000 0.0000000 0.2147500
0.6324899 0.1452189 0.0501332 0.0089819 0.0010346 0.0001003 0.0000031 0.0000000 0.0000000 0.2054720
0.6525702 0.1365901 0.0493096 0.0088407 0.0011242 0.0001263 0.0000083 0.0000000 0.0000000 0.1959991
0.6726506 0.1284739 0.0483519 0.0091916 0.0011799 0.0001442 0.0000069 0.0000000 0.0000000 0.1873484
0.6927309 0.1208400 0.0472468 0.0093176 0.0011930 0.0001392 0.0000044 0.0000001 0.0000000 0.1787412
0.7128112 0.1136598 0.0464144 0.0095326 0.0013814 0.0001558 0.0000037 0.0000000 0.0000000 0.1711476
0.7328916 0.1069061 0.0452758 0.0096412 0.0013681 0.0001725 0.0000154 0.0000001 0.0000000 0.1633791
0.7529718 0.1005538 0.0441115 0.0095788 0.0014391 0.0001528 0.0000161 0.0000000 0.0000000 0.1558520
0.7730522 0.0945789 0.0430362 0.0100216 0.0015872 0.0001926 0.0000186 0.0000001 0.0000000 0.1494353
0.7931325 0.0889591 0.0419910 0.0102999 0.0018362 0.0002666 0.0000091 0.0000023 0.0000000 0.1433642
0.8132128 0.0836732 0.0409319 0.0102500 0.0016844 0.0002216 0.0000339 0.0000004 0.0000000 0.1367953
0.8332931 0.0787013 0.0397339 0.0103629 0.0019804 0.0002649 0.0000310 0.0000001 0.0000000 0.1310746
0.8533735 0.0740249 0.0386877 0.0103140 0.0018623 0.0002188 0.0000137 0.0000000 0.0000000 0.1251213
0.8734538 0.0696264 0.0376327 0.0103672 0.0019340 0.0002850 0.0000198 0.0000027 0.0000000 0.1198678
0.8935341 0.0654892 0.0365164 0.0102479 0.0018818 0.0003051 0.0000292 0.0000002 0.0000000 0.1144698
0.9136144 0.0615978 0.0353614 0.0103066 0.0019829 0.0002718 0.0000307 0.0000019 0.0000000 0.1095532
0.9336947 0.0579377 0.0341990 0.0104145 0.0021511 0.0003534 0.0000437 0.0000088 0.0000041 0.1051123
0.9537750 0.0544951 0.0331500 0.0102068 0.0021457 0.0003104 0.0000536 0.0000154 0.0000002 0.1003773
0.9738554 0.0512570 0.0320395 0.0101378 0.0022130 0.0003818 0.0000379 0.0000074 0.0000001 0.0960745
0.9939357 0.0482113 0.0308669 0.0102567 0.0021897 0.0003361 0.0000480 0.0000118 0.0000024 0.0919230
1.0140160 0.0453466 0.0299424 0.0100266 0.0023370 0.0004750 0.0000934 0.0000075 0.0000001 0.0882286
1.0340964 0.0426521 0.0289292 0.0100629 0.0023774 0.0004031 0.0000511 0.0000061 0.0000011 0.0844830
1.0541767 0.0401178 0.0279643 0.0098282 0.0023762 0.0004445 0.0000739 0.0000088 0.0000016 0.0808154
1.0742570 0.0377340 0.0268953 0.0096750 0.0024578 0.0004581 0.0000748 0.0000165 0.0000042 0.0773157
1.0943373 0.0354918 0.0259010 0.0097933 0.0023850 0.0004508 0.0000597 0.0000098 0.0000004 0.0740919
1.1144177 0.0333829 0.0250318 0.0096899 0.0025139 0.0004936 0.0001066 0.0000259 0.0000058 0.0712503
1.1344979 0.0313993 0.0241604 0.0093314 0.0024847 0.0004961 0.0000594 0.0000054 0.0000003 0.0679371
1.1545782 0.0295336 0.0232685 0.0092501 0.0025467 0.0005621 0.0000844 0.0000076 0.0000001 0.0652530
1.1746585 0.0277787 0.0222972 0.0090656 0.0025025 0.0005495 0.0000935 0.0000157 0.0000002 0.0623029
1.1947389 0.0261281 0.0215312 0.0089991 0.0026034 0.0005915 0.0000936 0.0000073 0.0000000 0.0599542
1.2148192 0.0245756 0.0207149 0.0088960 0.0025810 0.0006124 0.0001140 0.0000190 0.0000012 0.0575141
1.2348995 0.0231153 0.0199058 0.0086834 0.0025391 0.0005786 0.0001068 0.0000185 0.0000041 0.0549516
1.2549798 0.0217418 0.0191451 0.0085964 0.0026660 0.0006694 0.0001106 0.0000134 0.0000037 0.0529465
1.2750602 0.0204499 0.0183922 0.0083907 0.0027044 0.0006629 0.0001147 0.0000153 0.0000003 0.0507305
1.2951405 0.0192348 0.0176068 0.0083226 0.0026807 0.0006245 0.0001112 0.0000184 0.0000001 0.0485991
1.3152208 0.0180918 0.0169642 0.0080823 0.0026361 0.0006896 0.0001403 0.0000300 0.0000061 0.0466403
1.3353012 0.0170168 0.0162574 0.0078554 0.0026201 0.0006491 0.0001253 0.0000255 0.0000016 0.0445512
1.3553815 0.0160057 0.0155799 0.0077555 0.0025825 0.0006422 0.0001459 0.0000166 0.0000017 0.0427302
1.3754618 0.0150546 0.0149713 0.0075023 0.0026623 0.0007113 0.0001560 0.0000356 0.0000118 0.0411052
1.3955421 0.0141601 0.0143566 0.0072496 0.0025775 0.0006663 0.0001442 0.0000211 0.0000024 0.0391778
1.4156225 0.0133187 0.0137681 0.0071596 0.0026307 0.0007395 0.0001748 0.0000324 0.0000057 0.0378295
1.4357028 0.0125273 0.0131994 0.0070814 0.0026550 0.0007684 0.0001630 0.0000318 0.0000022 0.0364285
1.4557831 0.0117829 0.0126517 0.0068536 0.0026283 0.0007284 0.0001641 0.0000485 0.0000191 0.0348766
1.4758633 0.0110828 0.0120867 0.0065826 0.0024821 0.0007190 0.0001825 0.0000270 0.0000022 0.0331650
1.4959437 0.0104243 0.0115723 0.0065786 0.0025882 0.0007401 0.0001886 0.0000360 0.0000023 0.0321304
1.5160240 0.0098049 0.0111136 0.0063036 0.0024697 0.0007306 0.0001610 0.0000178 0.0000016 0.0306028
1.5361043 0.0092223 0.0106473 0.0061680 0.0024610 0.0007440 0.0001832 0.0000342 0.0000097 0.0294698
1.5561846 0.0086743 0.0101877 0.0060874 0.0025241 0.0007919 0.0001901 0.0000330 0.0000025 0.0284912
1.5762650 0.0081589 0.0097372 0.0060084 0.0024705 0.0007601 0.0001893 0.0000353 0.0000132 0.0273728
1.5963453 0.0076741 0.0092971 0.0056938 0.0023873 0.0007909 0.0002068 0.0000451 0.0000121 0.0261073
1.6164256 0.0072181 0.0089424 0.0055014 0.0023776 0.0007358 0.0001873 0.0000362 0.0000118 0.0250104
1.6365060 0.0067892 0.0085137 0.0053406 0.0023206 0.0007666 0.0001850 0.0000480 0.0000058 0.0239695
1.6565863 0.0063858 0.0081471 0.0051812 0.0022624 0.0007377 0.0002016 0.0000525 0.0000153 0.0229835
1.6766666 0.0060063 0.0077700 0.0050705 0.0022389 0.0007337 0.0001962 0.0000490 0.0000140 0.0220786
1.6967469 0.0056494 0.0074279 0.0048779 0.0021863 0.0007676 0.0002379 0.0000580 0.0000114 0.0212164
1.7168273 0.0053137 0.0070942 0.0047542 0.0021553 0.0007756 0.0002059 0.0000470 0.0000181 0.0203641
1.7369076 0.0049980 0.0067793 0.0046421 0.0021404 0.0007696 0.0002360 0.0000570 0.0000086 0.0196311
1.7569879 0.0047010 0.0064894 0.0045194 0.0021506 0.0007687 0.0002286 0.0000650 0.0000167 0.0189395
1.7770681 0.0044217 0.0061720 0.0043496 0.0021114 0.0007748 0.0002325 0.0000625 0.0000128 0.0181374
1.7971485 0.0041590 0.0059155 0.0041902 0.0020280 0.0007530 0.0002204 0.0000447 0.0000112 0.0173220
1.8172288 0.0039118 0.0056298 0.0041090 0.0020274 0.0007419 0.0002169 0.0000503 0.0000163 0.0167035
1.8373091 0.0036794 0.0053646 0.0039647 0.0019770 0.0007662 0.0002413 0.0000608 0.0000149 0.0160690
1.8573895 0.0034608 0.0050934 0.0038021 0.0019339 0.0007231 0.0002568 0.0000663 0.0000143 0.0153507
1.8774698 0.0032551 0.0049066 0.0036869 0.0019312 0.0007579 0.0002387 0.0000592 0.0000095 0.0148451
1.8975501 0.0030617 0.0046589 0.0035464 0.0018684 0.0007353 0.0002468 0.0000722 0.0000147 0.0142044
1.9176304 0.0028798 0.0044527 0.0034871 0.0018765 0.0007447 0.0002452 0.0000618 0.0000131 0.0137609
1.9377108 0.0027087 0.0042430 0.0033045 0.0018053 0.0007192 0.0002448 0.0000626 0.0000136 0.0131018
1.9577911 0.0025477 0.0040407 0.0031982 0.0017699 0.0007110 0.0002214 0.0000613 0.0000097 0.0125601
1.9778714 0.0023963 0.0038416 0.0031052 0.0017092 0.0006993 0.0002169 0.0000600 0.0000120 0.0120406
1.9979517 0.0022539 0.0036510 0.0029753 0.0016791 0.0007111 0.0002491 0.0000629 0.0000129 0.0115954
2.0180321 0.0021200 0.0034874 0.0028648 0.0016441 0.0006955 0.0002441 0.0000776 0.0000149 0.0111484
2.0381124 0.0019940 0.0033425 0.0027751 0.0016017 0.0007132 0.0002483 0.0000736 0.0000232 0.0107716
2.0581927 0.0018756 0.0031835 0.0026673 0.0015299 0.0006831 0.0002410 0.0000717 0.0000229 0.0102749
2.0782731 0.0017641 0.0030188 0.0025798 0.0015390 0.0006761 0.0002399 0.0000747 0.0000213 0.0099138
2.0983534 0.0016593 0.0028820 0.0024948 0.0014982 0.0006781 0.0002431 0.0000744 0.0000167 0.0095465
2.1184337 0.0015607 0.0027560 0.0024159 0.0014366 0.0006666 0.0002466 0.0000728 0.0000212 0.0091763
2.1385140 0.0014680 0.0026149 0.0022863 0.0013774 0.0006320 0.0002284 0.0000692 0.0000171 0.0086933
2.1585944 0.0013807 0.0024780 0.0022142 0.0013437 0.0006263 0.0002384 0.0000746 0.0000214 0.0083772
2.1786747 0.0012987 0.0023817 0.0021524 0.0013285 0.0006363 0.0002550 0.0000906 0.0000301 0.0081732
2.1987550 0.0012215 0.0022512 0.0020570 0.0013194 0.0006343 0.0002330 0.0000659 0.0000208 0.0078031
2.2188354 0.0011489 0.0021466 0.0019575 0.0012313 0.0005873 0.0002374 0.0000874 0.0000309 0.0074272
2.2389157 0.0010807 0.0020357 0.0019252 0.0012458 0.0006157 0.0002264 0.0000820 0.0000247 0.0072361
2.2589958 0.0010165 0.0019337 0.0018466 0.0012078 0.0005827 0.0002374 0.0000806 0.0000210 0.0069263
2.2790761 0.0009561 0.0018335 0.0017652 0.0011688 0.0005918 0.0002462 0.0000914 0.0000263 0.0066793
2.2991564 0.0008993 0.0017569 0.0016973 0.0011321 0.0005819 0.0002369 0.0000863 0.0000277 0.0064183
2.3192368 0.0008458 0.0016634 0.0016194 0.0010942 0.0005741 0.0002561 0.0000836 0.0000225 0.0061590
2.3393171 0.0007956 0.0015861 0.0015589 0.0010683 0.0005414 0.0002219 0.0000829 0.0000230 0.0058781
2.3593974 0.0007483 0.0015170 0.0015161 0.0010393 0.0005518 0.0002277 0.0000854 0.0000229 0.0057085
2.3794777 0.0007038 0.0014442 0.0014836 0.0010115 0.0005290 0.0002190 0.0000762 0.0000194 0.0054867
2.3995581 0.0006620 0.0013624 0.0014018 0.0009748 0.0005262 0.0002332 0.0000803 0.0000258 0.0052665
2.4196384 0.0006227 0.0012951 0.0013218 0.0009337 0.0004984 0.0002159 0.0000831 0.0000237 0.0049943
2.4397187 0.0005857 0.0012446 0.0012945 0.0009322 0.0004921 0.0002276 0.0000882 0.0000288 0.0048937
2.4597991 0.0005509 0.0011737 0.0012469 0.0008892 0.0004784 0.0002102 0.0000788 0.0000264 0.0046544
2.4798794 0.0005181 0.0011119 0.0011779 0.0008619 0.0004882 0.0002180 0.0000908 0.0000273 0.0044942
2.4999597 0.0004873 0.0010532 0.0011226 0.0008283 0.0004545 0.0002099 0.0000750 0.0000241 0.0042550
2.5200400 0.0004584 0.0010068 0.0010842 0.0008088 0.0004490 0.0001988 0.0000785 0.0000246 0.0041092
2.5401204 0.0004312 0.0009515 0.0010459 0.0007855 0.0004448 0.0002094 0.0000832 0.0000277 0.0039793
2.5602007 0.0004055 0.0009156 0.0009973 0.0007575 0.0004318 0.0002025 0.0000740 0.0000267 0.0038109
2.5802810 0.0003814 0.0008619 0.0009645 0.0007417 0.0004134 0.0001909 0.0000693 0.0000237 0.0036468
2.6003613 0.0003588 0.0008148 0.0009304 0.0007140 0.0004135 0.0001918 0.0000814 0.0000233 0.0035279
2.6204417 0.0003375 0.0007803 0.0008897 0.0006969 0.0004061 0.0001966 0.0000798 0.0000240 0.0034108
2.6405220 0.0003174 0.0007391 0.0008515 0.0006698 0.0004096 0.0001972 0.0000843 0.0000285 0.0032974
2.6606023 0.0002985 0.0007004 0.0008021 0.0006408 0.0003908 0.0001857 0.0000724 0.0000284 0.0031192
2.6806827 0.0002808 0.0006657 0.0007778 0.0006293 0.0003733 0.0001799 0.0000681 0.0000241 0.0029990
2.7007630 0.0002641 0.0006324 0.0007471 0.0006047 0.0003659 0.0001851 0.0000736 0.0000280 0.0029009
2.7208433 0.0002484 0.0006037 0.0007120 0.0005967 0.0003606 0.0001848 0.0000732 0.0000254 0.0028048
2.7409236 0.0002337 0.0005713 0.0006860 0.0005568 0.0003481 0.0001771 0.0000722 0.0000226 0.0026677
2.7610040 0.0002198 0.0005417 0.0006623 0.0005417 0.0003373 0.0001802 0.0000747 0.0000242 0.0025819
2.7810843 0.0002067 0.0005102 0.0006269 0.0005283 0.0003378 0.0001709 0.0000749 0.0000255 0.0024812
2.8011646 0.0001944 0.0004866 0.0005895 0.0005060 0.0003217 0.0001632 0.0000734 0.0000273 0.0023622
2.8212450 0.0001829 0.0004610 0.0005734 0.0004861 0.0003161 0.0001639 0.0000720 0.0000272 0.0022825
2.8413253 0.0001720 0.0004435 0.0005555 0.0004773 0.0003061 0.0001614 0.0000726 0.0000267 0.0022151
2.8614056 0.0001618 0.0004168 0.0005259 0.0004583 0.0003007 0.0001635 0.0000722 0.0000285 0.0021277
2.8814859 0.0001522 0.0003961 0.0005076 0.0004428 0.0002933 0.0001577 0.0000682 0.0000299 0.0020477
2.9015663 0.0001431 0.0003755 0.0004882 0.0004315 0.0002906 0.0001525 0.0000738 0.0000309 0.0019862
2.9216464 0.0001346 0.0003551 0.0004626 0.0004040 0.0002761 0.0001495 0.0000662 0.0000265 0.0018747
2.9417267 0.0001266 0.0003387 0.0004373 0.0003871 0.0002608 0.0001427 0.0000618 0.0000239 0.0017791
2.9618070 0.0001191 0.0003208 0.0004156 0.0003738 0.0002644 0.0001498 0.0000684 0.0000280 0.0017399
2.9818873 0.0001120 0.0003058 0.0004043 0.0003738 0.0002567 0.0001439 0.0000649 0.0000264 0.0016878
3.0019677 0.0001054 0.0002892 0.0003948 0.0003669 0.0002568 0.0001478 0.0000743 0.0000302 0.0016652
3.0220480 0.0000991 0.0002740 0.0003759 0.0003512 0.0002473 0.0001381 0.0000623 0.0000217 0.0015696
3.0421283 0.0000932 0.0002598 0.0003497 0.0003263 0.0002320 0.0001314 0.0000642 0.0000283 0.0014849
3.0622087 0.0000877 0.0002467 0.0003326 0.0003125 0.0002220 0.0001303 0.0000636 0.0000275 0.0014229
3.0822890 0.0000825 0.0002328 0.0003183 0.0003063 0.0002237 0.0001350 0.0000627 0.0000291 0.0013904
3.1023693 0.0000776 0.0002214 0.0003108 0.0003002 0.0002211 0.0001345 0.0000668 0.0000296 0.0013620
3.1224496 0.0000730 0.0002092 0.0002989 0.0002886 0.0002132 0.0001296 0.0000642 0.0000264 0.0013031
3.1425300 0.0000686 0.0001990 0.0002802 0.0002706 0.0002022 0.0001201 0.0000620 0.0000252 0.0012278
3.1626103 0.0000646 0.0001896 0.0002692 0.0002697 0.0001986 0.0001182 0.0000602 0.0000231 0.0011931
3.1826906 0.0000607 0.0001782 0.0002554 0.0002498 0.0001857 0.0001110 0.0000553 0.0000256 0.0011217
