-------- p=1.957 a=1.000 mu=-2.200 N=20000000 time=2017-02-23 08:00:39 --------
0.0100000 0.9596949 0.0007036 0.0000000 0.0000000 0.0000000 0.0000000 0.0000000 0.0000000 0.9603985
0.0300803 0.8836006 0.0034578 0.0000046 0.0000000 0.0000000 0.0000000 0.0000000 0.0000000 0.8870630
0.0501606 0.8135399 0.0069181 0.0000137 0.0000000 0.0000000 0.0000000 0.0000000 0.0000000 0.8204717
0.0702410 0.7490343 0.0106309 0.0001022 0.0000000 0.0000000 0.0000000 0.0000000 0.0000000 0.7597673
0.0903213 0.6896433 0.0139300 0.0001349 0.0000000 0.0000000 0.0000000 0.0000000 0.0000000 0.7037082
0.1104016 0.6349615 0.0174125 0.0002359 0.0000000 0.0000000 0.0000000 0.0000000 0.0000000 0.6526100
0.1304819 0.5846153 0.0206356 0.0003228 0.0000002 0.0000000 0.0000000 0.0000000 0.0000000 0.6055739
0.1505622 0.5382612 0.0235524 0.0004974 0.0000031 0.0000000 0.0000000 0.0000000 0.0000000 0.5623141
0.1706426 0.4955824 0.0258762 0.0006649 0.0000035 0.0000000 0.0000000 0.0000000 0.0000000 0.5221270
0.1907229 0.4562877 0.0281809 0.0009501 0.0000364 0.0000000 0.0000000 0.0000000 0.0000000 0.4854550
0.2108032 0.4201086 0.0300457 0.0010611 0.0000454 0.0000001 0.0000000 0.0000000 0.0000000 0.4512609
0.2308835 0.3867982 0.0318134 0.0012346 0.0000357 0.0000002 0.0000000 0.0000000 0.0000000 0.4198822
0.2509638 0.3561290 0.0332238 0.0016742 0.0000490 0.0000001 0.0000000 0.0000000 0.0000000 0.3910760
0.2710442 0.3278915 0.0342667 0.0017758 0.0000582 0.0000075 0.0000002 0.0000000 0.0000000 0.3639999
0.2911245 0.3018930 0.0348171 0.0021376 0.0000705 0.0000000 0.0000000 0.0000000 0.0000000 0.3389182
0.3112048 0.2779559 0.0355928 0.0021324 0.0000691 0.0000023 0.0000000 0.0000000 0.0000000 0.3157524
0.3312851 0.2559167 0.0359288 0.0023879 0.0001115 0.0000018 0.0000000 0.0000000 0.0000000 0.2943466
0.3513654 0.2356251 0.0361081 0.0027388 0.0001530 0.0000019 0.0000000 0.0000000 0.0000000 0.2746268
0.3714458 0.2169423 0.0360859 0.0029779 0.0001400 0.0000084 0.0000000 0.0000000 0.0000000 0.2561545
0.3915261 0.1997410 0.0358927 0.0030949 0.0002168 0.0000118 0.0000000 0.0000000 0.0000000 0.2389572
0.4116064 0.1839035 0.0352935 0.0034902 0.0002110 0.0000104 0.0000000 0.0000000 0.0000000 0.2229086
0.4316867 0.1693218 0.0351040 0.0036291 0.0002625 0.0000261 0.0000002 0.0000000 0.0000000 0.2083436
0.4517670 0.1558963 0.0344752 0.0036613 0.0002974 0.0000128 0.0000001 0.0000000 0.0000000 0.1943429
0.4718474 0.1435352 0.0337858 0.0040574 0.0003013 0.0000084 0.0000000 0.0000000 0.0000000 0.1816881
0.4919277 0.1321543 0.0330557 0.0040880 0.0003429 0.0000116 0.0000000 0.0000000 0.0000000 0.1696526
0.5120080 0.1216758 0.0321694 0.0041549 0.0003676 0.0000491 0.0000021 0.0000000 0.0000000 0.1584189
0.5320883 0.1120281 0.0312980 0.0047146 0.0004750 0.0000352 0.0000020 0.0000001 0.0000000 0.1485530
0.5521687 0.1031454 0.0303691 0.0048138 0.0005374 0.0000554 0.0000011 0.0000000 0.0000000 0.1389222
0.5722489 0.0949670 0.0293879 0.0045755 0.0005160 0.0000379 0.0000022 0.0000000 0.0000000 0.1294864
0.5923293 0.0874371 0.0284706 0.0046406 0.0005917 0.0000314 0.0000014 0.0000000 0.0000000 0.1211728
0.6124096 0.0805042 0.0274186 0.0047493 0.0005711 0.0000694 0.0000073 0.0000001 0.0000000 0.1133199
0.6324899 0.0741210 0.0264404 0.0048742 0.0005816 0.0000590 0.0000042 0.0000000 0.0000000 0.1060804
0.6525702 0.0682439 0.0254413 0.0048002 0.0006145 0.0000707 0.0000105 0.0000000 0.0000000 0.0991812
0.6726506 0.0628329 0.0243986 0.0048629 0.0006896 0.0000593 0.0000055 0.0000000 0.0000000 0.0928487
0.6927309 0.0578509 0.0234348 0.0049859 0.0007144 0.0000841 0.0000007 0.0000000 0.0000000 0.0870708
0.7128112 0.0532639 0.0225511 0.0047732 0.0007486 0.0000729 0.0000028 0.0000000 0.0000000 0.0814126
0.7328916 0.0490406 0.0214908 0.0048925 0.0007860 0.0001064 0.0000066 0.0000000 0.0000000 0.0763227
0.7529718 0.0451521 0.0205866 0.0048326 0.0007738 0.0000770 0.0000072 0.0000001 0.0000000 0.0714294
0.7730522 0.0415720 0.0196479 0.0047157 0.0007898 0.0000955 0.0000087 0.0000003 0.0000000 0.0668299
0.7931325 0.0382758 0.0187780 0.0047021 0.0007810 0.0001043 0.0000093 0.0000006 0.0000000 0.0626511
0.8132128 0.0352409 0.0178272 0.0047344 0.0008789 0.0001408 0.0000164 0.0000005 0.0000000 0.0588391
0.8332931 0.0324466 0.0170702 0.0045046 0.0008167 0.0000968 0.0000103 0.0000000 0.0000000 0.0549453
0.8533735 0.0298739 0.0162240 0.0044850 0.0008159 0.0001239 0.0000105 0.0000003 0.0000000 0.0515335
0.8734538 0.0275052 0.0154634 0.0044565 0.0008984 0.0001244 0.0000266 0.0000005 0.0000000 0.0484751
0.8935341 0.0253243 0.0147338 0.0042551 0.0008695 0.0001249 0.0000277 0.0000028 0.0000000 0.0453381
0.9136144 0.0233164 0.0139457 0.0043216 0.0009641 0.0001501 0.0000216 0.0000014 0.0000000 0.0427209
0.9336947 0.0214676 0.0132727 0.0041638 0.0009152 0.0001330 0.0000125 0.0000013 0.0000000 0.0399663
0.9537750 0.0197655 0.0125690 0.0040555 0.0009241 0.0001610 0.0000255 0.0000037 0.0000003 0.0375047
0.9738554 0.0181982 0.0119233 0.0040384 0.0009785 0.0001521 0.0000209 0.0000003 0.0000000 0.0353118
0.9939357 0.0167553 0.0112956 0.0038929 0.0009390 0.0001740 0.0000294 0.0000047 0.0000006 0.0330914
1.0140160 0.0154268 0.0107209 0.0038059 0.0009263 0.0001572 0.0000209 0.0000029 0.0000005 0.0310615
1.0340964 0.0142036 0.0101271 0.0037022 0.0009204 0.0001832 0.0000231 0.0000014 0.0000000 0.0291609
1.0541767 0.0130774 0.0095907 0.0036156 0.0009213 0.0001777 0.0000258 0.0000017 0.0000002 0.0274105
1.0742570 0.0120405 0.0090914 0.0034321 0.0009183 0.0001682 0.0000281 0.0000037 0.0000003 0.0256826
1.0943373 0.0110858 0.0085578 0.0032967 0.0008880 0.0001911 0.0000243 0.0000063 0.0000036 0.0240535
1.1144177 0.0102068 0.0081235 0.0032078 0.0009028 0.0001962 0.0000349 0.0000062 0.0000003 0.0226784
1.1344979 0.0093975 0.0076604 0.0031363 0.0008969 0.0001883 0.0000410 0.0000046 0.0000001 0.0213252
1.1545782 0.0086524 0.0072182 0.0030486 0.0008900 0.0002001 0.0000348 0.0000100 0.0000010 0.0200550
1.1746585 0.0079663 0.0068243 0.0029436 0.0008866 0.0001958 0.0000432 0.0000049 0.0000002 0.0188650
1.1947389 0.0073347 0.0064082 0.0028207 0.0008575 0.0001982 0.0000334 0.0000040 0.0000000 0.0176566
1.2148192 0.0067531 0.0060493 0.0027419 0.0008503 0.0002028 0.0000364 0.0000036 0.0000000 0.0166374
1.2348995 0.0062177 0.0057184 0.0026257 0.0008566 0.0002005 0.0000444 0.0000039 0.0000000 0.0156672
1.2549798 0.0057247 0.0053605 0.0025520 0.0008105 0.0002025 0.0000421 0.0000089 0.0000024 0.0147036
1.2750602 0.0052707 0.0050689 0.0024387 0.0008077 0.0002088 0.0000441 0.0000043 0.0000001 0.0138432
1.2951405 0.0048528 0.0047719 0.0023356 0.0007824 0.0001942 0.0000455 0.0000119 0.0000010 0.0129952
1.3152208 0.0044680 0.0044789 0.0022795 0.0008074 0.0002127 0.0000474 0.0000083 0.0000003 0.0123026
1.3353012 0.0041138 0.0042287 0.0021889 0.0007720 0.0002163 0.0000451 0.0000126 0.0000012 0.0115787
1.3553815 0.0037876 0.0039766 0.0020816 0.0007417 0.0002048 0.0000424 0.0000100 0.0000013 0.0108461
1.3754618 0.0034873 0.0037398 0.0020029 0.0007418 0.0002129 0.0000517 0.0000094 0.0000050 0.0102507
1.3955421 0.0032108 0.0035190 0.0019051 0.0007105 0.0002122 0.0000478 0.0000114 0.0000014 0.0096181
1.4156225 0.0029562 0.0033000 0.0018108 0.0007052 0.0001954 0.0000427 0.0000075 0.0000019 0.0090198
1.4357028 0.0027218 0.0031107 0.0017594 0.0006932 0.0002207 0.0000616 0.0000118 0.0000028 0.0085819
1.4557831 0.0025060 0.0029279 0.0016849 0.0006618 0.0002009 0.0000490 0.0000115 0.0000025 0.0080445
1.4758633 0.0023073 0.0027361 0.0016099 0.0006604 0.0002010 0.0000479 0.0000128 0.0000017 0.0075771
1.4959437 0.0021243 0.0025627 0.0015299 0.0006361 0.0001988 0.0000461 0.0000087 0.0000029 0.0071095
1.5160240 0.0019559 0.0024189 0.0014767 0.0006259 0.0001896 0.0000495 0.0000107 0.0000017 0.0067289
1.5361043 0.0018008 0.0022665 0.0013767 0.0005963 0.0001943 0.0000568 0.0000150 0.0000049 0.0063113
1.5561846 0.0016580 0.0021216 0.0013458 0.0005821 0.0002020 0.0000514 0.0000105 0.0000023 0.0059737
1.5762650 0.0015266 0.0019910 0.0012940 0.0005709 0.0001958 0.0000500 0.0000113 0.0000013 0.0056408
1.5963453 0.0014055 0.0018691 0.0012255 0.0005594 0.0001895 0.0000516 0.0000108 0.0000023 0.0053137
1.6164256 0.0012941 0.0017536 0.0011713 0.0005358 0.0001917 0.0000471 0.0000109 0.0000035 0.0050079
1.6365060 0.0011915 0.0016443 0.0011121 0.0005098 0.0001834 0.0000546 0.0000146 0.0000021 0.0047124
1.6565863 0.0010970 0.0015399 0.0010424 0.0004913 0.0001814 0.0000514 0.0000137 0.0000034 0.0044205
1.6766666 0.0010100 0.0014360 0.0010015 0.0004943 0.0001820 0.0000498 0.0000109 0.0000021 0.0041866
1.6967469 0.0009299 0.0013463 0.0009666 0.0004838 0.0001798 0.0000547 0.0000131 0.0000023 0.0039765
1.7168273 0.0008562 0.0012621 0.0009159 0.0004486 0.0001714 0.0000528 0.0000126 0.0000040 0.0037237
1.7369076 0.0007883 0.0011828 0.0008724 0.0004389 0.0001679 0.0000499 0.0000129 0.0000020 0.0035150
1.7569879 0.0007258 0.0011116 0.0008353 0.0004282 0.0001697 0.0000508 0.0000118 0.0000021 0.0033352
1.7770681 0.0006683 0.0010381 0.0007853 0.0004074 0.0001673 0.0000557 0.0000151 0.0000031 0.0031403
1.7971485 0.0006153 0.0009712 0.0007472 0.0004007 0.0001596 0.0000502 0.0000138 0.0000035 0.0029615
1.8172288 0.0005665 0.0009093 0.0007061 0.0003803 0.0001542 0.0000480 0.0000140 0.0000022 0.0027805
1.8373091 0.0005216 0.0008503 0.0006775 0.0003680 0.0001560 0.0000511 0.0000161 0.0000054 0.0026459
1.8573895 0.0004802 0.0007921 0.0006344 0.0003532 0.0001479 0.0000457 0.0000155 0.0000027 0.0024717
1.8774698 0.0004421 0.0007468 0.0006146 0.0003474 0.0001437 0.0000498 0.0000144 0.0000023 0.0023611
1.8975501 0.0004071 0.0006978 0.0005819 0.0003301 0.0001408 0.0000488 0.0000141 0.0000044 0.0022249
1.9176304 0.0003748 0.0006522 0.0005494 0.0003194 0.0001382 0.0000470 0.0000125 0.0000033 0.0020966
1.9377108 0.0003451 0.0006057 0.0005119 0.0002983 0.0001352 0.0000442 0.0000132 0.0000039 0.0019575
1.9577911 0.0003177 0.0005695 0.0004817 0.0002860 0.0001282 0.0000504 0.0000152 0.0000026 0.0018514
1.9778714 0.0002925 0.0005304 0.0004677 0.0002791 0.0001292 0.0000451 0.0000146 0.0000035 0.0017623
1.9979517 0.0002693 0.0004967 0.0004372 0.0002629 0.0001221 0.0000468 0.0000137 0.0000036 0.0016523
2.0180321 0.0002480 0.0004638 0.0004183 0.0002557 0.0001178 0.0000443 0.0000149 0.0000037 0.0015665
2.0381124 0.0002283 0.0004345 0.0003976 0.0002538 0.0001171 0.0000444 0.0000136 0.0000041 0.0014933
2.0581927 0.0002102 0.0004039 0.0003694 0.0002307 0.0001097 0.0000404 0.0000140 0.0000036 0.0013819
2.0782731 0.0001935 0.0003794 0.0003560 0.0002290 0.0001123 0.0000439 0.0000136 0.0000037 0.0013314
2.0983534 0.0001782 0.0003544 0.0003312 0.0002175 0.0001083 0.0000432 0.0000129 0.0000036 0.0012491
2.1184337 0.0001641 0.0003304 0.0003140 0.0002082 0.0001032 0.0000402 0.0000128 0.0000029 0.0011758
2.1385140 0.0001511 0.0003083 0.0002983 0.0001990 0.0000997 0.0000399 0.0000131 0.0000031 0.0011124
2.1585944 0.0001391 0.0002880 0.0002849 0.0001918 0.0000991 0.0000400 0.0000141 0.0000049 0.0010620
2.1786747 0.0001281 0.0002679 0.0002625 0.0001806 0.0000941 0.0000404 0.0000136 0.0000045 0.0009917
2.1987550 0.0001179 0.0002483 0.0002512 0.0001770 0.0000920 0.0000396 0.0000141 0.0000041 0.0009442
2.2188354 0.0001086 0.0002333 0.0002374 0.0001678 0.0000889 0.0000381 0.0000145 0.0000051 0.0008936
2.2389157 0.0000999 0.0002173 0.0002272 0.0001624 0.0000896 0.0000373 0.0000138 0.0000044 0.0008519
2.2589958 0.0000920 0.0002039 0.0002147 0.0001538 0.0000847 0.0000366 0.0000140 0.0000044 0.0008040
2.2790761 0.0000847 0.0001891 0.0002020 0.0001498 0.0000829 0.0000357 0.0000132 0.0000047 0.0007621
2.2991564 0.0000780 0.0001768 0.0001925 0.0001418 0.0000780 0.0000339 0.0000120 0.0000036 0.0007166
2.3192368 0.0000718 0.0001650 0.0001798 0.0001318 0.0000752 0.0000339 0.0000127 0.0000037 0.0006740
2.3393171 0.0000661 0.0001526 0.0001655 0.0001244 0.0000708 0.0000310 0.0000114 0.0000032 0.0006251
2.3593974 0.0000609 0.0001433 0.0001576 0.0001167 0.0000663 0.0000298 0.0000108 0.0000039 0.0005894
2.3794777 0.0000561 0.0001335 0.0001511 0.0001186 0.0000694 0.0000324 0.0000118 0.0000033 0.0005761
2.3995581 0.0000516 0.0001249 0.0001419 0.0001100 0.0000660 0.0000303 0.0000117 0.0000041 0.0005404
2.4196384 0.0000475 0.0001166 0.0001333 0.0001052 0.0000603 0.0000281 0.0000109 0.0000036 0.0005055
2.4397187 0.0000438 0.0001085 0.0001244 0.0000980 0.0000586 0.0000284 0.0000118 0.0000036 0.0004769
2.4597991 0.0000403 0.0001007 0.0001172 0.0000936 0.0000565 0.0000275 0.0000115 0.0000036 0.0004510
2.4798794 0.0000371 0.0000939 0.0001115 0.0000903 0.0000538 0.0000255 0.0000104 0.0000042 0.0004268
2.4999597 0.0000341 0.0000874 0.0001049 0.0000856 0.0000526 0.0000259 0.0000116 0.0000041 0.0004063
2.5200400 0.0000314 0.0000815 0.0000985 0.0000827 0.0000509 0.0000250 0.0000101 0.0000035 0.0003836
2.5401204 0.0000289 0.0000765 0.0000939 0.0000774 0.0000487 0.0000250 0.0000111 0.0000044 0.0003661
2.5602007 0.0000267 0.0000712 0.0000881 0.0000732 0.0000461 0.0000236 0.0000105 0.0000034 0.0003427
2.5802810 0.0000245 0.0000658 0.0000825 0.0000697 0.0000450 0.0000231 0.0000095 0.0000034 0.0003236
2.6003613 0.0000226 0.0000617 0.0000776 0.0000671 0.0000435 0.0000219 0.0000093 0.0000036 0.0003073
2.6204417 0.0000208 0.0000572 0.0000749 0.0000646 0.0000410 0.0000205 0.0000088 0.0000038 0.0002916
2.6405220 0.0000192 0.0000536 0.0000688 0.0000609 0.0000402 0.0000213 0.0000093 0.0000033 0.0002765
2.6606023 0.0000176 0.0000501 0.0000657 0.0000590 0.0000396 0.0000216 0.0000097 0.0000040 0.0002675
2.6806827 0.0000162 0.0000463 0.0000610 0.0000546 0.0000372 0.0000202 0.0000092 0.0000034 0.0002481
2.7007630 0.0000149 0.0000432 0.0000574 0.0000520 0.0000357 0.0000194 0.0000086 0.0000033 0.0002346
2.7208433 0.0000138 0.0000403 0.0000541 0.0000490 0.0000331 0.0000180 0.0000080 0.0000032 0.0002194
2.7409236 0.0000127 0.0000372 0.0000511 0.0000465 0.0000322 0.0000175 0.0000080 0.0000032 0.0002084
2.7610040 0.0000117 0.0000347 0.0000477 0.0000442 0.0000303 0.0000168 0.0000076 0.0000030 0.0001959
2.7810843 0.0000107 0.0000325 0.0000448 0.0000425 0.0000296 0.0000171 0.0000080 0.0000030 0.0001881
2.8011646 0.0000099 0.0000301 0.0000418 0.0000395 0.0000282 0.0000161 0.0000082 0.0000034 0.0001772
2.8212450 0.0000091 0.0000283 0.0000403 0.0000388 0.0000276 0.0000157 0.0000071 0.0000029 0.0001697
2.8413253 0.0000084 0.0000261 0.0000370 0.0000356 0.0000252 0.0000148 0.0000072 0.0000031 0.0001573
2.8614056 0.0000077 0.0000244 0.0000356 0.0000353 0.0000255 0.0000149 0.0000071 0.0000032 0.0001538
2.8814859 0.0000071 0.0000228 0.0000327 0.0000325 0.0000245 0.0000143 0.0000067 0.0000028 0.0001434
2.9015663 0.0000065 0.0000211 0.0000311 0.0000312 0.0000233 0.0000142 0.0000072 0.0000030 0.0001376
2.9216464 0.0000060 0.0000196 0.0000292 0.0000292 0.0000216 0.0000130 0.0000065 0.0000028 0.0001279
2.9417267 0.0000055 0.0000182 0.0000276 0.0000281 0.0000213 0.0000125 0.0000063 0.0000027 0.0001223
2.9618070 0.0000051 0.0000169 0.0000255 0.0000258 0.0000197 0.0000123 0.0000063 0.0000028 0.0001145
2.9818873 0.0000047 0.0000158 0.0000240 0.0000246 0.0000191 0.0000119 0.0000060 0.0000028 0.0001089
3.0019677 0.0000043 0.0000148 0.0000229 0.0000240 0.0000189 0.0000120 0.0000063 0.0000027 0.0001059
3.0220480 0.0000040 0.0000136 0.0000210 0.0000219 0.0000172 0.0000107 0.0000056 0.0000026 0.0000967
3.0421283 0.0000037 0.0000127 0.0000201 0.0000213 0.0000165 0.0000104 0.0000052 0.0000023 0.0000921
3.0622087 0.0000034 0.0000118 0.0000186 0.0000197 0.0000155 0.0000099 0.0000055 0.0000025 0.0000870
3.0822890 0.0000031 0.0000110 0.0000176 0.0000190 0.0000154 0.0000098 0.0000051 0.0000025 0.0000835
3.1023693 0.0000029 0.0000102 0.0000165 0.0000179 0.0000146 0.0000095 0.0000054 0.0000024 0.0000795
