-------- p=2.609 a=1.000 mu=-2.200 N=20000000 time=2017-02-23 08:00:39 --------
0.0100000 0.9455141 0.0006784 0.0000000 0.0000000 0.0000000 0.0000000 0.0000000 0.0000000 0.9461925
0.0300803 0.8449064 0.0033409 0.0000117 0.0000000 0.0000000 0.0000000 0.0000000 0.0000000 0.8482590
0.0501606 0.7550039 0.0064378 0.0000308 0.0000000 0.0000000 0.0000000 0.0000000 0.0000000 0.7614726
0.0702410 0.6746675 0.0094614 0.0000718 0.0000001 0.0000000 0.0000000 0.0000000 0.0000000 0.6842008
0.0903213 0.6028793 0.0123240 0.0001220 0.0000000 0.0000000 0.0000000 0.0000000 0.0000000 0.6153253
0.1104016 0.5387298 0.0148610 0.0001588 0.0000001 0.0000000 0.0000000 0.0000000 0.0000000 0.5537497
0.1304819 0.4814061 0.0170886 0.0003565 0.0000024 0.0000000 0.0000000 0.0000000 0.0000000 0.4988537
0.1505622 0.4301820 0.0189595 0.0004524 0.0000037 0.0000000 0.0000000 0.0000000 0.0000000 0.4495976
0.1706426 0.3844083 0.0204242 0.0005970 0.0000116 0.0000025 0.0000000 0.0000000 0.0000000 0.4054436
0.1907229 0.3435052 0.0216736 0.0006793 0.0000045 0.0000000 0.0000000 0.0000000 0.0000000 0.3658626
0.2108032 0.3069545 0.0224760 0.0008141 0.0000047 0.0000000 0.0000000 0.0000000 0.0000000 0.3302493
0.2308835 0.2742929 0.0231729 0.0009734 0.0000416 0.0000000 0.0000000 0.0000000 0.0000000 0.2984807
0.2509638 0.2451067 0.0232895 0.0011759 0.0000430 0.0000039 0.0000000 0.0000000 0.0000000 0.2696190
0.2710442 0.2190260 0.0234312 0.0012350 0.0000790 0.0000068 0.0000000 0.0000000 0.0000000 0.2437780
0.2911245 0.1957205 0.0233657 0.0013944 0.0000436 0.0000000 0.0000000 0.0000000 0.0000000 0.2205243
0.3112048 0.1748948 0.0230368 0.0015372 0.0000558 0.0000001 0.0000000 0.0000000 0.0000000 0.1995247
0.3312851 0.1562851 0.0227895 0.0016189 0.0001264 0.0000024 0.0000000 0.0000000 0.0000000 0.1808222
0.3513654 0.1396555 0.0220261 0.0018012 0.0000932 0.0000033 0.0000000 0.0000000 0.0000000 0.1635793
0.3714458 0.1247954 0.0214532 0.0019153 0.0001032 0.0000138 0.0000000 0.0000000 0.0000000 0.1482810
0.3915261 0.1115166 0.0206503 0.0020198 0.0001419 0.0000035 0.0000000 0.0000000 0.0000000 0.1343321
0.4116064 0.0996506 0.0200424 0.0020568 0.0001207 0.0000016 0.0000000 0.0000000 0.0000000 0.1218722
0.4316867 0.0890473 0.0189999 0.0021722 0.0001653 0.0000067 0.0000081 0.0000000 0.0000000 0.1103995
0.4517670 0.0795722 0.0182874 0.0021247 0.0001802 0.0000057 0.0000000 0.0000000 0.0000000 0.1001701
0.4718474 0.0711053 0.0173839 0.0022211 0.0001810 0.0000128 0.0000087 0.0000000 0.0000000 0.0909128
0.4919277 0.0635393 0.0165458 0.0021739 0.0002021 0.0000205 0.0000019 0.0000000 0.0000000 0.0824835
0.5120080 0.0567784 0.0156493 0.0022701 0.0002223 0.0000120 0.0000001 0.0000000 0.0000000 0.0749321
0.5320883 0.0507368 0.0147968 0.0020886 0.0001952 0.0000222 0.0000006 0.0000000 0.0000000 0.0678402
0.5521687 0.0453382 0.0139746 0.0021742 0.0002150 0.0000234 0.0000006 0.0000000 0.0000000 0.0617259
0.5722489 0.0405140 0.0131636 0.0021661 0.0002484 0.0000218 0.0000007 0.0000000 0.0000000 0.0561146
0.5923293 0.0362031 0.0123424 0.0021685 0.0002767 0.0000311 0.0000028 0.0000000 0.0000000 0.0510246
0.6124096 0.0323509 0.0116448 0.0021496 0.0003003 0.0000403 0.0000011 0.0000000 0.0000000 0.0464871
0.6324899 0.0289086 0.0108616 0.0020870 0.0002672 0.0000301 0.0000015 0.0000000 0.0000000 0.0421559
0.6525702 0.0258325 0.0101700 0.0020149 0.0002935 0.0000263 0.0000015 0.0000000 0.0000000 0.0383387
0.6726506 0.0230838 0.0094776 0.0019833 0.0002852 0.0000254 0.0000041 0.0000000 0.0000000 0.0348593
0.6927309 0.0206276 0.0088278 0.0019816 0.0002846 0.0000261 0.0000013 0.0000009 0.0000000 0.0317499
0.7128112 0.0184327 0.0082539 0.0019073 0.0003166 0.0000532 0.0000024 0.0000002 0.0000000 0.0289661
0.7328916 0.0164714 0.0076877 0.0018474 0.0003014 0.0000418 0.0000077 0.0000000 0.0000000 0.0263575
0.7529718 0.0147187 0.0071452 0.0018080 0.0003062 0.0000345 0.0000018 0.0000000 0.0000000 0.0240144
0.7730522 0.0131526 0.0066330 0.0016821 0.0003101 0.0000434 0.0000028 0.0000000 0.0000000 0.0218241
0.7931325 0.0117531 0.0061598 0.0016776 0.0002960 0.0000426 0.0000065 0.0000000 0.0000000 0.0199356
0.8132128 0.0105025 0.0057393 0.0016054 0.0003007 0.0000401 0.0000077 0.0000010 0.0000000 0.0181966
0.8332931 0.0093850 0.0053200 0.0015407 0.0003023 0.0000410 0.0000032 0.0000004 0.0000000 0.0165925
0.8533735 0.0083864 0.0049243 0.0014596 0.0003020 0.0000512 0.0000044 0.0000007 0.0000000 0.0151286
0.8734538 0.0074940 0.0045692 0.0014306 0.0002916 0.0000414 0.0000062 0.0000000 0.0000000 0.0138329
0.8935341 0.0066966 0.0042158 0.0013720 0.0003083 0.0000548 0.0000094 0.0000020 0.0000002 0.0126592
0.9136144 0.0059840 0.0039162 0.0012854 0.0002974 0.0000531 0.0000104 0.0000013 0.0000000 0.0115479
0.9336947 0.0053473 0.0036099 0.0012364 0.0002926 0.0000486 0.0000059 0.0000011 0.0000000 0.0105419
0.9537750 0.0047783 0.0033475 0.0011547 0.0002783 0.0000496 0.0000069 0.0000014 0.0000005 0.0096171
0.9738554 0.0042699 0.0030814 0.0011210 0.0002894 0.0000511 0.0000066 0.0000006 0.0000000 0.0088200
0.9939357 0.0038156 0.0028461 0.0010511 0.0002733 0.0000558 0.0000085 0.0000016 0.0000000 0.0080520
1.0140160 0.0034096 0.0026191 0.0010178 0.0002691 0.0000562 0.0000101 0.0000014 0.0000000 0.0073833
1.0340964 0.0030468 0.0024159 0.0009497 0.0002662 0.0000516 0.0000060 0.0000006 0.0000000 0.0067368
1.0541767 0.0027226 0.0022171 0.0009030 0.0002605 0.0000616 0.0000085 0.0000016 0.0000001 0.0061750
1.0742570 0.0024329 0.0020495 0.0008635 0.0002605 0.0000568 0.0000083 0.0000014 0.0000004 0.0056733
1.0943373 0.0021740 0.0018886 0.0007978 0.0002303 0.0000477 0.0000116 0.0000023 0.0000004 0.0051526
1.1144177 0.0019427 0.0017386 0.0007596 0.0002255 0.0000493 0.0000111 0.0000014 0.0000001 0.0047283
1.1344979 0.0017360 0.0015990 0.0007238 0.0002297 0.0000528 0.0000085 0.0000003 0.0000000 0.0043501
1.1545782 0.0015513 0.0014703 0.0006773 0.0002165 0.0000537 0.0000088 0.0000012 0.0000000 0.0039791
1.1746585 0.0013862 0.0013480 0.0006359 0.0002132 0.0000559 0.0000114 0.0000023 0.0000006 0.0036534
1.1947389 0.0012387 0.0012416 0.0006020 0.0001990 0.0000478 0.0000095 0.0000018 0.0000002 0.0033406
1.2148192 0.0011069 0.0011405 0.0005695 0.0001990 0.0000513 0.0000114 0.0000030 0.0000001 0.0030818
1.2348995 0.0009891 0.0010468 0.0005380 0.0001897 0.0000517 0.0000114 0.0000025 0.0000002 0.0028293
1.2549798 0.0008839 0.0009624 0.0005137 0.0001855 0.0000501 0.0000106 0.0000026 0.0000008 0.0026095
1.2750602 0.0007898 0.0008822 0.0004804 0.0001744 0.0000504 0.0000113 0.0000022 0.0000007 0.0023914
1.2951405 0.0007058 0.0008087 0.0004465 0.0001704 0.0000479 0.0000103 0.0000019 0.0000004 0.0021918
1.3152208 0.0006307 0.0007446 0.0004187 0.0001619 0.0000463 0.0000110 0.0000021 0.0000004 0.0020156
1.3353012 0.0005636 0.0006847 0.0003962 0.0001585 0.0000505 0.0000129 0.0000022 0.0000003 0.0018688
1.3553815 0.0005036 0.0006251 0.0003672 0.0001515 0.0000462 0.0000119 0.0000022 0.0000002 0.0017079
1.3754618 0.0004500 0.0005743 0.0003473 0.0001413 0.0000443 0.0000110 0.0000029 0.0000005 0.0015716
1.3955421 0.0004021 0.0005255 0.0003292 0.0001363 0.0000430 0.0000111 0.0000023 0.0000002 0.0014497
1.4156225 0.0003593 0.0004811 0.0003077 0.0001314 0.0000434 0.0000105 0.0000032 0.0000007 0.0013374
1.4357028 0.0003211 0.0004432 0.0002837 0.0001236 0.0000400 0.0000110 0.0000017 0.0000003 0.0012246
1.4557831 0.0002869 0.0004045 0.0002691 0.0001201 0.0000406 0.0000109 0.0000020 0.0000003 0.0011345
1.4758633 0.0002564 0.0003708 0.0002493 0.0001138 0.0000390 0.0000100 0.0000022 0.0000001 0.0010418
1.4959437 0.0002291 0.0003389 0.0002319 0.0001094 0.0000379 0.0000106 0.0000025 0.0000006 0.0009609
1.5160240 0.0002047 0.0003122 0.0002195 0.0001052 0.0000376 0.0000104 0.0000033 0.0000005 0.0008935
1.5361043 0.0001830 0.0002843 0.0002029 0.0000983 0.0000343 0.0000097 0.0000024 0.0000004 0.0008152
1.5561846 0.0001635 0.0002607 0.0001901 0.0000935 0.0000344 0.0000104 0.0000027 0.0000006 0.0007559
1.5762650 0.0001461 0.0002393 0.0001756 0.0000872 0.0000337 0.0000096 0.0000018 0.0000002 0.0006936
1.5963453 0.0001305 0.0002190 0.0001666 0.0000839 0.0000322 0.0000100 0.0000021 0.0000003 0.0006446
1.6164256 0.0001167 0.0001998 0.0001554 0.0000796 0.0000308 0.0000092 0.0000021 0.0000003 0.0005940
1.6365060 0.0001042 0.0001822 0.0001433 0.0000764 0.0000299 0.0000088 0.0000022 0.0000005 0.0005474
1.6565863 0.0000932 0.0001672 0.0001342 0.0000719 0.0000290 0.0000083 0.0000022 0.0000005 0.0005064
1.6766666 0.0000832 0.0001526 0.0001255 0.0000706 0.0000293 0.0000095 0.0000028 0.0000006 0.0004741
1.6967469 0.0000744 0.0001402 0.0001164 0.0000657 0.0000266 0.0000088 0.0000022 0.0000005 0.0004348
1.7168273 0.0000665 0.0001272 0.0001085 0.0000613 0.0000258 0.0000085 0.0000023 0.0000005 0.0004005
1.7369076 0.0000594 0.0001173 0.0001021 0.0000586 0.0000250 0.0000085 0.0000024 0.0000005 0.0003738
1.7569879 0.0000531 0.0001073 0.0000950 0.0000552 0.0000243 0.0000081 0.0000021 0.0000006 0.0003457
1.7770681 0.0000474 0.0000982 0.0000886 0.0000526 0.0000239 0.0000086 0.0000023 0.0000008 0.0003224
1.7971485 0.0000424 0.0000900 0.0000825 0.0000495 0.0000222 0.0000078 0.0000021 0.0000005 0.0002970
1.8172288 0.0000379 0.0000821 0.0000769 0.0000478 0.0000215 0.0000074 0.0000022 0.0000006 0.0002765
1.8373091 0.0000338 0.0000744 0.0000701 0.0000435 0.0000200 0.0000072 0.0000020 0.0000004 0.0002515
1.8573895 0.0000302 0.0000683 0.0000665 0.0000416 0.0000188 0.0000070 0.0000022 0.0000007 0.0002352
1.8774698 0.0000270 0.0000630 0.0000624 0.0000402 0.0000191 0.0000071 0.0000023 0.0000006 0.0002218
1.8975501 0.0000241 0.0000573 0.0000581 0.0000383 0.0000181 0.0000069 0.0000023 0.0000006 0.0002058
1.9176304 0.0000216 0.0000526 0.0000540 0.0000365 0.0000179 0.0000071 0.0000022 0.0000006 0.0001925
1.9377108 0.0000193 0.0000479 0.0000498 0.0000336 0.0000167 0.0000066 0.0000021 0.0000006 0.0001767
1.9577911 0.0000172 0.0000437 0.0000461 0.0000313 0.0000158 0.0000066 0.0000023 0.0000006 0.0001636
1.9778714 0.0000154 0.0000399 0.0000424 0.0000295 0.0000149 0.0000058 0.0000019 0.0000005 0.0001504
1.9979517 0.0000138 0.0000365 0.0000403 0.0000285 0.0000149 0.0000061 0.0000022 0.0000007 0.0001430
2.0180321 0.0000123 0.0000332 0.0000369 0.0000266 0.0000135 0.0000055 0.0000018 0.0000007 0.0001305
2.0381124 0.0000110 0.0000304 0.0000345 0.0000253 0.0000135 0.0000054 0.0000018 0.0000005 0.0001223
2.0581927 0.0000098 0.0000279 0.0000320 0.0000235 0.0000127 0.0000055 0.0000018 0.0000006 0.0001138
2.0782731 0.0000088 0.0000257 0.0000302 0.0000228 0.0000127 0.0000056 0.0000019 0.0000005 0.0001083
2.0983534 0.0000078 0.0000233 0.0000276 0.0000212 0.0000118 0.0000052 0.0000018 0.0000005 0.0000994
2.1184337 0.0000070 0.0000213 0.0000256 0.0000200 0.0000113 0.0000049 0.0000017 0.0000005 0.0000924
2.1385140 0.0000063 0.0000194 0.0000237 0.0000189 0.0000107 0.0000049 0.0000020 0.0000006 0.0000864
2.1585944 0.0000056 0.0000178 0.0000223 0.0000175 0.0000103 0.0000047 0.0000018 0.0000006 0.0000807
2.1786747 0.0000050 0.0000162 0.0000207 0.0000165 0.0000098 0.0000046 0.0000017 0.0000006 0.0000751
2.1987550 0.0000045 0.0000148 0.0000190 0.0000155 0.0000092 0.0000042 0.0000018 0.0000006 0.0000696
2.2188354 0.0000040 0.0000136 0.0000176 0.0000145 0.0000085 0.0000040 0.0000016 0.0000006 0.0000643
2.2389157 0.0000036 0.0000125 0.0000166 0.0000140 0.0000087 0.0000041 0.0000015 0.0000005 0.0000614
2.2589958 0.0000032 0.0000114 0.0000155 0.0000131 0.0000081 0.0000040 0.0000015 0.0000004 0.0000572
2.2790761 0.0000028 0.0000104 0.0000141 0.0000120 0.0000073 0.0000036 0.0000014 0.0000005 0.0000521
2.2991564 0.0000025 0.0000095 0.0000131 0.0000113 0.0000071 0.0000037 0.0000015 0.0000006 0.0000494
2.3192368 0.0000023 0.0000087 0.0000122 0.0000108 0.0000068 0.0000032 0.0000012 0.0000004 0.0000456
2.3393171 0.0000020 0.0000080 0.0000114 0.0000103 0.0000066 0.0000033 0.0000014 0.0000005 0.0000433
2.3593974 0.0000018 0.0000073 0.0000105 0.0000094 0.0000061 0.0000030 0.0000013 0.0000005 0.0000399
2.3794777 0.0000016 0.0000066 0.0000097 0.0000088 0.0000058 0.0000030 0.0000012 0.0000004 0.0000372
2.3995581 0.0000015 0.0000061 0.0000090 0.0000082 0.0000054 0.0000027 0.0000011 0.0000004 0.0000344
2.4196384 0.0000013 0.0000055 0.0000083 0.0000078 0.0000052 0.0000027 0.0000012 0.0000004 0.0000324
2.4397187 0.0000012 0.0000051 0.0000078 0.0000073 0.0000049 0.0000027 0.0000012 0.0000005 0.0000307
2.4597991 0.0000010 0.0000046 0.0000071 0.0000069 0.0000048 0.0000025 0.0000011 0.0000004 0.0000286
2.4798794 0.0000009 0.0000043 0.0000068 0.0000065 0.0000045 0.0000025 0.0000011 0.0000004 0.0000271
2.4999597 0.0000008 0.0000039 0.0000062 0.0000061 0.0000043 0.0000024 0.0000011 0.0000004 0.0000252
2.5200400 0.0000007 0.0000036 0.0000058 0.0000058 0.0000041 0.0000023 0.0000011 0.0000005 0.0000239
2.5401204 0.0000007 0.0000032 0.0000053 0.0000054 0.0000038 0.0000021 0.0000009 0.0000003 0.0000217
2.5602007 0.0000006 0.0000030 0.0000050 0.0000050 0.0000036 0.0000021 0.0000010 0.0000004 0.0000206
2.5802810 0.0000005 0.0000027 0.0000046 0.0000048 0.0000035 0.0000020 0.0000010 0.0000004 0.0000195
2.6003613 0.0000005 0.0000025 0.0000043 0.0000044 0.0000032 0.0000018 0.0000009 0.0000003 0.0000179
2.6204417 0.0000004 0.0000023 0.0000040 0.0000042 0.0000031 0.0000017 0.0000008 0.0000003 0.0000169
2.6405220 0.0000004 0.0000021 0.0000037 0.0000040 0.0000030 0.0000018 0.0000009 0.0000004 0.0000162
2.6606023 0.0000003 0.0000019 0.0000034 0.0000037 0.0000028 0.0000017 0.0000008 0.0000003 0.0000151
2.6806827 0.0000003 0.0000018 0.0000032 0.0000035 0.0000026 0.0000016 0.0000008 0.0000004 0.0000141
2.7007630 0.0000003 0.0000016 0.0000030 0.0000033 0.0000026 0.0000015 0.0000007 0.0000003 0.0000133
2.7208433 0.0000002 0.0000015 0.0000028 0.0000031 0.0000024 0.0000014 0.0000007 0.0000003 0.0000124
2.7409236 0.0000002 0.0000014 0.0000025 0.0000028 0.0000023 0.0000014 0.0000007 0.0000003 0.0000116
2.7610040 0.0000002 0.0000012 0.0000024 0.0000027 0.0000021 0.0000013 0.0000007 0.0000003 0.0000109
2.7810843 0.0000002 0.0000011 0.0000022 0.0000025 0.0000020 0.0000013 0.0000006 0.0000003 0.0000102
2.8011646 0.0000002 0.0000010 0.0000021 0.0000024 0.0000019 0.0000012 0.0000006 0.0000003 0.0000096
2.8212450 0.0000001 0.0000010 0.0000019 0.0000022 0.0000018 0.0000011 0.0000006 0.0000002 0.0000089
2.8413253 0.0000001 0.0000009 0.0000018 0.0000021 0.0000017 0.0000011 0.0000006 0.0000002 0.0000084
2.8614056 0.0000001 0.0000008 0.0000016 0.0000019 0.0000017 0.0000010 0.0000006 0.0000003 0.0000080
2.8814859 0.0000001 0.0000007 0.0000015 0.0000018 0.0000015 0.0000010 0.0000005 0.0000002 0.0000073
2.9015663 0.0000001 0.0000007 0.0000014 0.0000017 0.0000014 0.0000009 0.0000005 0.0000002 0.0000069
2.9216464 0.0000001 0.0000006 0.0000013 0.0000016 0.0000014 0.0000009 0.0000005 0.0000002 0.0000065
2.9417267 0.0000001 0.0000006 0.0000012 0.0000015 0.0000013 0.0000009 0.0000005 0.0000002 0.0000062
2.9618070 0.0000001 0.0000005 0.0000012 0.0000014 0.0000013 0.0000009 0.0000005 0.0000002 0.0000060
