-------- p=2.391 a=2.000 mu=-2.200 N=20000000 time=2017-02-23 07:05:08 --------
0.0100000 0.9506668 0.0014493 0.0000000 0.0000000 0.0000000 0.0000000 0.0000000 0.0000000 0.9521161
0.0300803 0.8588325 0.0067832 0.0000431 0.0000000 0.0000000 0.0000000 0.0000000 0.0000000 0.8656588
0.0501606 0.7758694 0.0130610 0.0001356 0.0000000 0.0000000 0.0000000 0.0000000 0.0000000 0.7890660
0.0702410 0.7009205 0.0196479 0.0003522 0.0000005 0.0000000 0.0000000 0.0000000 0.0000000 0.7209211
0.0903213 0.6332117 0.0258881 0.0005229 0.0000048 0.0000000 0.0000000 0.0000000 0.0000000 0.6596275
0.1104016 0.5720435 0.0315138 0.0009567 0.0000046 0.0000000 0.0000000 0.0000000 0.0000000 0.6045185
0.1304819 0.5167841 0.0368528 0.0014472 0.0000667 0.0000000 0.0000000 0.0000000 0.0000000 0.5551509
0.1505622 0.4668629 0.0411695 0.0017211 0.0000828 0.0000001 0.0000000 0.0000000 0.0000000 0.5098364
0.1706426 0.4217640 0.0447597 0.0023972 0.0000975 0.0000097 0.0000000 0.0000000 0.0000000 0.4690281
0.1907229 0.3810216 0.0478818 0.0028094 0.0001461 0.0000031 0.0000000 0.0000000 0.0000000 0.4318619
0.2108032 0.3442150 0.0502326 0.0035941 0.0001992 0.0000173 0.0000132 0.0000000 0.0000000 0.3982714
0.2308835 0.3109639 0.0517762 0.0042778 0.0002457 0.0000013 0.0000000 0.0000000 0.0000000 0.3672649
0.2509638 0.2809248 0.0527876 0.0051173 0.0004160 0.0000039 0.0000000 0.0000000 0.0000000 0.3392496
0.2710442 0.2537875 0.0536604 0.0056930 0.0004099 0.0000080 0.0000000 0.0000000 0.0000000 0.3135587
0.2911245 0.2292717 0.0537769 0.0064741 0.0005828 0.0000258 0.0000000 0.0000000 0.0000000 0.2901313
0.3112048 0.2071240 0.0536604 0.0070533 0.0005915 0.0000487 0.0000005 0.0000000 0.0000000 0.2684784
0.3312851 0.1871159 0.0530381 0.0077606 0.0007799 0.0000498 0.0000003 0.0000000 0.0000000 0.2487446
0.3513654 0.1690405 0.0522888 0.0084707 0.0008877 0.0000730 0.0000018 0.0000000 0.0000000 0.2307624
0.3714458 0.1527112 0.0511057 0.0089095 0.0010623 0.0001404 0.0000045 0.0000000 0.0000000 0.2139336
0.3915261 0.1379593 0.0498357 0.0089877 0.0011296 0.0001221 0.0000099 0.0000000 0.0000000 0.1980444
0.4116064 0.1246325 0.0484648 0.0099072 0.0013101 0.0001630 0.0000054 0.0000000 0.0000000 0.1844829
0.4316867 0.1125930 0.0469005 0.0097799 0.0014657 0.0001412 0.0000022 0.0000000 0.0000000 0.1708825
0.4517670 0.1017165 0.0453073 0.0103207 0.0016435 0.0001784 0.0000108 0.0000000 0.0000000 0.1591772
0.4718474 0.0918907 0.0435211 0.0105919 0.0017501 0.0001984 0.0000275 0.0000002 0.0000000 0.1479800
0.4919277 0.0830141 0.0417517 0.0108951 0.0018449 0.0002596 0.0000388 0.0000003 0.0000000 0.1378046
0.5120080 0.0749949 0.0401485 0.0110548 0.0020153 0.0003034 0.0000386 0.0000013 0.0000000 0.1285568
0.5320883 0.0677504 0.0382831 0.0110965 0.0022229 0.0003253 0.0000357 0.0000004 0.0000000 0.1197143
0.5521687 0.0612057 0.0364227 0.0112081 0.0022306 0.0003446 0.0000624 0.0000036 0.0000000 0.1114777
0.5722489 0.0552933 0.0348191 0.0112268 0.0024731 0.0004132 0.0000688 0.0000058 0.0000001 0.1043001
0.5923293 0.0499520 0.0329959 0.0112678 0.0025810 0.0004476 0.0000618 0.0000082 0.0000005 0.0973149
0.6124096 0.0451266 0.0313282 0.0109819 0.0026813 0.0004751 0.0000896 0.0000072 0.0000009 0.0906909
0.6324899 0.0407674 0.0297248 0.0111130 0.0028295 0.0006245 0.0000875 0.0000082 0.0000000 0.0851549
0.6525702 0.0368293 0.0279631 0.0107902 0.0028852 0.0005696 0.0000646 0.0000113 0.0000001 0.0791133
0.6726506 0.0332716 0.0265010 0.0106797 0.0030035 0.0005779 0.0001164 0.0000354 0.0000018 0.0741872
0.6927309 0.0300575 0.0249903 0.0104060 0.0030208 0.0006190 0.0001251 0.0000247 0.0000011 0.0692446
0.7128112 0.0271540 0.0236960 0.0103935 0.0031383 0.0007258 0.0001659 0.0000456 0.0000117 0.0653306
0.7328916 0.0245309 0.0222389 0.0102475 0.0032447 0.0007749 0.0001588 0.0000262 0.0000027 0.0612245
0.7529718 0.0221612 0.0209309 0.0101146 0.0033153 0.0008155 0.0001627 0.0000396 0.0000125 0.0575523
0.7730522 0.0200205 0.0197052 0.0096843 0.0033103 0.0008527 0.0001865 0.0000278 0.0000012 0.0537885
0.7931325 0.0180865 0.0184614 0.0093652 0.0032161 0.0008612 0.0001817 0.0000445 0.0000119 0.0502285
0.8132128 0.0163393 0.0173704 0.0091285 0.0033373 0.0009397 0.0001826 0.0000419 0.0000084 0.0473480
0.8332931 0.0147609 0.0162783 0.0088306 0.0034028 0.0009995 0.0002010 0.0000361 0.0000088 0.0445181
0.8533735 0.0133350 0.0152822 0.0087507 0.0035587 0.0011310 0.0002735 0.0000518 0.0000076 0.0423906
0.8734538 0.0120469 0.0142666 0.0085343 0.0034614 0.0011159 0.0002546 0.0000471 0.0000093 0.0397362
0.8935341 0.0108832 0.0133475 0.0080615 0.0033194 0.0010310 0.0002851 0.0000599 0.0000078 0.0369954
0.9136144 0.0098318 0.0124938 0.0079401 0.0034336 0.0010722 0.0003024 0.0000592 0.0000041 0.0351373
0.9336947 0.0088821 0.0116459 0.0075349 0.0034340 0.0011554 0.0003271 0.0001005 0.0000279 0.0331078
0.9537750 0.0080241 0.0109138 0.0074233 0.0033109 0.0011840 0.0003564 0.0000873 0.0000234 0.0313231
0.9738554 0.0072490 0.0101417 0.0071026 0.0033208 0.0011782 0.0003308 0.0000686 0.0000123 0.0294040
0.9939357 0.0065487 0.0094677 0.0066656 0.0032781 0.0012221 0.0003823 0.0000924 0.0000198 0.0276767
1.0140160 0.0059161 0.0088241 0.0064147 0.0032285 0.0012495 0.0003974 0.0001127 0.0000309 0.0261739
1.0340964 0.0053446 0.0082149 0.0062464 0.0032796 0.0012538 0.0003659 0.0000946 0.0000268 0.0248265
1.0541767 0.0048283 0.0076608 0.0060112 0.0032155 0.0012714 0.0004363 0.0001398 0.0000334 0.0235967
1.0742570 0.0043619 0.0071146 0.0056781 0.0031362 0.0012709 0.0004093 0.0001065 0.0000279 0.0221055
1.0943373 0.0039405 0.0066271 0.0054211 0.0030308 0.0012623 0.0004082 0.0001032 0.0000295 0.0208227
1.1144177 0.0035599 0.0061796 0.0051896 0.0030366 0.0013434 0.0004625 0.0001412 0.0000357 0.0199485
1.1344979 0.0032160 0.0057004 0.0049075 0.0029333 0.0013196 0.0004600 0.0001288 0.0000359 0.0187014
1.1545782 0.0029053 0.0053149 0.0046609 0.0028670 0.0013314 0.0004885 0.0001651 0.0000446 0.0177778
1.1746585 0.0026247 0.0049501 0.0044338 0.0027399 0.0012554 0.0004586 0.0001433 0.0000448 0.0166506
1.1947389 0.0023711 0.0045834 0.0042689 0.0026832 0.0012977 0.0004867 0.0001531 0.0000379 0.0158821
1.2148192 0.0021421 0.0042667 0.0040437 0.0026625 0.0013149 0.0005135 0.0001737 0.0000599 0.0151771
1.2348995 0.0019352 0.0039529 0.0038042 0.0025027 0.0012536 0.0004895 0.0001666 0.0000423 0.0141469
1.2549798 0.0017482 0.0036461 0.0036299 0.0024930 0.0012796 0.0005288 0.0001900 0.0000583 0.0135741
1.2750602 0.0015793 0.0034070 0.0035050 0.0024460 0.0013085 0.0005530 0.0001982 0.0000650 0.0130622
1.2951405 0.0014268 0.0031344 0.0032736 0.0023593 0.0012811 0.0005658 0.0002006 0.0000585 0.0123002
1.3152208 0.0012890 0.0029172 0.0031114 0.0022784 0.0012335 0.0005565 0.0002229 0.0000742 0.0116830
1.3353012 0.0011644 0.0026952 0.0028908 0.0021666 0.0012255 0.0005655 0.0002120 0.0000645 0.0109845
1.3553815 0.0010520 0.0024917 0.0027731 0.0021498 0.0012616 0.0005656 0.0002176 0.0000702 0.0105816
1.3754618 0.0009503 0.0023013 0.0026227 0.0020501 0.0012030 0.0005543 0.0002088 0.0000745 0.0099651
1.3955421 0.0008585 0.0021431 0.0024707 0.0019533 0.0011807 0.0005752 0.0002499 0.0000918 0.0095232
1.4156225 0.0007756 0.0019791 0.0023386 0.0018800 0.0011079 0.0005402 0.0002036 0.0000855 0.0089106
1.4357028 0.0007007 0.0018312 0.0022528 0.0018401 0.0011519 0.0005799 0.0002493 0.0000827 0.0086887
1.4557831 0.0006330 0.0016941 0.0020991 0.0017880 0.0011420 0.0005939 0.0002607 0.0001046 0.0083154
1.4758633 0.0005718 0.0015615 0.0019877 0.0017480 0.0011527 0.0006193 0.0002773 0.0001119 0.0080303
1.4959437 0.0005166 0.0014470 0.0018749 0.0016255 0.0010681 0.0005738 0.0002552 0.0000915 0.0074527
1.5160240 0.0004667 0.0013282 0.0017529 0.0015866 0.0010526 0.0005525 0.0002590 0.0001070 0.0071055
1.5361043 0.0004216 0.0012467 0.0016726 0.0015328 0.0010741 0.0005772 0.0002581 0.0000912 0.0068743
1.5561846 0.0003809 0.0011411 0.0015720 0.0014678 0.0010205 0.0005884 0.0002752 0.0001219 0.0065678
1.5762650 0.0003441 0.0010458 0.0014512 0.0013690 0.0009731 0.0005529 0.0002590 0.0001035 0.0060986
1.5963453 0.0003109 0.0009762 0.0013849 0.0013265 0.0009594 0.0005502 0.0002527 0.0001047 0.0058654
1.6164256 0.0002808 0.0008967 0.0012936 0.0012658 0.0009034 0.0005239 0.0002606 0.0001123 0.0055371
1.6365060 0.0002537 0.0008300 0.0012047 0.0011921 0.0008951 0.0005516 0.0002846 0.0001319 0.0053438
1.6565863 0.0002292 0.0007566 0.0011366 0.0011594 0.0008764 0.0005228 0.0002534 0.0001070 0.0050413
1.6766666 0.0002071 0.0007040 0.0010820 0.0011138 0.0008717 0.0005292 0.0002531 0.0001069 0.0048677
1.6967469 0.0001871 0.0006459 0.0010019 0.0010451 0.0008250 0.0005268 0.0002761 0.0001208 0.0046285
1.7168273 0.0001690 0.0005939 0.0009370 0.0009915 0.0007928 0.0005016 0.0002697 0.0001249 0.0043804
1.7369076 0.0001527 0.0005512 0.0008878 0.0009549 0.0007731 0.0005041 0.0002668 0.0001259 0.0042165
1.7569879 0.0001379 0.0005067 0.0008292 0.0009131 0.0007527 0.0004930 0.0002712 0.0001212 0.0040249
1.7770681 0.0001246 0.0004681 0.0007819 0.0008754 0.0007367 0.0004915 0.0002715 0.0001286 0.0038785
1.7971485 0.0001126 0.0004302 0.0007327 0.0008421 0.0007059 0.0004767 0.0002566 0.0001221 0.0036788
1.8172288 0.0001017 0.0003977 0.0006896 0.0007964 0.0006769 0.0004534 0.0002644 0.0001261 0.0035061
1.8373091 0.0000919 0.0003658 0.0006430 0.0007508 0.0006594 0.0004749 0.0002830 0.0001462 0.0034149
1.8573895 0.0000830 0.0003368 0.0006059 0.0007250 0.0006439 0.0004644 0.0002754 0.0001479 0.0032821
1.8774698 0.0000750 0.0003115 0.0005652 0.0006822 0.0006097 0.0004449 0.0002597 0.0001318 0.0030801
1.8975501 0.0000677 0.0002898 0.0005262 0.0006486 0.0005949 0.0004297 0.0002645 0.0001406 0.0029621
1.9176304 0.0000612 0.0002636 0.0004953 0.0006191 0.0005861 0.0004350 0.0002587 0.0001296 0.0028485
1.9377108 0.0000553 0.0002417 0.0004638 0.0005808 0.0005470 0.0004108 0.0002610 0.0001390 0.0026994
1.9577911 0.0000499 0.0002227 0.0004301 0.0005418 0.0005108 0.0003807 0.0002405 0.0001376 0.0025141
1.9778714 0.0000451 0.0002050 0.0004101 0.0005312 0.0005123 0.0003955 0.0002458 0.0001386 0.0024836
1.9979517 0.0000408 0.0001896 0.0003821 0.0005002 0.0004871 0.0003828 0.0002570 0.0001449 0.0023844
2.0180321 0.0000368 0.0001716 0.0003460 0.0004611 0.0004627 0.0003685 0.0002314 0.0001268 0.0022050
2.0381124 0.0000333 0.0001618 0.0003340 0.0004507 0.0004481 0.0003528 0.0002378 0.0001360 0.0021545
2.0581927 0.0000300 0.0001484 0.0003081 0.0004261 0.0004431 0.0003673 0.0002500 0.0001470 0.0021201
2.0782731 0.0000271 0.0001343 0.0002858 0.0004034 0.0004195 0.0003388 0.0002404 0.0001332 0.0019824
2.0983534 0.0000245 0.0001240 0.0002701 0.0003814 0.0003919 0.0003208 0.0002253 0.0001406 0.0018787
2.1184337 0.0000222 0.0001161 0.0002552 0.0003606 0.0003805 0.0003272 0.0002192 0.0001285 0.0018094
2.1385140 0.0000200 0.0001062 0.0002358 0.0003470 0.0003774 0.0003175 0.0002238 0.0001364 0.0017641
2.1585944 0.0000181 0.0000975 0.0002206 0.0003249 0.0003545 0.0003051 0.0002282 0.0001352 0.0016840
2.1786747 0.0000163 0.0000922 0.0002118 0.0003165 0.0003449 0.0003080 0.0002294 0.0001474 0.0016666
2.1987550 0.0000148 0.0000827 0.0001923 0.0002931 0.0003298 0.0002913 0.0002137 0.0001348 0.0015526
2.2188354 0.0000133 0.0000746 0.0001765 0.0002737 0.0003134 0.0002807 0.0002083 0.0001360 0.0014766
2.2389157 0.0000120 0.0000693 0.0001645 0.0002521 0.0002924 0.0002593 0.0001906 0.0001245 0.0013648
2.2589958 0.0000109 0.0000638 0.0001531 0.0002401 0.0002765 0.0002523 0.0001945 0.0001178 0.0013091
2.2790761 0.0000098 0.0000576 0.0001434 0.0002315 0.0002687 0.0002514 0.0001972 0.0001304 0.0012900
2.2991564 0.0000089 0.0000552 0.0001411 0.0002243 0.0002673 0.0002519 0.0001970 0.0001330 0.0012788
2.3192368 0.0000080 0.0000503 0.0001277 0.0002080 0.0002463 0.0002318 0.0001802 0.0001256 0.0011780
2.3393171 0.0000072 0.0000456 0.0001183 0.0001956 0.0002402 0.0002261 0.0001744 0.0001152 0.0011227
2.3593974 0.0000065 0.0000414 0.0001079 0.0001840 0.0002227 0.0002179 0.0001714 0.0001192 0.0010710
2.3794777 0.0000059 0.0000390 0.0001034 0.0001768 0.0002169 0.0002050 0.0001660 0.0001133 0.0010263
2.3995581 0.0000053 0.0000355 0.0000960 0.0001623 0.0002037 0.0002052 0.0001670 0.0001143 0.0009892
2.4196384 0.0000048 0.0000331 0.0000879 0.0001501 0.0001909 0.0001914 0.0001568 0.0001104 0.0009255
2.4397187 0.0000044 0.0000300 0.0000842 0.0001490 0.0001916 0.0001977 0.0001697 0.0001271 0.0009536
2.4597991 0.0000039 0.0000274 0.0000771 0.0001373 0.0001794 0.0001855 0.0001559 0.0001191 0.0008857
2.4798794 0.0000036 0.0000252 0.0000716 0.0001281 0.0001679 0.0001786 0.0001555 0.0001204 0.0008509
2.4999597 0.0000032 0.0000232 0.0000664 0.0001197 0.0001631 0.0001711 0.0001473 0.0001051 0.0007991
2.5200400 0.0000029 0.0000208 0.0000624 0.0001138 0.0001571 0.0001658 0.0001472 0.0001087 0.0007789
2.5401204 0.0000026 0.0000198 0.0000592 0.0001118 0.0001493 0.0001577 0.0001451 0.0001095 0.0007550
2.5602007 0.0000024 0.0000181 0.0000556 0.0001067 0.0001480 0.0001592 0.0001433 0.0001088 0.0007422
2.5802810 0.0000021 0.0000164 0.0000503 0.0000958 0.0001331 0.0001451 0.0001310 0.0000998 0.0006737
2.6003613 0.0000019 0.0000155 0.0000467 0.0000912 0.0001262 0.0001402 0.0001294 0.0001027 0.0006539
2.6204417 0.0000017 0.0000137 0.0000411 0.0000795 0.0001129 0.0001262 0.0001196 0.0000953 0.0005901
2.6405220 0.0000016 0.0000134 0.0000423 0.0000820 0.0001166 0.0001326 0.0001234 0.0000965 0.0006083
2.6606023 0.0000014 0.0000119 0.0000374 0.0000746 0.0001063 0.0001219 0.0001152 0.0000957 0.0005644
2.6806827 0.0000013 0.0000113 0.0000360 0.0000748 0.0001095 0.0001261 0.0001200 0.0000940 0.0005731
2.7007630 0.0000012 0.0000102 0.0000320 0.0000639 0.0000945 0.0001107 0.0001046 0.0000855 0.0005025
2.7208433 0.0000011 0.0000093 0.0000309 0.0000623 0.0000923 0.0001083 0.0001039 0.0000822 0.0004901
2.7409236 0.0000010 0.0000087 0.0000294 0.0000620 0.0000935 0.0001122 0.0001088 0.0000923 0.0005079
2.7610040 0.0000009 0.0000079 0.0000267 0.0000565 0.0000873 0.0001033 0.0001021 0.0000833 0.0004679
2.7810843 0.0000008 0.0000072 0.0000246 0.0000531 0.0000835 0.0001012 0.0001021 0.0000869 0.0004593
2.8011646 0.0000007 0.0000065 0.0000223 0.0000488 0.0000758 0.0000929 0.0000967 0.0000853 0.0004291
2.8212450 0.0000006 0.0000059 0.0000214 0.0000470 0.0000719 0.0000867 0.0000900 0.0000783 0.0004018
2.8413253 0.0000006 0.0000056 0.0000208 0.0000467 0.0000725 0.0000915 0.0000887 0.0000734 0.0003997
2.8614056 0.0000005 0.0000049 0.0000179 0.0000392 0.0000630 0.0000779 0.0000809 0.0000698 0.0003541
2.8814859 0.0000005 0.0000046 0.0000167 0.0000372 0.0000584 0.0000718 0.0000738 0.0000647 0.0003276
2.9015663 0.0000004 0.0000044 0.0000161 0.0000365 0.0000590 0.0000742 0.0000778 0.0000727 0.0003411
2.9216464 0.0000004 0.0000040 0.0000143 0.0000319 0.0000516 0.0000650 0.0000673 0.0000601 0.0002945
2.9417267 0.0000003 0.0000036 0.0000133 0.0000308 0.0000510 0.0000646 0.0000670 0.0000599 0.0002905
2.9618070 0.0000003 0.0000036 0.0000135 0.0000307 0.0000512 0.0000656 0.0000705 0.0000655 0.0003009
2.9818873 0.0000003 0.0000030 0.0000111 0.0000251 0.0000428 0.0000565 0.0000613 0.0000567 0.0002568
3.0019677 0.0000003 0.0000027 0.0000104 0.0000248 0.0000423 0.0000567 0.0000628 0.0000584 0.0002583
3.0220480 0.0000002 0.0000025 0.0000103 0.0000243 0.0000415 0.0000561 0.0000605 0.0000566 0.0002522
3.0421283 0.0000002 0.0000024 0.0000098 0.0000245 0.0000417 0.0000569 0.0000642 0.0000611 0.0002609
3.0622087 0.0000002 0.0000023 0.0000091 0.0000226 0.0000404 0.0000561 0.0000636 0.0000614 0.0002556
3.0822890 0.0000002 0.0000021 0.0000085 0.0000210 0.0000368 0.0000502 0.0000583 0.0000561 0.0002331
3.1023693 0.0000002 0.0000019 0.0000078 0.0000197 0.0000349 0.0000471 0.0000521 0.0000491 0.0002128
3.1224496 0.0000001 0.0000016 0.0000068 0.0000175 0.0000312 0.0000440 0.0000526 0.0000500 0.0002039
3.1425300 0.0000001 0.0000016 0.0000069 0.0000176 0.0000320 0.0000453 0.0000532 0.0000519 0.0002085
3.1626103 0.0000001 0.0000015 0.0000060 0.0000153 0.0000280 0.0000392 0.0000460 0.0000463 0.0001823
3.1826906 0.0000001 0.0000013 0.0000054 0.0000137 0.0000255 0.0000361 0.0000430 0.0000431 0.0001682
3.2027709 0.0000001 0.0000013 0.0000055 0.0000138 0.0000252 0.0000365 0.0000431 0.0000438 0.0001692
3.2228513 0.0000001 0.0000012 0.0000055 0.0000141 0.0000267 0.0000383 0.0000456 0.0000458 0.0001773
3.2429316 0.0000001 0.0000010 0.0000046 0.0000120 0.0000233 0.0000347 0.0000417 0.0000427 0.0001602
3.2630119 0.0000001 0.0000009 0.0000042 0.0000108 0.0000204 0.0000304 0.0000378 0.0000397 0.0001443
3.2830923 0.0000001 0.0000009 0.0000041 0.0000110 0.0000212 0.0000325 0.0000393 0.0000395 0.0001487
3.3031726 0.0000001 0.0000008 0.0000039 0.0000110 0.0000214 0.0000326 0.0000399 0.0000427 0.0001524
3.3232529 0.0000000 0.0000007 0.0000032 0.0000090 0.0000174 0.0000264 0.0000342 0.0000353 0.0001263
3.3433332 0.0000000 0.0000007 0.0000032 0.0000087 0.0000175 0.0000265 0.0000334 0.0000365 0.0001266
3.3634136 0.0000000 0.0000007 0.0000035 0.0000101 0.0000201 0.0000311 0.0000394 0.0000411 0.0001460
3.3834939 0.0000000 0.0000006 0.0000027 0.0000076 0.0000153 0.0000245 0.0000305 0.0000316 0.0001128
3.4035742 0.0000000 0.0000005 0.0000027 0.0000077 0.0000155 0.0000243 0.0000304 0.0000331 0.0001144
3.4236546 0.0000000 0.0000005 0.0000024 0.0000070 0.0000138 0.0000212 0.0000265 0.0000289 0.0001003
3.4437349 0.0000000 0.0000005 0.0000023 0.0000067 0.0000138 0.0000217 0.0000277 0.0000299 0.0001027
3.4638152 0.0000000 0.0000004 0.0000020 0.0000057 0.0000115 0.0000185 0.0000243 0.0000269 0.0000892
3.4838955 0.0000000 0.0000004 0.0000019 0.0000055 0.0000114 0.0000178 0.0000230 0.0000249 0.0000849
3.5039759 0.0000000 0.0000004 0.0000018 0.0000052 0.0000108 0.0000171 0.0000223 0.0000242 0.0000817
3.5240562 0.0000000 0.0000003 0.0000016 0.0000046 0.0000099 0.0000163 0.0000220 0.0000255 0.0000802
3.5441363 0.0000000 0.0000003 0.0000017 0.0000049 0.0000103 0.0000170 0.0000231 0.0000263 0.0000837
3.5642166 0.0000000 0.0000003 0.0000016 0.0000047 0.0000101 0.0000162 0.0000222 0.0000264 0.0000815
3.5842969 0.0000000 0.0000002 0.0000012 0.0000040 0.0000086 0.0000146 0.0000199 0.0000225 0.0000711
3.6043773 0.0000000 0.0000002 0.0000013 0.0000039 0.0000086 0.0000153 0.0000214 0.0000251 0.0000759
3.6244576 0.0000000 0.0000002 0.0000012 0.0000037 0.0000081 0.0000135 0.0000185 0.0000217 0.0000671
3.6445379 0.0000000 0.0000002 0.0000009 0.0000028 0.0000061 0.0000104 0.0000142 0.0000160 0.0000506
3.6646183 0.0000000 0.0000002 0.0000009 0.0000028 0.0000062 0.0000108 0.0000147 0.0000167 0.0000524
3.6846986 0.0000000 0.0000002 0.0000010 0.0000031 0.0000070 0.0000120 0.0000166 0.0000195 0.0000595
3.7047789 0.0000000 0.0000001 0.0000007 0.0000022 0.0000050 0.0000084 0.0000120 0.0000148 0.0000432
3.7248592 0.0000000 0.0000002 0.0000009 0.0000029 0.0000063 0.0000111 0.0000161 0.0000197 0.0000572
3.7449396 0.0000000 0.0000001 0.0000007 0.0000022 0.0000051 0.0000090 0.0000129 0.0000159 0.0000459
3.7650199 0.0000000 0.0000001 0.0000006 0.0000019 0.0000045 0.0000083 0.0000121 0.0000153 0.0000428
3.7851002 0.0000000 0.0000001 0.0000007 0.0000022 0.0000050 0.0000087 0.0000126 0.0000156 0.0000448
3.8051805 0.0000000 0.0000001 0.0000006 0.0000021 0.0000048 0.0000085 0.0000124 0.0000152 0.0000438
3.8252609 0.0000000 0.0000001 0.0000006 0.0000020 0.0000048 0.0000085 0.0000123 0.0000154 0.0000437
3.8453412 0.0000000 0.0000001 0.0000005 0.0000017 0.0000040 0.0000073 0.0000110 0.0000136 0.0000383
3.8654215 0.0000000 0.0000001 0.0000005 0.0000017 0.0000040 0.0000072 0.0000103 0.0000126 0.0000365
3.8855019 0.0000000 0.0000001 0.0000004 0.0000014 0.0000034 0.0000062 0.0000092 0.0000118 0.0000324
3.9055822 0.0000000 0.0000001 0.0000004 0.0000012 0.0000029 0.0000053 0.0000080 0.0000101 0.0000279
3.9256625 0.0000000 0.0000001 0.0000004 0.0000014 0.0000033 0.0000060 0.0000092 0.0000117 0.0000321
3.9457428 0.0000000 0.0000001 0.0000004 0.0000013 0.0000031 0.0000058 0.0000089 0.0000114 0.0000309
3.9658232 0.0000000 0.0000001 0.0000003 0.0000012 0.0000028 0.0000052 0.0000078 0.0000101 0.0000276
3.9859035 0.0000000 0.0000001 0.0000003 0.0000012 0.0000029 0.0000056 0.0000088 0.0000116 0.0000305
4.0059838 0.0000000 0.0000000 0.0000003 0.0000010 0.0000025 0.0000048 0.0000073 0.0000092 0.0000252
4.0260644 0.0000000 0.0000000 0.0000002 0.0000009 0.0000023 0.0000043 0.0000066 0.0000085 0.0000229
4.0461445 0.0000000 0.0000000 0.0000003 0.0000011 0.0000026 0.0000050 0.0000077 0.0000103 0.0000271
4.0662251 0.0000000 0.0000000 0.0000002 0.0000006 0.0000016 0.0000032 0.0000052 0.0000069 0.0000178
4.0863051 0.0000000 0.0000000 0.0000002 0.0000007 0.0000017 0.0000034 0.0000054 0.0000072 0.0000187
4.1063857 0.0000000 0.0000000 0.0000002 0.0000007 0.0000018 0.0000034 0.0000056 0.0000075 0.0000192
4.1264658 0.0000000 0.0000000 0.0000002 0.0000009 0.0000023 0.0000044 0.0000071 0.0000097 0.0000246
4.1465464 0.0000000 0.0000000 0.0000002 0.0000006 0.0000015 0.0000029 0.0000047 0.0000064 0.0000163
4.1666265 0.0000000 0.0000000 0.0000002 0.0000006 0.0000015 0.0000030 0.0000048 0.0000065 0.0000164
4.1867070 0.0000000 0.0000000 0.0000001 0.0000005 0.0000014 0.0000027 0.0000044 0.0000060 0.0000151
4.2067871 0.0000000 0.0000000 0.0000001 0.0000005 0.0000012 0.0000024 0.0000039 0.0000053 0.0000133
4.2268677 0.0000000 0.0000000 0.0000002 0.0000006 0.0000016 0.0000033 0.0000055 0.0000077 0.0000189
4.2469478 0.0000000 0.0000000 0.0000001 0.0000005 0.0000014 0.0000028 0.0000045 0.0000063 0.0000156
4.2670283 0.0000000 0.0000000 0.0000002 0.0000006 0.0000016 0.0000033 0.0000054 0.0000075 0.0000186
4.2871084 0.0000000 0.0000000 0.0000001 0.0000005 0.0000013 0.0000028 0.0000047 0.0000066 0.0000161
4.3071890 0.0000000 0.0000000 0.0000001 0.0000003 0.0000009 0.0000019 0.0000031 0.0000042 0.0000104
4.3272691 0.0000000 0.0000000 0.0000001 0.0000003 0.0000009 0.0000019 0.0000033 0.0000047 0.0000113
4.3473496 0.0000000 0.0000000 0.0000001 0.0000003 0.0000009 0.0000018 0.0000030 0.0000043 0.0000104
4.3674297 0.0000000 0.0000000 0.0000001 0.0000003 0.0000009 0.0000019 0.0000032 0.0000046 0.0000110
4.3875103 0.0000000 0.0000000 0.0000001 0.0000003 0.0000007 0.0000015 0.0000026 0.0000036 0.0000088
4.4075904 0.0000000 0.0000000 0.0000000 0.0000002 0.0000005 0.0000011 0.0000019 0.0000028 0.0000065
4.4276710 0.0000000 0.0000000 0.0000001 0.0000003 0.0000008 0.0000018 0.0000030 0.0000044 0.0000104
4.4477510 0.0000000 0.0000000 0.0000001 0.0000002 0.0000006 0.0000014 0.0000023 0.0000033 0.0000079
4.4678316 0.0000000 0.0000000 0.0000000 0.0000002 0.0000006 0.0000011 0.0000019 0.0000028 0.0000066
4.4879117 0.0000000 0.0000000 0.0000001 0.0000002 0.0000006 0.0000013 0.0000023 0.0000035 0.0000081
4.5079918 0.0000000 0.0000000 0.0000001 0.0000004 0.0000012 0.0000026 0.0000046 0.0000069 0.0000157
4.5280724 0.0000000 0.0000000 0.0000000 0.0000001 0.0000003 0.0000007 0.0000013 0.0000020 0.0000046
4.5481524 0.0000000 0.0000000 0.0000000 0.0000002 0.0000005 0.0000010 0.0000018 0.0000026 0.0000060
4.5682330 0.0000000 0.0000000 0.0000000 0.0000001 0.0000004 0.0000009 0.0000016 0.0000025 0.0000056
4.5883131 0.0000000 0.0000000 0.0000000 0.0000001 0.0000003 0.0000005 0.0000010 0.0000015 0.0000034
4.6083937 0.0000000 0.0000000 0.0000000 0.0000001 0.0000003 0.0000007 0.0000012 0.0000018 0.0000042
4.6284738 0.0000000 0.0000000 0.0000000 0.0000001 0.0000004 0.0000009 0.0000016 0.0000024 0.0000055
4.6485543 0.0000000 0.0000000 0.0000000 0.0000001 0.0000004 0.0000008 0.0000014 0.0000021 0.0000048
4.6686344 0.0000000 0.0000000 0.0000000 0.0000002 0.0000005 0.0000011 0.0000021 0.0000032 0.0000071
4.6887150 0.0000000 0.0000000 0.0000000 0.0000001 0.0000003 0.0000006 0.0000011 0.0000019 0.0000040
4.7087951 0.0000000 0.0000000 0.0000000 0.0000002 0.0000006 0.0000014 0.0000025 0.0000041 0.0000088
4.7288756 0.0000000 0.0000000 0.0000000 0.0000001 0.0000004 0.0000008 0.0000015 0.0000024 0.0000053
4.7489557 0.0000000 0.0000000 0.0000000 0.0000000 0.0000001 0.0000003 0.0000006 0.0000010 0.0000022
4.7690363 0.0000000 0.0000000 0.0000000 0.0000001 0.0000002 0.0000005 0.0000010 0.0000016 0.0000034
4.7891164 0.0000000 0.0000000 0.0000000 0.0000001 0.0000002 0.0000004 0.0000008 0.0000013 0.0000028
4.8091969 0.0000000 0.0000000 0.0000000 0.0000001 0.0000003 0.0000006 0.0000012 0.0000020 0.0000042
4.8292770 0.0000000 0.0000000 0.0000000 0.0000001 0.0000002 0.0000004 0.0000008 0.0000012 0.0000027
4.8493576 0.0000000 0.0000000 0.0000000 0.0000001 0.0000002 0.0000004 0.0000009 0.0000014 0.0000030
4.8694377 0.0000000 0.0000000 0.0000000 0.0000001 0.0000002 0.0000004 0.0000009 0.0000014 0.0000029
4.8895183 0.0000000 0.0000000 0.0000000 0.0000001 0.0000003 0.0000007 0.0000013 0.0000021 0.0000045
4.9095984 0.0000000 0.0000000 0.0000000 0.0000000 0.0000001 0.0000004 0.0000007 0.0000011 0.0000023
4.9296789 0.0000000 0.0000000 0.0000000 0.0000001 0.0000002 0.0000005 0.0000009 0.0000015 0.0000031
4.9497590 0.0000000 0.0000000 0.0000000 0.0000000 0.0000001 0.0000003 0.0000005 0.0000008 0.0000018
4.9698396 0.0000000 0.0000000 0.0000000 0.0000000 0.0000001 0.0000003 0.0000006 0.0000011 0.0000022
4.9899197 0.0000000 0.0000000 0.0000000 0.0000001 0.0000002 0.0000004 0.0000008 0.0000014 0.0000028
5.0100002 0.0000000 0.0000000 0.0000000 0.0000000 0.0000001 0.0000001 0.0000003 0.0000004 0.0000009
