-------- p=2.174 a=2.000 mu=-2.200 N=20000000 time=2017-02-23 07:05:08 --------
0.0100000 0.9553959 0.0014313 0.0000000 0.0000000 0.0000000 0.0000000 0.0000000 0.0000000 0.9568272
0.0300803 0.8717479 0.0068074 0.0000486 0.0000000 0.0000000 0.0000000 0.0000000 0.0000000 0.8786039
0.0501606 0.7954236 0.0134715 0.0000698 0.0000005 0.0000000 0.0000000 0.0000000 0.0000000 0.8089654
0.0702410 0.7257818 0.0204219 0.0003052 0.0000000 0.0000000 0.0000000 0.0000000 0.0000000 0.7465088
0.0903213 0.6622373 0.0269641 0.0004654 0.0000007 0.0000000 0.0000000 0.0000000 0.0000000 0.6896675
0.1104016 0.6042563 0.0332502 0.0010192 0.0000182 0.0000041 0.0000000 0.0000000 0.0000000 0.6385479
0.1304819 0.5513517 0.0388566 0.0013542 0.0000587 0.0000002 0.0000000 0.0000000 0.0000000 0.5916213
0.1505622 0.5030791 0.0438828 0.0019334 0.0000536 0.0000010 0.0000000 0.0000000 0.0000000 0.5489499
0.1706426 0.4590329 0.0483608 0.0025511 0.0000741 0.0000002 0.0000000 0.0000000 0.0000000 0.5100190
0.1907229 0.4188431 0.0520559 0.0031701 0.0000877 0.0000000 0.0000000 0.0000000 0.0000000 0.4741568
0.2108032 0.3821721 0.0550582 0.0040020 0.0002029 0.0000008 0.0000000 0.0000000 0.0000000 0.4414360
0.2308835 0.3487117 0.0576784 0.0048244 0.0002682 0.0000032 0.0000000 0.0000000 0.0000000 0.4114860
0.2509638 0.3181809 0.0596793 0.0058493 0.0003790 0.0000046 0.0000000 0.0000000 0.0000000 0.3840931
0.2710442 0.2903231 0.0609838 0.0065476 0.0004311 0.0000164 0.0000001 0.0000000 0.0000000 0.3583021
0.2911245 0.2649045 0.0617104 0.0074725 0.0006207 0.0000547 0.0000044 0.0000001 0.0000000 0.3347673
0.3112048 0.2417112 0.0622027 0.0081409 0.0006456 0.0000277 0.0000096 0.0000074 0.0000000 0.3127450
0.3312851 0.2205486 0.0619410 0.0088068 0.0009228 0.0000538 0.0000001 0.0000000 0.0000000 0.2922731
0.3513654 0.2012389 0.0619171 0.0097085 0.0010652 0.0000689 0.0000012 0.0000002 0.0000000 0.2740000
0.3714458 0.1836198 0.0610632 0.0101703 0.0012106 0.0001316 0.0000032 0.0000000 0.0000000 0.2561987
0.3915261 0.1675433 0.0601880 0.0109132 0.0012744 0.0000943 0.0000004 0.0000000 0.0000000 0.2400136
0.4116064 0.1528743 0.0589206 0.0117177 0.0016500 0.0001841 0.0000079 0.0000000 0.0000000 0.2253547
0.4316867 0.1394897 0.0574638 0.0120626 0.0017282 0.0001831 0.0000096 0.0000000 0.0000000 0.2109369
0.4517670 0.1272769 0.0560622 0.0123163 0.0018371 0.0002169 0.0000232 0.0000002 0.0000000 0.1977329
0.4718474 0.1161334 0.0544718 0.0132957 0.0021459 0.0003228 0.0000196 0.0000002 0.0000000 0.1863894
0.4919277 0.1059656 0.0526948 0.0133856 0.0023974 0.0002719 0.0000220 0.0000033 0.0000000 0.1747405
0.5120080 0.0966880 0.0509165 0.0138987 0.0025006 0.0003397 0.0000524 0.0000113 0.0000001 0.1644073
0.5320883 0.0882226 0.0491811 0.0141331 0.0027279 0.0003903 0.0000534 0.0000010 0.0000000 0.1547094
0.5521687 0.0804984 0.0473272 0.0141534 0.0029232 0.0004650 0.0000372 0.0000001 0.0000000 0.1454045
0.5722489 0.0734506 0.0453112 0.0144007 0.0032514 0.0005215 0.0000761 0.0000074 0.0000001 0.1370190
0.5923293 0.0670197 0.0437672 0.0144830 0.0033527 0.0005856 0.0000873 0.0000034 0.0000000 0.1292989
0.6124096 0.0611519 0.0417487 0.0146265 0.0035691 0.0006000 0.0001045 0.0000146 0.0000012 0.1218166
0.6324899 0.0557979 0.0398249 0.0145826 0.0038322 0.0006927 0.0001130 0.0000115 0.0000000 0.1148549
0.6525702 0.0509126 0.0381686 0.0145938 0.0037190 0.0007230 0.0001377 0.0000060 0.0000005 0.1082612
0.6726506 0.0464550 0.0364190 0.0144395 0.0038484 0.0008278 0.0001365 0.0000168 0.0000013 0.1021442
0.6927309 0.0423878 0.0347834 0.0145942 0.0042721 0.0009029 0.0001232 0.0000139 0.0000041 0.0970817
0.7128112 0.0386766 0.0330105 0.0142264 0.0042783 0.0010155 0.0001593 0.0000289 0.0000010 0.0913965
0.7328916 0.0352903 0.0313310 0.0140785 0.0044582 0.0009962 0.0001785 0.0000400 0.0000033 0.0863759
0.7529718 0.0322005 0.0297685 0.0139546 0.0045809 0.0011944 0.0002886 0.0000587 0.0000074 0.0820537
0.7730522 0.0293813 0.0281518 0.0136274 0.0045417 0.0011472 0.0002414 0.0000289 0.0000024 0.0771221
0.7931325 0.0268089 0.0266589 0.0134529 0.0046498 0.0011931 0.0002691 0.0000550 0.0000115 0.0730992
0.8132128 0.0244617 0.0252756 0.0130667 0.0047780 0.0012573 0.0002863 0.0000634 0.0000104 0.0691993
0.8332931 0.0223200 0.0240402 0.0130733 0.0048783 0.0013846 0.0003079 0.0000609 0.0000089 0.0660741
0.8533735 0.0203658 0.0226367 0.0124232 0.0047655 0.0014179 0.0004099 0.0000711 0.0000114 0.0621015
0.8734538 0.0185827 0.0212727 0.0122302 0.0048327 0.0014529 0.0003188 0.0000898 0.0000139 0.0587938
0.8935341 0.0169557 0.0201779 0.0120344 0.0049115 0.0015243 0.0003993 0.0000928 0.0000114 0.0561073
0.9136144 0.0154712 0.0190016 0.0117473 0.0049627 0.0015872 0.0003963 0.0000940 0.0000181 0.0532783
0.9336947 0.0141166 0.0179520 0.0114263 0.0048886 0.0016480 0.0005015 0.0001217 0.0000216 0.0506764
0.9537750 0.0128807 0.0168663 0.0108625 0.0049537 0.0016383 0.0004315 0.0000757 0.0000256 0.0477341
0.9738554 0.0117529 0.0158311 0.0106712 0.0051213 0.0017612 0.0004926 0.0001110 0.0000151 0.0457563
0.9939357 0.0107239 0.0149371 0.0102825 0.0049527 0.0018037 0.0005536 0.0001520 0.0000494 0.0434550
1.0140160 0.0097850 0.0141046 0.0100413 0.0049924 0.0018533 0.0005967 0.0001591 0.0000617 0.0415942
1.0340964 0.0089283 0.0132588 0.0096616 0.0048687 0.0018505 0.0005998 0.0001553 0.0000259 0.0393488
1.0541767 0.0081466 0.0123835 0.0092638 0.0047758 0.0018535 0.0005875 0.0001614 0.0000404 0.0372125
1.0742570 0.0074333 0.0116938 0.0089698 0.0048176 0.0019672 0.0005913 0.0001579 0.0000371 0.0356679
1.0943373 0.0067825 0.0109641 0.0087812 0.0048526 0.0020474 0.0006794 0.0001838 0.0000461 0.0343371
1.1144177 0.0061887 0.0102426 0.0083093 0.0046000 0.0019380 0.0006873 0.0002063 0.0000368 0.0322089
1.1344979 0.0056469 0.0096327 0.0079845 0.0046443 0.0020643 0.0006906 0.0002091 0.0000451 0.0309174
1.1545782 0.0051525 0.0090653 0.0077992 0.0045347 0.0019930 0.0006792 0.0002191 0.0000761 0.0295190
1.1746585 0.0047013 0.0084401 0.0074526 0.0044544 0.0020519 0.0008118 0.0002618 0.0000828 0.0282567
1.1947389 0.0042897 0.0079059 0.0070759 0.0043863 0.0020866 0.0007649 0.0002736 0.0000600 0.0268430
1.2148192 0.0039141 0.0074200 0.0068391 0.0043149 0.0020554 0.0008260 0.0002625 0.0000807 0.0257129
1.2348995 0.0035715 0.0068746 0.0064597 0.0041592 0.0020352 0.0008265 0.0002703 0.0000856 0.0242824
1.2549798 0.0032588 0.0064650 0.0062492 0.0041451 0.0020917 0.0008531 0.0003072 0.0000804 0.0234505
1.2750602 0.0029734 0.0060484 0.0059207 0.0040146 0.0020735 0.0008817 0.0003229 0.0000794 0.0223147
1.2951405 0.0027131 0.0056412 0.0056704 0.0038966 0.0020367 0.0008905 0.0003151 0.0000957 0.0212594
1.3152208 0.0024756 0.0052847 0.0054158 0.0038231 0.0020073 0.0008687 0.0003117 0.0000985 0.0202854
1.3353012 0.0022588 0.0049360 0.0051448 0.0037579 0.0020432 0.0008790 0.0002890 0.0000867 0.0193953
1.3553815 0.0020611 0.0046116 0.0049147 0.0036057 0.0020114 0.0008848 0.0003166 0.0000903 0.0184960
1.3754618 0.0018806 0.0043108 0.0047113 0.0035307 0.0020360 0.0009207 0.0003695 0.0001169 0.0178765
1.3955421 0.0017160 0.0040308 0.0045300 0.0034883 0.0019580 0.0008884 0.0003356 0.0000992 0.0170464
1.4156225 0.0015657 0.0037370 0.0042986 0.0033174 0.0019102 0.0009261 0.0003760 0.0001324 0.0162635
1.4357028 0.0014286 0.0034675 0.0040321 0.0032147 0.0019320 0.0009477 0.0003732 0.0001513 0.0155473
1.4557831 0.0013035 0.0032556 0.0038732 0.0030763 0.0018923 0.0009275 0.0003687 0.0001399 0.0148370
1.4758633 0.0011894 0.0030393 0.0036780 0.0030614 0.0019660 0.0009897 0.0004006 0.0001286 0.0144529
1.4959437 0.0010853 0.0028138 0.0034532 0.0029348 0.0018698 0.0009642 0.0003964 0.0001535 0.0136712
1.5160240 0.0009903 0.0026363 0.0033270 0.0028976 0.0018901 0.0009921 0.0004373 0.0001735 0.0133442
1.5361043 0.0009036 0.0024509 0.0031239 0.0027648 0.0018316 0.0009862 0.0004546 0.0001735 0.0126890
1.5561846 0.0008245 0.0022967 0.0029470 0.0026523 0.0017801 0.0009781 0.0004351 0.0001701 0.0120838
1.5762650 0.0007523 0.0021160 0.0028215 0.0025882 0.0018023 0.0009649 0.0004106 0.0001339 0.0115898
1.5963453 0.0006864 0.0019760 0.0026612 0.0024507 0.0017057 0.0009402 0.0004628 0.0001743 0.0110574
1.6164256 0.0006263 0.0018456 0.0025445 0.0023893 0.0016886 0.0009723 0.0004276 0.0001693 0.0106634
1.6365060 0.0005715 0.0017069 0.0023694 0.0023029 0.0016465 0.0009375 0.0004646 0.0001802 0.0101796
1.6565863 0.0005214 0.0015941 0.0022990 0.0022234 0.0016338 0.0009933 0.0004711 0.0002022 0.0099384
1.6766666 0.0004758 0.0014742 0.0021383 0.0020992 0.0015630 0.0009319 0.0004539 0.0001912 0.0093275
1.6967469 0.0004341 0.0013744 0.0020114 0.0020260 0.0015110 0.0009170 0.0004582 0.0001915 0.0089236
1.7168273 0.0003961 0.0012816 0.0019392 0.0019675 0.0015012 0.0009356 0.0004866 0.0002181 0.0087260
1.7369076 0.0003614 0.0011803 0.0017833 0.0018497 0.0014815 0.0009475 0.0005046 0.0002147 0.0083230
1.7569879 0.0003298 0.0011147 0.0017208 0.0017947 0.0014325 0.0009203 0.0004923 0.0002181 0.0080232
1.7770681 0.0003009 0.0010261 0.0016293 0.0017185 0.0013987 0.0008904 0.0004690 0.0002113 0.0076441
1.7971485 0.0002746 0.0009460 0.0015024 0.0016449 0.0013257 0.0008973 0.0004947 0.0002458 0.0073314
1.8172288 0.0002505 0.0008815 0.0014412 0.0016084 0.0013632 0.0009270 0.0005133 0.0002552 0.0072404
1.8373091 0.0002286 0.0008233 0.0013618 0.0015285 0.0013055 0.0009058 0.0005233 0.0002769 0.0069536
1.8573895 0.0002086 0.0007572 0.0012657 0.0014276 0.0012077 0.0008264 0.0004556 0.0002195 0.0063682
1.8774698 0.0001903 0.0007081 0.0012094 0.0014029 0.0012271 0.0008599 0.0005004 0.0002639 0.0063620
1.8975501 0.0001737 0.0006505 0.0011295 0.0013111 0.0011325 0.0008080 0.0004861 0.0002443 0.0059357
1.9176304 0.0001585 0.0006165 0.0010860 0.0012925 0.0011688 0.0008338 0.0005036 0.0002505 0.0059102
1.9377108 0.0001446 0.0005672 0.0010108 0.0012267 0.0011263 0.0008060 0.0004823 0.0002597 0.0056237
1.9577911 0.0001319 0.0005283 0.0009526 0.0011606 0.0010696 0.0008019 0.0005103 0.0002661 0.0054212
1.9778714 0.0001204 0.0004854 0.0008699 0.0010589 0.0009843 0.0007412 0.0004642 0.0002501 0.0049743
1.9979517 0.0001098 0.0004557 0.0008467 0.0010663 0.0010171 0.0007683 0.0004736 0.0002522 0.0049898
2.0180321 0.0001002 0.0004198 0.0008074 0.0010231 0.0009774 0.0007382 0.0004699 0.0002378 0.0047737
2.0381124 0.0000914 0.0003889 0.0007434 0.0009682 0.0009428 0.0007276 0.0004725 0.0002556 0.0045905
2.0581927 0.0000834 0.0003581 0.0006990 0.0009243 0.0009310 0.0007419 0.0004928 0.0002665 0.0044970
2.0782731 0.0000761 0.0003341 0.0006612 0.0008689 0.0008659 0.0006875 0.0004592 0.0002685 0.0042214
2.0983534 0.0000695 0.0003110 0.0006128 0.0008250 0.0008283 0.0006577 0.0004307 0.0002525 0.0039874
2.1184337 0.0000634 0.0002901 0.0005851 0.0007904 0.0008170 0.0006843 0.0004771 0.0002786 0.0039860
2.1385140 0.0000578 0.0002668 0.0005343 0.0007235 0.0007444 0.0005947 0.0004168 0.0002537 0.0035919
2.1585944 0.0000528 0.0002501 0.0005263 0.0007358 0.0007937 0.0006601 0.0004735 0.0002646 0.0037569
2.1786747 0.0000482 0.0002264 0.0004790 0.0006666 0.0007119 0.0006016 0.0004457 0.0002662 0.0034455
2.1987550 0.0000439 0.0002114 0.0004574 0.0006508 0.0006990 0.0006020 0.0004200 0.0002676 0.0033522
2.2188354 0.0000401 0.0001962 0.0004298 0.0006277 0.0006771 0.0005907 0.0004179 0.0002595 0.0032389
2.2389157 0.0000366 0.0001797 0.0004013 0.0005914 0.0006360 0.0005560 0.0003962 0.0002442 0.0030415
2.2589958 0.0000334 0.0001677 0.0003769 0.0005574 0.0006081 0.0005281 0.0003782 0.0002328 0.0028825
2.2790761 0.0000305 0.0001549 0.0003485 0.0005239 0.0005885 0.0005088 0.0003781 0.0002417 0.0027747
2.2991564 0.0000278 0.0001452 0.0003324 0.0005064 0.0005818 0.0005170 0.0003847 0.0002577 0.0027530
2.3192368 0.0000254 0.0001326 0.0003075 0.0004665 0.0005287 0.0004792 0.0003612 0.0002328 0.0025339
2.3393171 0.0000231 0.0001206 0.0002804 0.0004367 0.0005146 0.0004742 0.0003574 0.0002367 0.0024438
2.3593974 0.0000211 0.0001155 0.0002743 0.0004272 0.0005028 0.0004672 0.0003752 0.0002512 0.0024345
2.3794777 0.0000193 0.0001070 0.0002603 0.0004135 0.0004848 0.0004519 0.0003547 0.0002410 0.0023326
2.3995581 0.0000176 0.0000982 0.0002401 0.0003818 0.0004543 0.0004345 0.0003465 0.0002391 0.0022121
2.4196384 0.0000160 0.0000907 0.0002287 0.0003744 0.0004557 0.0004369 0.0003473 0.0002385 0.0021882
2.4397187 0.0000146 0.0000849 0.0002123 0.0003542 0.0004328 0.0004195 0.0003482 0.0002381 0.0021046
2.4597991 0.0000134 0.0000778 0.0001947 0.0003170 0.0003926 0.0003830 0.0003104 0.0002164 0.0019053
2.4798794 0.0000122 0.0000720 0.0001795 0.0003037 0.0003804 0.0003752 0.0003078 0.0002253 0.0018560
2.4999597 0.0000111 0.0000668 0.0001742 0.0002991 0.0003769 0.0003863 0.0003247 0.0002317 0.0018707
2.5200400 0.0000101 0.0000604 0.0001612 0.0002742 0.0003539 0.0003679 0.0003203 0.0002447 0.0017928
2.5401204 0.0000093 0.0000567 0.0001529 0.0002609 0.0003370 0.0003430 0.0002897 0.0002059 0.0016553
2.5602007 0.0000084 0.0000515 0.0001389 0.0002468 0.0003233 0.0003335 0.0002924 0.0002132 0.0016081
2.5802810 0.0000077 0.0000482 0.0001336 0.0002375 0.0003145 0.0003249 0.0002864 0.0002179 0.0015707
2.6003613 0.0000070 0.0000445 0.0001193 0.0002144 0.0002856 0.0002978 0.0002545 0.0001919 0.0014150
2.6204417 0.0000064 0.0000417 0.0001125 0.0002099 0.0002824 0.0003079 0.0002775 0.0002144 0.0014526
2.6405220 0.0000059 0.0000387 0.0001090 0.0002017 0.0002779 0.0003101 0.0002808 0.0002159 0.0014400
2.6606023 0.0000053 0.0000352 0.0001018 0.0001971 0.0002763 0.0003080 0.0002842 0.0002278 0.0014358
2.6806827 0.0000049 0.0000343 0.0000969 0.0001831 0.0002594 0.0002976 0.0002728 0.0002203 0.0013692
2.7007630 0.0000044 0.0000300 0.0000864 0.0001633 0.0002317 0.0002510 0.0002302 0.0001795 0.0011766
2.7208433 0.0000041 0.0000281 0.0000845 0.0001609 0.0002356 0.0002720 0.0002552 0.0002041 0.0012443
2.7409236 0.0000037 0.0000264 0.0000769 0.0001468 0.0002109 0.0002415 0.0002219 0.0001783 0.0011064
2.7610040 0.0000034 0.0000241 0.0000757 0.0001456 0.0002102 0.0002393 0.0002279 0.0001815 0.0011076
2.7810843 0.0000031 0.0000224 0.0000677 0.0001330 0.0001942 0.0002281 0.0002142 0.0001744 0.0010372
2.8011646 0.0000028 0.0000203 0.0000635 0.0001281 0.0001922 0.0002320 0.0002253 0.0001882 0.0010524
2.8212450 0.0000026 0.0000186 0.0000590 0.0001176 0.0001778 0.0002113 0.0002063 0.0001703 0.0009637
2.8413253 0.0000023 0.0000175 0.0000526 0.0001065 0.0001603 0.0001916 0.0001919 0.0001565 0.0008792
2.8614056 0.0000021 0.0000160 0.0000511 0.0001066 0.0001658 0.0001991 0.0001929 0.0001677 0.0009012
2.8814859 0.0000019 0.0000152 0.0000487 0.0001016 0.0001557 0.0001874 0.0001903 0.0001665 0.0008672
2.9015663 0.0000018 0.0000139 0.0000462 0.0000957 0.0001453 0.0001800 0.0001863 0.0001581 0.0008272
2.9216464 0.0000016 0.0000128 0.0000418 0.0000912 0.0001400 0.0001756 0.0001816 0.0001586 0.0008032
2.9417267 0.0000015 0.0000122 0.0000408 0.0000895 0.0001442 0.0001768 0.0001772 0.0001529 0.0007951
2.9618070 0.0000014 0.0000109 0.0000365 0.0000782 0.0001259 0.0001589 0.0001696 0.0001565 0.0007379
2.9818873 0.0000012 0.0000099 0.0000327 0.0000736 0.0001180 0.0001501 0.0001579 0.0001396 0.0006830
3.0019677 0.0000011 0.0000091 0.0000315 0.0000694 0.0001113 0.0001423 0.0001481 0.0001324 0.0006452
3.0220480 0.0000010 0.0000086 0.0000294 0.0000664 0.0001069 0.0001382 0.0001474 0.0001350 0.0006330
3.0421283 0.0000009 0.0000078 0.0000278 0.0000614 0.0001011 0.0001308 0.0001395 0.0001275 0.0005968
3.0622087 0.0000009 0.0000076 0.0000251 0.0000570 0.0000985 0.0001274 0.0001370 0.0001290 0.0005824
3.0822890 0.0000008 0.0000069 0.0000250 0.0000573 0.0000955 0.0001276 0.0001351 0.0001279 0.0005761
3.1023693 0.0000007 0.0000063 0.0000224 0.0000513 0.0000874 0.0001152 0.0001305 0.0001220 0.0005359
3.1224496 0.0000006 0.0000060 0.0000222 0.0000507 0.0000865 0.0001176 0.0001324 0.0001245 0.0005406
3.1425300 0.0000006 0.0000055 0.0000204 0.0000476 0.0000813 0.0001098 0.0001232 0.0001175 0.0005059
3.1626103 0.0000005 0.0000050 0.0000187 0.0000443 0.0000773 0.0001063 0.0001174 0.0001133 0.0004827
3.1826906 0.0000005 0.0000045 0.0000169 0.0000420 0.0000752 0.0001060 0.0001256 0.0001199 0.0004905
3.2027709 0.0000004 0.0000042 0.0000162 0.0000392 0.0000688 0.0000960 0.0001085 0.0001089 0.0004423
3.2228513 0.0000004 0.0000037 0.0000146 0.0000354 0.0000632 0.0000891 0.0001070 0.0001090 0.0004224
3.2429316 0.0000004 0.0000037 0.0000145 0.0000352 0.0000631 0.0000890 0.0001084 0.0001099 0.0004241
3.2630119 0.0000003 0.0000033 0.0000132 0.0000331 0.0000613 0.0000883 0.0001029 0.0001034 0.0004058
3.2830923 0.0000003 0.0000032 0.0000128 0.0000325 0.0000595 0.0000864 0.0001025 0.0001009 0.0003982
3.3031726 0.0000003 0.0000028 0.0000117 0.0000287 0.0000524 0.0000764 0.0000912 0.0000916 0.0003551
3.3232529 0.0000003 0.0000028 0.0000108 0.0000278 0.0000526 0.0000788 0.0000964 0.0001004 0.0003699
3.3433332 0.0000002 0.0000024 0.0000099 0.0000257 0.0000490 0.0000707 0.0000853 0.0000873 0.0003304
3.3634136 0.0000002 0.0000023 0.0000093 0.0000233 0.0000440 0.0000653 0.0000776 0.0000796 0.0003016
3.3834939 0.0000002 0.0000021 0.0000085 0.0000224 0.0000418 0.0000619 0.0000729 0.0000757 0.0002855
3.4035742 0.0000002 0.0000019 0.0000078 0.0000197 0.0000367 0.0000542 0.0000665 0.0000706 0.0002577
3.4236546 0.0000002 0.0000017 0.0000070 0.0000190 0.0000371 0.0000560 0.0000683 0.0000724 0.0002616
3.4437349 0.0000001 0.0000017 0.0000066 0.0000175 0.0000338 0.0000547 0.0000702 0.0000762 0.0002608
3.4638152 0.0000001 0.0000014 0.0000061 0.0000167 0.0000328 0.0000502 0.0000630 0.0000663 0.0002366
3.4838955 0.0000001 0.0000014 0.0000062 0.0000161 0.0000319 0.0000490 0.0000626 0.0000678 0.0002350
3.5039759 0.0000001 0.0000012 0.0000055 0.0000146 0.0000287 0.0000441 0.0000545 0.0000593 0.0002081
3.5240562 0.0000001 0.0000011 0.0000052 0.0000142 0.0000285 0.0000441 0.0000576 0.0000612 0.0002119
3.5441363 0.0000001 0.0000011 0.0000049 0.0000135 0.0000274 0.0000433 0.0000579 0.0000646 0.0002128
3.5642166 0.0000001 0.0000011 0.0000051 0.0000143 0.0000286 0.0000455 0.0000589 0.0000648 0.0002184
3.5842969 0.0000001 0.0000010 0.0000044 0.0000116 0.0000236 0.0000377 0.0000495 0.0000554 0.0001831
3.6043773 0.0000001 0.0000009 0.0000038 0.0000106 0.0000219 0.0000356 0.0000475 0.0000530 0.0001734
3.6244576 0.0000001 0.0000008 0.0000036 0.0000104 0.0000211 0.0000337 0.0000439 0.0000474 0.0001609
3.6445379 0.0000001 0.0000007 0.0000033 0.0000099 0.0000207 0.0000338 0.0000444 0.0000499 0.0001628
3.6646183 0.0000001 0.0000006 0.0000031 0.0000089 0.0000182 0.0000299 0.0000404 0.0000464 0.0001476
3.6846986 0.0000000 0.0000007 0.0000033 0.0000102 0.0000212 0.0000355 0.0000495 0.0000571 0.0001776
3.7047789 0.0000000 0.0000006 0.0000028 0.0000080 0.0000166 0.0000278 0.0000387 0.0000455 0.0001400
3.7248592 0.0000000 0.0000005 0.0000024 0.0000071 0.0000151 0.0000256 0.0000353 0.0000420 0.0001280
3.7449396 0.0000000 0.0000005 0.0000024 0.0000072 0.0000164 0.0000279 0.0000385 0.0000440 0.0001369
3.7650199 0.0000000 0.0000004 0.0000020 0.0000058 0.0000124 0.0000207 0.0000282 0.0000334 0.0001029
3.7851002 0.0000000 0.0000004 0.0000021 0.0000065 0.0000145 0.0000246 0.0000337 0.0000393 0.0001211
3.8051805 0.0000000 0.0000004 0.0000019 0.0000058 0.0000128 0.0000228 0.0000324 0.0000389 0.0001150
3.8252609 0.0000000 0.0000004 0.0000018 0.0000056 0.0000131 0.0000233 0.0000328 0.0000394 0.0001165
3.8453412 0.0000000 0.0000003 0.0000016 0.0000051 0.0000115 0.0000213 0.0000310 0.0000388 0.0001097
3.8654215 0.0000000 0.0000003 0.0000013 0.0000041 0.0000090 0.0000159 0.0000233 0.0000287 0.0000826
3.8855019 0.0000000 0.0000003 0.0000017 0.0000055 0.0000127 0.0000230 0.0000343 0.0000438 0.0001213
3.9055822 0.0000000 0.0000003 0.0000015 0.0000047 0.0000107 0.0000193 0.0000284 0.0000355 0.0001003
3.9256625 0.0000000 0.0000002 0.0000012 0.0000039 0.0000092 0.0000169 0.0000250 0.0000311 0.0000875
3.9457428 0.0000000 0.0000002 0.0000014 0.0000041 0.0000095 0.0000164 0.0000231 0.0000275 0.0000823
3.9658232 0.0000000 0.0000002 0.0000011 0.0000034 0.0000077 0.0000139 0.0000207 0.0000267 0.0000736
3.9859035 0.0000000 0.0000002 0.0000009 0.0000030 0.0000072 0.0000134 0.0000206 0.0000269 0.0000723
4.0059838 0.0000000 0.0000002 0.0000010 0.0000032 0.0000075 0.0000141 0.0000215 0.0000271 0.0000745
4.0260644 0.0000000 0.0000002 0.0000008 0.0000026 0.0000063 0.0000115 0.0000171 0.0000221 0.0000605
4.0461445 0.0000000 0.0000002 0.0000010 0.0000035 0.0000087 0.0000162 0.0000251 0.0000326 0.0000872
4.0662251 0.0000000 0.0000002 0.0000008 0.0000028 0.0000070 0.0000135 0.0000206 0.0000270 0.0000719
4.0863051 0.0000000 0.0000001 0.0000007 0.0000022 0.0000053 0.0000099 0.0000159 0.0000211 0.0000554
4.1063857 0.0000000 0.0000001 0.0000007 0.0000024 0.0000057 0.0000104 0.0000162 0.0000211 0.0000567
4.1264658 0.0000000 0.0000001 0.0000007 0.0000024 0.0000060 0.0000116 0.0000177 0.0000231 0.0000616
4.1465464 0.0000000 0.0000001 0.0000006 0.0000019 0.0000048 0.0000090 0.0000140 0.0000185 0.0000488
4.1666265 0.0000000 0.0000001 0.0000005 0.0000018 0.0000045 0.0000085 0.0000134 0.0000180 0.0000468
4.1867070 0.0000000 0.0000001 0.0000005 0.0000017 0.0000040 0.0000077 0.0000119 0.0000157 0.0000416
4.2067871 0.0000000 0.0000001 0.0000005 0.0000017 0.0000043 0.0000083 0.0000131 0.0000179 0.0000459
4.2268677 0.0000000 0.0000001 0.0000005 0.0000016 0.0000042 0.0000084 0.0000137 0.0000188 0.0000474
4.2469478 0.0000000 0.0000001 0.0000004 0.0000016 0.0000041 0.0000080 0.0000131 0.0000182 0.0000455
4.2670283 0.0000000 0.0000001 0.0000004 0.0000014 0.0000038 0.0000076 0.0000126 0.0000174 0.0000433
4.2871084 0.0000000 0.0000001 0.0000003 0.0000013 0.0000034 0.0000069 0.0000116 0.0000164 0.0000401
4.3071890 0.0000000 0.0000001 0.0000003 0.0000012 0.0000032 0.0000064 0.0000105 0.0000144 0.0000361
4.3272691 0.0000000 0.0000000 0.0000003 0.0000011 0.0000028 0.0000055 0.0000091 0.0000125 0.0000314
4.3473496 0.0000000 0.0000000 0.0000003 0.0000010 0.0000027 0.0000054 0.0000089 0.0000127 0.0000311
4.3674297 0.0000000 0.0000000 0.0000002 0.0000009 0.0000023 0.0000047 0.0000078 0.0000111 0.0000271
4.3875103 0.0000000 0.0000000 0.0000003 0.0000010 0.0000025 0.0000051 0.0000088 0.0000125 0.0000301
4.4075904 0.0000000 0.0000000 0.0000002 0.0000008 0.0000021 0.0000044 0.0000073 0.0000100 0.0000249
4.4276710 0.0000000 0.0000000 0.0000002 0.0000007 0.0000021 0.0000042 0.0000073 0.0000106 0.0000251
4.4477510 0.0000000 0.0000000 0.0000002 0.0000007 0.0000020 0.0000040 0.0000069 0.0000100 0.0000238
4.4678316 0.0000000 0.0000000 0.0000002 0.0000007 0.0000019 0.0000040 0.0000067 0.0000096 0.0000231
4.4879117 0.0000000 0.0000000 0.0000001 0.0000005 0.0000015 0.0000031 0.0000052 0.0000073 0.0000177
4.5079918 0.0000000 0.0000000 0.0000002 0.0000006 0.0000015 0.0000033 0.0000060 0.0000087 0.0000202
4.5280724 0.0000000 0.0000000 0.0000002 0.0000006 0.0000016 0.0000033 0.0000058 0.0000084 0.0000198
4.5481524 0.0000000 0.0000000 0.0000001 0.0000004 0.0000012 0.0000025 0.0000044 0.0000065 0.0000151
4.5682330 0.0000000 0.0000000 0.0000002 0.0000006 0.0000017 0.0000036 0.0000063 0.0000093 0.0000217
4.5883131 0.0000000 0.0000000 0.0000001 0.0000005 0.0000015 0.0000032 0.0000059 0.0000089 0.0000201
4.6083937 0.0000000 0.0000000 0.0000001 0.0000004 0.0000011 0.0000025 0.0000044 0.0000065 0.0000150
4.6284738 0.0000000 0.0000000 0.0000001 0.0000005 0.0000012 0.0000027 0.0000050 0.0000078 0.0000174
4.6485543 0.0000000 0.0000000 0.0000001 0.0000005 0.0000014 0.0000032 0.0000059 0.0000091 0.0000202
4.6686344 0.0000000 0.0000000 0.0000001 0.0000004 0.0000012 0.0000025 0.0000045 0.0000068 0.0000155
4.6887150 0.0000000 0.0000000 0.0000001 0.0000003 0.0000009 0.0000020 0.0000037 0.0000057 0.0000128
4.7087951 0.0000000 0.0000000 0.0000001 0.0000003 0.0000009 0.0000021 0.0000038 0.0000058 0.0000130
4.7288756 0.0000000 0.0000000 0.0000001 0.0000003 0.0000008 0.0000019 0.0000034 0.0000052 0.0000117
4.7489557 0.0000000 0.0000000 0.0000001 0.0000003 0.0000007 0.0000016 0.0000030 0.0000046 0.0000102
4.7690363 0.0000000 0.0000000 0.0000001 0.0000003 0.0000007 0.0000016 0.0000030 0.0000047 0.0000104
4.7891164 0.0000000 0.0000000 0.0000001 0.0000002 0.0000006 0.0000014 0.0000027 0.0000041 0.0000091
4.8091969 0.0000000 0.0000000 0.0000001 0.0000003 0.0000010 0.0000022 0.0000043 0.0000068 0.0000146
4.8292770 0.0000000 0.0000000 0.0000001 0.0000002 0.0000007 0.0000016 0.0000031 0.0000050 0.0000108
4.8493576 0.0000000 0.0000000 0.0000001 0.0000002 0.0000006 0.0000014 0.0000025 0.0000040 0.0000088
4.8694377 0.0000000 0.0000000 0.0000000 0.0000002 0.0000006 0.0000014 0.0000026 0.0000041 0.0000088
4.8895183 0.0000000 0.0000000 0.0000001 0.0000002 0.0000007 0.0000015 0.0000029 0.0000047 0.0000101
4.9095984 0.0000000 0.0000000 0.0000001 0.0000003 0.0000008 0.0000019 0.0000036 0.0000058 0.0000124
4.9296789 0.0000000 0.0000000 0.0000000 0.0000002 0.0000006 0.0000015 0.0000028 0.0000046 0.0000098
4.9497590 0.0000000 0.0000000 0.0000000 0.0000001 0.0000003 0.0000008 0.0000017 0.0000028 0.0000057
4.9698396 0.0000000 0.0000000 0.0000000 0.0000002 0.0000005 0.0000011 0.0000020 0.0000032 0.0000070
4.9899197 0.0000000 0.0000000 0.0000000 0.0000002 0.0000005 0.0000011 0.0000021 0.0000033 0.0000072
5.0100002 0.0000000 0.0000000 0.0000000 0.0000001 0.0000004 0.0000009 0.0000018 0.0000030 0.0000063
