-------- p=2.391 a=1.000 mu=-2.200 N=20000000 time=2017-02-23 08:00:39 --------
0.0100000 0.9506668 0.0007144 0.0000001 0.0000000 0.0000000 0.0000000 0.0000000 0.0000000 0.9513813
0.0300803 0.8588325 0.0033258 0.0000020 0.0000000 0.0000000 0.0000000 0.0000000 0.0000000 0.8621603
0.0501606 0.7758694 0.0065508 0.0000142 0.0000000 0.0000000 0.0000000 0.0000000 0.0000000 0.7824343
0.0702410 0.7009205 0.0098756 0.0000568 0.0000000 0.0000000 0.0000000 0.0000000 0.0000000 0.7108529
0.0903213 0.6332117 0.0128676 0.0001508 0.0000034 0.0000000 0.0000000 0.0000000 0.0000000 0.6462335
0.1104016 0.5720435 0.0156290 0.0002720 0.0000029 0.0000000 0.0000000 0.0000000 0.0000000 0.5879473
0.1304819 0.5167841 0.0182011 0.0003023 0.0000001 0.0000000 0.0000000 0.0000000 0.0000000 0.5352876
0.1505622 0.4668629 0.0205308 0.0003979 0.0000193 0.0000000 0.0000000 0.0000000 0.0000000 0.4878108
0.1706426 0.4217640 0.0223566 0.0006647 0.0000045 0.0000000 0.0000000 0.0000000 0.0000000 0.4447898
0.1907229 0.3810216 0.0238084 0.0006792 0.0000258 0.0000000 0.0000000 0.0000000 0.0000000 0.4055350
0.2108032 0.3442150 0.0250792 0.0009206 0.0000183 0.0000000 0.0000000 0.0000000 0.0000000 0.3702330
0.2308835 0.3109639 0.0260831 0.0011831 0.0000483 0.0000000 0.0000000 0.0000000 0.0000000 0.3382783
0.2509638 0.2809248 0.0264819 0.0013714 0.0000399 0.0000000 0.0000000 0.0000000 0.0000000 0.3088180
0.2710442 0.2537875 0.0269326 0.0013806 0.0000322 0.0000001 0.0000000 0.0000000 0.0000000 0.2821329
0.2911245 0.2292717 0.0271674 0.0017147 0.0000550 0.0000001 0.0000000 0.0000000 0.0000000 0.2582088
0.3112048 0.2071240 0.0270029 0.0017652 0.0000597 0.0000000 0.0000000 0.0000000 0.0000000 0.2359519
0.3312851 0.1871159 0.0267843 0.0020904 0.0000994 0.0000016 0.0000000 0.0000000 0.0000000 0.2160917
0.3513654 0.1690405 0.0263741 0.0021969 0.0001032 0.0000079 0.0000000 0.0000000 0.0000000 0.1977225
0.3714458 0.1527112 0.0258788 0.0021634 0.0001296 0.0000015 0.0000000 0.0000000 0.0000000 0.1808846
0.3915261 0.1379593 0.0253098 0.0023469 0.0001252 0.0000042 0.0000000 0.0000000 0.0000000 0.1657454
0.4116064 0.1246325 0.0246016 0.0024288 0.0001680 0.0000036 0.0000000 0.0000000 0.0000000 0.1518344
0.4316867 0.1125930 0.0237824 0.0024035 0.0001950 0.0000045 0.0000000 0.0000000 0.0000000 0.1389784
0.4517670 0.1017165 0.0230465 0.0026287 0.0002280 0.0000104 0.0000002 0.0000000 0.0000000 0.1276304
0.4718474 0.0918907 0.0221433 0.0027493 0.0001925 0.0000101 0.0000000 0.0000000 0.0000000 0.1169859
0.4919277 0.0830141 0.0211986 0.0027232 0.0002505 0.0000284 0.0000045 0.0000002 0.0000000 0.1072195
0.5120080 0.0749949 0.0202677 0.0027824 0.0002802 0.0000102 0.0000000 0.0000000 0.0000000 0.0983354
0.5320883 0.0677504 0.0194756 0.0028740 0.0002860 0.0000266 0.0000001 0.0000000 0.0000000 0.0904127
0.5521687 0.0612057 0.0184718 0.0029378 0.0002911 0.0000167 0.0000003 0.0000000 0.0000000 0.0829235
0.5722489 0.0552933 0.0176296 0.0029080 0.0003422 0.0000304 0.0000001 0.0000000 0.0000000 0.0762036
0.5923293 0.0499520 0.0166998 0.0029447 0.0003295 0.0000339 0.0000051 0.0000000 0.0000000 0.0699649
0.6124096 0.0451266 0.0158338 0.0028605 0.0003635 0.0000354 0.0000006 0.0000000 0.0000000 0.0642205
0.6324899 0.0407674 0.0150247 0.0028385 0.0003917 0.0000333 0.0000056 0.0000001 0.0000000 0.0590613
0.6525702 0.0368293 0.0141372 0.0027281 0.0003714 0.0000434 0.0000014 0.0000000 0.0000000 0.0541107
0.6726506 0.0332716 0.0133573 0.0027576 0.0003933 0.0000438 0.0000044 0.0000000 0.0000000 0.0498279
0.6927309 0.0300575 0.0126249 0.0027490 0.0003784 0.0000447 0.0000014 0.0000000 0.0000000 0.0458559
0.7128112 0.0271540 0.0119155 0.0026085 0.0004033 0.0000506 0.0000046 0.0000000 0.0000000 0.0421366
0.7328916 0.0245309 0.0111872 0.0026767 0.0003992 0.0000505 0.0000057 0.0000028 0.0000000 0.0388531
0.7529718 0.0221612 0.0105270 0.0025483 0.0004444 0.0000668 0.0000087 0.0000000 0.0000000 0.0357565
0.7730522 0.0200205 0.0098499 0.0024778 0.0004352 0.0000526 0.0000051 0.0000001 0.0000000 0.0328411
0.7931325 0.0180865 0.0092250 0.0023978 0.0004192 0.0000673 0.0000067 0.0000002 0.0000000 0.0302025
0.8132128 0.0163393 0.0086662 0.0023674 0.0004478 0.0000573 0.0000043 0.0000001 0.0000000 0.0278825
0.8332931 0.0147609 0.0081476 0.0023064 0.0004459 0.0000613 0.0000108 0.0000003 0.0000000 0.0257333
0.8533735 0.0133350 0.0075727 0.0022116 0.0004608 0.0000732 0.0000049 0.0000001 0.0000000 0.0236583
0.8734538 0.0120469 0.0071108 0.0021313 0.0004275 0.0000637 0.0000105 0.0000021 0.0000000 0.0217929
0.8935341 0.0108832 0.0066239 0.0020653 0.0004771 0.0000708 0.0000105 0.0000049 0.0000017 0.0201374
0.9136144 0.0098318 0.0061925 0.0019872 0.0004374 0.0000741 0.0000092 0.0000005 0.0000000 0.0185327
0.9336947 0.0088821 0.0057720 0.0018957 0.0004253 0.0000743 0.0000094 0.0000002 0.0000000 0.0170590
0.9537750 0.0080241 0.0053681 0.0018339 0.0004145 0.0000633 0.0000062 0.0000001 0.0000000 0.0157103
0.9738554 0.0072490 0.0050328 0.0017704 0.0004388 0.0000799 0.0000110 0.0000015 0.0000001 0.0145835
0.9939357 0.0065487 0.0046785 0.0016886 0.0004299 0.0000783 0.0000101 0.0000012 0.0000000 0.0134353
1.0140160 0.0059161 0.0043525 0.0016083 0.0004213 0.0000794 0.0000093 0.0000008 0.0000009 0.0123885
1.0340964 0.0053446 0.0040493 0.0015634 0.0004142 0.0000834 0.0000153 0.0000021 0.0000001 0.0114723
1.0541767 0.0048283 0.0037669 0.0014645 0.0004051 0.0000882 0.0000150 0.0000024 0.0000001 0.0105704
1.0742570 0.0043619 0.0034934 0.0013808 0.0003885 0.0000809 0.0000138 0.0000018 0.0000002 0.0097213
1.0943373 0.0039405 0.0032576 0.0013377 0.0003910 0.0000802 0.0000149 0.0000022 0.0000000 0.0090242
1.1144177 0.0035599 0.0030236 0.0012800 0.0003840 0.0000930 0.0000153 0.0000031 0.0000002 0.0083590
1.1344979 0.0032160 0.0028124 0.0012382 0.0003879 0.0000849 0.0000151 0.0000011 0.0000000 0.0077557
1.1545782 0.0029053 0.0026043 0.0011940 0.0003632 0.0000829 0.0000146 0.0000010 0.0000000 0.0071653
1.1746585 0.0026247 0.0024173 0.0011011 0.0003489 0.0000815 0.0000161 0.0000025 0.0000004 0.0065924
1.1947389 0.0023711 0.0022533 0.0010533 0.0003381 0.0000860 0.0000150 0.0000022 0.0000009 0.0061199
1.2148192 0.0021421 0.0020719 0.0010071 0.0003404 0.0000863 0.0000154 0.0000017 0.0000000 0.0056650
1.2348995 0.0019352 0.0019210 0.0009421 0.0003242 0.0000801 0.0000174 0.0000016 0.0000001 0.0052216
1.2549798 0.0017482 0.0017814 0.0009012 0.0003077 0.0000773 0.0000155 0.0000026 0.0000002 0.0048341
1.2750602 0.0015793 0.0016525 0.0008519 0.0003022 0.0000812 0.0000193 0.0000051 0.0000006 0.0044920
1.2951405 0.0014268 0.0015325 0.0007961 0.0002894 0.0000768 0.0000170 0.0000018 0.0000002 0.0041405
1.3152208 0.0012890 0.0014129 0.0007593 0.0002778 0.0000775 0.0000170 0.0000025 0.0000004 0.0038363
1.3353012 0.0011644 0.0013062 0.0007186 0.0002790 0.0000767 0.0000202 0.0000029 0.0000002 0.0035684
1.3553815 0.0010520 0.0012115 0.0006752 0.0002690 0.0000824 0.0000202 0.0000039 0.0000011 0.0033153
1.3754618 0.0009503 0.0011244 0.0006449 0.0002487 0.0000725 0.0000167 0.0000037 0.0000001 0.0030613
1.3955421 0.0008585 0.0010360 0.0006107 0.0002506 0.0000774 0.0000197 0.0000043 0.0000002 0.0028573
1.4156225 0.0007756 0.0009633 0.0005770 0.0002402 0.0000724 0.0000197 0.0000031 0.0000003 0.0026518
1.4357028 0.0007007 0.0008885 0.0005406 0.0002312 0.0000729 0.0000184 0.0000033 0.0000004 0.0024559
1.4557831 0.0006330 0.0008205 0.0005089 0.0002180 0.0000740 0.0000189 0.0000038 0.0000004 0.0022775
1.4758633 0.0005718 0.0007563 0.0004911 0.0002191 0.0000744 0.0000209 0.0000045 0.0000008 0.0021390
1.4959437 0.0005166 0.0007013 0.0004535 0.0002048 0.0000671 0.0000182 0.0000043 0.0000007 0.0019665
1.5160240 0.0004667 0.0006476 0.0004226 0.0001923 0.0000640 0.0000183 0.0000047 0.0000011 0.0018172
1.5361043 0.0004216 0.0005984 0.0004057 0.0001844 0.0000637 0.0000174 0.0000038 0.0000003 0.0016954
1.5561846 0.0003809 0.0005508 0.0003789 0.0001735 0.0000606 0.0000174 0.0000039 0.0000006 0.0015666
1.5762650 0.0003441 0.0005094 0.0003609 0.0001713 0.0000615 0.0000193 0.0000054 0.0000012 0.0014730
1.5963453 0.0003109 0.0004679 0.0003298 0.0001642 0.0000611 0.0000179 0.0000040 0.0000011 0.0013569
1.6164256 0.0002808 0.0004322 0.0003113 0.0001546 0.0000581 0.0000178 0.0000049 0.0000009 0.0012607
1.6365060 0.0002537 0.0003985 0.0002964 0.0001498 0.0000566 0.0000165 0.0000039 0.0000005 0.0011760
1.6565863 0.0002292 0.0003695 0.0002797 0.0001442 0.0000539 0.0000170 0.0000047 0.0000011 0.0010992
1.6766666 0.0002071 0.0003403 0.0002614 0.0001380 0.0000547 0.0000172 0.0000045 0.0000008 0.0010239
1.6967469 0.0001871 0.0003125 0.0002433 0.0001316 0.0000509 0.0000167 0.0000052 0.0000010 0.0009482
1.7168273 0.0001690 0.0002878 0.0002281 0.0001239 0.0000484 0.0000159 0.0000042 0.0000009 0.0008782
1.7369076 0.0001527 0.0002657 0.0002164 0.0001188 0.0000492 0.0000159 0.0000043 0.0000012 0.0008241
1.7569879 0.0001379 0.0002454 0.0002027 0.0001139 0.0000482 0.0000168 0.0000045 0.0000006 0.0007700
1.7770681 0.0001246 0.0002254 0.0001876 0.0001066 0.0000444 0.0000157 0.0000040 0.0000011 0.0007095
1.7971485 0.0001126 0.0002087 0.0001778 0.0001050 0.0000449 0.0000162 0.0000040 0.0000010 0.0006702
1.8172288 0.0001017 0.0001918 0.0001664 0.0000981 0.0000438 0.0000163 0.0000045 0.0000010 0.0006236
1.8373091 0.0000919 0.0001761 0.0001549 0.0000915 0.0000394 0.0000133 0.0000033 0.0000006 0.0005710
1.8573895 0.0000830 0.0001620 0.0001461 0.0000910 0.0000402 0.0000142 0.0000043 0.0000011 0.0005419
1.8774698 0.0000750 0.0001488 0.0001364 0.0000837 0.0000388 0.0000146 0.0000045 0.0000009 0.0005027
1.8975501 0.0000677 0.0001377 0.0001261 0.0000813 0.0000385 0.0000138 0.0000045 0.0000014 0.0004711
1.9176304 0.0000612 0.0001271 0.0001192 0.0000760 0.0000355 0.0000140 0.0000044 0.0000013 0.0004386
1.9377108 0.0000553 0.0001161 0.0001093 0.0000682 0.0000321 0.0000126 0.0000043 0.0000015 0.0003995
1.9577911 0.0000499 0.0001074 0.0001051 0.0000693 0.0000337 0.0000130 0.0000042 0.0000010 0.0003837
1.9778714 0.0000451 0.0000986 0.0000972 0.0000640 0.0000317 0.0000128 0.0000049 0.0000013 0.0003555
1.9979517 0.0000408 0.0000913 0.0000901 0.0000599 0.0000294 0.0000119 0.0000039 0.0000014 0.0003285
2.0180321 0.0000368 0.0000836 0.0000856 0.0000578 0.0000289 0.0000116 0.0000042 0.0000015 0.0003099
2.0381124 0.0000333 0.0000774 0.0000794 0.0000549 0.0000278 0.0000119 0.0000042 0.0000011 0.0002899
2.0581927 0.0000300 0.0000708 0.0000748 0.0000520 0.0000275 0.0000115 0.0000039 0.0000010 0.0002716
2.0782731 0.0000271 0.0000651 0.0000697 0.0000494 0.0000259 0.0000110 0.0000039 0.0000012 0.0002533
2.0983534 0.0000245 0.0000598 0.0000641 0.0000455 0.0000244 0.0000103 0.0000034 0.0000014 0.0002334
2.1184337 0.0000222 0.0000553 0.0000605 0.0000436 0.0000238 0.0000099 0.0000035 0.0000011 0.0002198
2.1385140 0.0000200 0.0000510 0.0000571 0.0000429 0.0000237 0.0000106 0.0000035 0.0000009 0.0002097
2.1585944 0.0000181 0.0000471 0.0000526 0.0000395 0.0000218 0.0000097 0.0000036 0.0000012 0.0001936
2.1786747 0.0000163 0.0000428 0.0000485 0.0000366 0.0000201 0.0000094 0.0000033 0.0000008 0.0001778
2.1987550 0.0000148 0.0000396 0.0000462 0.0000352 0.0000200 0.0000090 0.0000034 0.0000010 0.0001692
2.2188354 0.0000133 0.0000360 0.0000427 0.0000328 0.0000190 0.0000084 0.0000030 0.0000010 0.0001564
2.2389157 0.0000120 0.0000333 0.0000401 0.0000316 0.0000185 0.0000086 0.0000032 0.0000010 0.0001484
2.2589958 0.0000109 0.0000307 0.0000375 0.0000298 0.0000172 0.0000082 0.0000032 0.0000010 0.0001385
2.2790761 0.0000098 0.0000282 0.0000346 0.0000277 0.0000163 0.0000078 0.0000032 0.0000012 0.0001288
2.2991564 0.0000089 0.0000260 0.0000319 0.0000263 0.0000156 0.0000073 0.0000028 0.0000010 0.0001197
2.3192368 0.0000080 0.0000238 0.0000299 0.0000249 0.0000151 0.0000069 0.0000028 0.0000009 0.0001125
2.3393171 0.0000072 0.0000221 0.0000278 0.0000235 0.0000145 0.0000071 0.0000029 0.0000010 0.0001062
2.3593974 0.0000065 0.0000200 0.0000260 0.0000219 0.0000137 0.0000064 0.0000024 0.0000008 0.0000977
2.3794777 0.0000059 0.0000186 0.0000243 0.0000208 0.0000129 0.0000067 0.0000027 0.0000009 0.0000927
2.3995581 0.0000053 0.0000172 0.0000229 0.0000203 0.0000131 0.0000065 0.0000029 0.0000010 0.0000892
2.4196384 0.0000048 0.0000156 0.0000211 0.0000184 0.0000116 0.0000058 0.0000024 0.0000009 0.0000806
2.4397187 0.0000044 0.0000144 0.0000196 0.0000171 0.0000111 0.0000056 0.0000023 0.0000008 0.0000753
2.4597991 0.0000039 0.0000133 0.0000184 0.0000166 0.0000108 0.0000055 0.0000023 0.0000008 0.0000717
2.4798794 0.0000036 0.0000120 0.0000169 0.0000154 0.0000104 0.0000054 0.0000023 0.0000008 0.0000669
2.4999597 0.0000032 0.0000112 0.0000158 0.0000146 0.0000098 0.0000054 0.0000023 0.0000009 0.0000632
2.5200400 0.0000029 0.0000102 0.0000148 0.0000136 0.0000095 0.0000053 0.0000023 0.0000009 0.0000595
2.5401204 0.0000026 0.0000094 0.0000139 0.0000132 0.0000089 0.0000048 0.0000021 0.0000008 0.0000558
2.5602007 0.0000024 0.0000088 0.0000130 0.0000124 0.0000085 0.0000048 0.0000021 0.0000007 0.0000526
2.5802810 0.0000021 0.0000080 0.0000121 0.0000117 0.0000084 0.0000045 0.0000021 0.0000008 0.0000499
2.6003613 0.0000019 0.0000073 0.0000111 0.0000108 0.0000077 0.0000044 0.0000020 0.0000008 0.0000462
2.6204417 0.0000017 0.0000067 0.0000103 0.0000102 0.0000072 0.0000041 0.0000019 0.0000007 0.0000429
2.6405220 0.0000016 0.0000062 0.0000097 0.0000098 0.0000073 0.0000042 0.0000020 0.0000008 0.0000417
2.6606023 0.0000014 0.0000057 0.0000091 0.0000091 0.0000068 0.0000039 0.0000018 0.0000007 0.0000383
2.6806827 0.0000013 0.0000052 0.0000083 0.0000085 0.0000061 0.0000035 0.0000017 0.0000007 0.0000352
2.7007630 0.0000012 0.0000048 0.0000078 0.0000079 0.0000058 0.0000035 0.0000016 0.0000006 0.0000332
2.7208433 0.0000011 0.0000045 0.0000072 0.0000075 0.0000056 0.0000033 0.0000015 0.0000006 0.0000311
2.7409236 0.0000010 0.0000041 0.0000067 0.0000070 0.0000051 0.0000030 0.0000014 0.0000006 0.0000289
2.7610040 0.0000009 0.0000037 0.0000062 0.0000066 0.0000051 0.0000030 0.0000015 0.0000006 0.0000276
2.7810843 0.0000008 0.0000034 0.0000058 0.0000063 0.0000049 0.0000029 0.0000014 0.0000006 0.0000261
2.8011646 0.0000007 0.0000032 0.0000056 0.0000060 0.0000048 0.0000029 0.0000015 0.0000007 0.0000254
2.8212450 0.0000006 0.0000029 0.0000050 0.0000055 0.0000044 0.0000027 0.0000014 0.0000006 0.0000231
2.8413253 0.0000006 0.0000026 0.0000046 0.0000050 0.0000039 0.0000024 0.0000012 0.0000005 0.0000208
2.8614056 0.0000005 0.0000025 0.0000043 0.0000049 0.0000039 0.0000024 0.0000012 0.0000005 0.0000201
2.8814859 0.0000005 0.0000023 0.0000041 0.0000046 0.0000037 0.0000024 0.0000012 0.0000005 0.0000192
2.9015663 0.0000004 0.0000021 0.0000038 0.0000042 0.0000036 0.0000023 0.0000012 0.0000005 0.0000182
2.9216464 0.0000004 0.0000019 0.0000034 0.0000039 0.0000033 0.0000022 0.0000011 0.0000005 0.0000167
2.9417267 0.0000003 0.0000018 0.0000033 0.0000038 0.0000032 0.0000022 0.0000012 0.0000005 0.0000163
2.9618070 0.0000003 0.0000016 0.0000031 0.0000036 0.0000031 0.0000021 0.0000011 0.0000006 0.0000154
2.9818873 0.0000003 0.0000015 0.0000029 0.0000034 0.0000028 0.0000019 0.0000010 0.0000005 0.0000142
3.0019677 0.0000003 0.0000014 0.0000027 0.0000032 0.0000027 0.0000018 0.0000010 0.0000005 0.0000135
3.0220480 0.0000002 0.0000013 0.0000025 0.0000030 0.0000026 0.0000018 0.0000010 0.0000005 0.0000128
