-------- p=2.826 a=1.000 mu=-2.200 N=20000000 time=2017-02-23 08:00:39 --------
0.0100000 0.9399451 0.0006858 0.0000000 0.0000000 0.0000000 0.0000000 0.0000000 0.0000000 0.9406308
0.0300803 0.8300254 0.0032283 0.0000000 0.0000000 0.0000000 0.0000000 0.0000000 0.0000000 0.8332537
0.0501606 0.7329600 0.0061729 0.0000300 0.0000000 0.0000000 0.0000000 0.0000000 0.0000000 0.7391630
0.0702410 0.6472458 0.0090945 0.0000954 0.0000000 0.0000000 0.0000000 0.0000000 0.0000000 0.6564356
0.0903213 0.5715551 0.0117384 0.0001298 0.0000000 0.0000000 0.0000000 0.0000000 0.0000000 0.5834234
0.1104016 0.5047160 0.0140409 0.0002285 0.0000122 0.0000000 0.0000000 0.0000000 0.0000000 0.5189976
0.1304819 0.4456931 0.0158843 0.0003477 0.0000002 0.0000000 0.0000000 0.0000000 0.0000000 0.4619253
0.1505622 0.3935726 0.0176121 0.0003841 0.0000013 0.0000000 0.0000000 0.0000000 0.0000000 0.4115701
0.1706426 0.3475472 0.0187310 0.0005679 0.0000302 0.0000000 0.0000000 0.0000000 0.0000000 0.3668763
0.1907229 0.3069041 0.0194329 0.0005903 0.0000140 0.0000000 0.0000000 0.0000000 0.0000000 0.3269413
0.2108032 0.2710139 0.0200067 0.0007447 0.0000099 0.0000000 0.0000000 0.0000000 0.0000000 0.2917752
0.2308835 0.2393208 0.0203351 0.0008767 0.0000368 0.0000000 0.0000000 0.0000000 0.0000000 0.2605693
0.2509638 0.2113340 0.0204188 0.0010392 0.0000209 0.0000002 0.0000000 0.0000000 0.0000000 0.2328132
0.2710442 0.1866201 0.0201188 0.0011583 0.0000283 0.0000001 0.0000000 0.0000000 0.0000000 0.2079255
0.2911245 0.1647962 0.0199143 0.0012416 0.0000920 0.0000005 0.0000000 0.0000000 0.0000000 0.1860446
0.3112048 0.1455245 0.0194508 0.0013127 0.0000568 0.0000000 0.0000000 0.0000000 0.0000000 0.1663449
0.3312851 0.1285065 0.0187487 0.0013179 0.0000572 0.0000073 0.0000000 0.0000000 0.0000000 0.1486375
0.3513654 0.1134786 0.0181912 0.0014070 0.0000897 0.0000017 0.0000000 0.0000000 0.0000000 0.1331681
0.3714458 0.1002081 0.0174071 0.0014711 0.0000912 0.0000008 0.0000000 0.0000000 0.0000000 0.1191784
0.3915261 0.0884895 0.0166341 0.0015429 0.0001000 0.0000040 0.0000000 0.0000000 0.0000000 0.1067705
0.4116064 0.0781413 0.0158499 0.0016940 0.0001190 0.0000037 0.0000000 0.0000000 0.0000000 0.0958079
0.4316867 0.0690033 0.0150397 0.0016644 0.0001145 0.0000044 0.0000000 0.0000000 0.0000000 0.0858262
0.4517670 0.0609338 0.0141983 0.0016746 0.0001431 0.0000052 0.0000000 0.0000000 0.0000000 0.0769551
0.4718474 0.0538081 0.0133850 0.0017137 0.0001668 0.0000023 0.0000000 0.0000000 0.0000000 0.0690758
0.4919277 0.0475156 0.0125832 0.0016944 0.0001406 0.0000079 0.0000001 0.0000000 0.0000000 0.0619417
0.5120080 0.0419590 0.0117312 0.0016752 0.0001572 0.0000098 0.0000006 0.0000000 0.0000000 0.0555331
0.5320883 0.0370522 0.0110158 0.0016795 0.0001765 0.0000162 0.0000014 0.0000000 0.0000000 0.0499416
0.5521687 0.0327192 0.0102520 0.0016502 0.0001645 0.0000146 0.0000012 0.0000000 0.0000000 0.0448016
0.5722489 0.0288930 0.0095569 0.0016124 0.0001833 0.0000184 0.0000031 0.0000001 0.0000000 0.0402670
0.5923293 0.0255141 0.0088780 0.0016041 0.0001996 0.0000225 0.0000016 0.0000000 0.0000000 0.0362201
0.6124096 0.0225304 0.0082592 0.0015311 0.0001935 0.0000149 0.0000050 0.0000000 0.0000000 0.0325342
0.6324899 0.0198957 0.0076545 0.0015317 0.0002128 0.0000215 0.0000039 0.0000003 0.0000000 0.0293202
0.6525702 0.0175690 0.0070619 0.0014372 0.0001941 0.0000186 0.0000034 0.0000000 0.0000000 0.0262842
0.6726506 0.0155145 0.0065386 0.0013839 0.0002027 0.0000225 0.0000042 0.0000000 0.0000000 0.0236664
0.6927309 0.0137002 0.0060547 0.0013651 0.0002152 0.0000299 0.0000036 0.0000000 0.0000000 0.0213686
0.7128112 0.0120980 0.0055668 0.0012950 0.0002059 0.0000314 0.0000037 0.0000033 0.0000001 0.0192043
0.7328916 0.0106832 0.0051328 0.0012464 0.0002180 0.0000300 0.0000020 0.0000000 0.0000000 0.0173125
0.7529718 0.0094339 0.0047266 0.0012069 0.0002130 0.0000265 0.0000039 0.0000000 0.0000000 0.0156109
0.7730522 0.0083307 0.0043454 0.0011539 0.0002180 0.0000373 0.0000031 0.0000001 0.0000000 0.0140886
0.7931325 0.0073565 0.0040056 0.0011010 0.0002054 0.0000276 0.0000051 0.0000005 0.0000000 0.0127016
0.8132128 0.0064962 0.0036823 0.0010613 0.0002174 0.0000356 0.0000046 0.0000002 0.0000000 0.0114976
0.8332931 0.0057365 0.0033753 0.0010197 0.0002116 0.0000289 0.0000027 0.0000003 0.0000000 0.0103751
0.8533735 0.0050657 0.0030942 0.0009418 0.0002008 0.0000288 0.0000019 0.0000000 0.0000000 0.0093331
0.8734538 0.0044733 0.0028481 0.0008951 0.0001980 0.0000362 0.0000045 0.0000002 0.0000000 0.0084555
0.8935341 0.0039502 0.0026040 0.0008497 0.0001921 0.0000351 0.0000040 0.0000000 0.0000000 0.0076349
0.9136144 0.0034882 0.0023864 0.0008045 0.0001875 0.0000286 0.0000025 0.0000004 0.0000000 0.0068983
0.9336947 0.0030803 0.0021755 0.0007657 0.0001808 0.0000344 0.0000041 0.0000003 0.0000000 0.0062411
0.9537750 0.0027201 0.0019984 0.0007169 0.0001797 0.0000337 0.0000044 0.0000006 0.0000000 0.0056538
0.9738554 0.0024020 0.0018248 0.0006795 0.0001809 0.0000316 0.0000070 0.0000006 0.0000000 0.0051265
0.9939357 0.0021211 0.0016687 0.0006409 0.0001741 0.0000339 0.0000047 0.0000010 0.0000005 0.0046450
1.0140160 0.0018730 0.0015182 0.0006028 0.0001655 0.0000331 0.0000067 0.0000007 0.0000000 0.0042000
1.0340964 0.0016540 0.0013935 0.0005730 0.0001619 0.0000341 0.0000074 0.0000010 0.0000004 0.0038253
1.0541767 0.0014606 0.0012646 0.0005364 0.0001562 0.0000333 0.0000066 0.0000012 0.0000005 0.0034595
1.0742570 0.0012898 0.0011526 0.0005015 0.0001500 0.0000321 0.0000047 0.0000004 0.0000000 0.0031312
1.0943373 0.0011389 0.0010549 0.0004721 0.0001464 0.0000322 0.0000054 0.0000005 0.0000000 0.0028505
1.1144177 0.0010058 0.0009569 0.0004400 0.0001415 0.0000351 0.0000061 0.0000006 0.0000001 0.0025861
1.1344979 0.0008881 0.0008745 0.0004159 0.0001346 0.0000333 0.0000059 0.0000007 0.0000001 0.0023532
1.1545782 0.0007843 0.0007952 0.0003811 0.0001286 0.0000323 0.0000049 0.0000006 0.0000000 0.0021270
1.1746585 0.0006926 0.0007264 0.0003644 0.0001267 0.0000319 0.0000062 0.0000008 0.0000001 0.0019491
1.1947389 0.0006116 0.0006607 0.0003417 0.0001180 0.0000323 0.0000062 0.0000010 0.0000000 0.0017715
1.2148192 0.0005401 0.0006017 0.0003221 0.0001167 0.0000309 0.0000076 0.0000017 0.0000000 0.0016208
1.2348995 0.0004769 0.0005476 0.0002958 0.0001084 0.0000283 0.0000058 0.0000012 0.0000001 0.0014640
1.2549798 0.0004211 0.0004988 0.0002780 0.0001049 0.0000287 0.0000061 0.0000008 0.0000001 0.0013385
1.2750602 0.0003719 0.0004555 0.0002586 0.0000983 0.0000268 0.0000065 0.0000012 0.0000006 0.0012194
1.2951405 0.0003284 0.0004139 0.0002442 0.0000961 0.0000286 0.0000060 0.0000013 0.0000001 0.0011187
1.3152208 0.0002900 0.0003762 0.0002245 0.0000898 0.0000275 0.0000062 0.0000010 0.0000001 0.0010153
1.3353012 0.0002561 0.0003428 0.0002109 0.0000860 0.0000265 0.0000069 0.0000014 0.0000002 0.0009309
1.3553815 0.0002261 0.0003098 0.0001937 0.0000827 0.0000262 0.0000057 0.0000012 0.0000002 0.0008456
1.3754618 0.0001997 0.0002834 0.0001805 0.0000785 0.0000246 0.0000065 0.0000012 0.0000002 0.0007746
1.3955421 0.0001763 0.0002561 0.0001710 0.0000753 0.0000235 0.0000056 0.0000011 0.0000005 0.0007094
1.4156225 0.0001557 0.0002340 0.0001588 0.0000726 0.0000251 0.0000066 0.0000016 0.0000003 0.0006547
1.4357028 0.0001375 0.0002125 0.0001468 0.0000672 0.0000233 0.0000069 0.0000021 0.0000004 0.0005967
1.4557831 0.0001214 0.0001923 0.0001372 0.0000636 0.0000216 0.0000057 0.0000010 0.0000002 0.0005430
1.4758633 0.0001072 0.0001755 0.0001279 0.0000605 0.0000221 0.0000067 0.0000014 0.0000004 0.0005019
1.4959437 0.0000947 0.0001603 0.0001178 0.0000578 0.0000217 0.0000062 0.0000012 0.0000002 0.0004599
1.5160240 0.0000836 0.0001442 0.0001091 0.0000560 0.0000200 0.0000067 0.0000017 0.0000003 0.0004216
1.5361043 0.0000738 0.0001318 0.0001012 0.0000512 0.0000191 0.0000056 0.0000017 0.0000004 0.0003848
1.5561846 0.0000652 0.0001197 0.0000936 0.0000485 0.0000181 0.0000055 0.0000014 0.0000001 0.0003520
1.5762650 0.0000576 0.0001085 0.0000879 0.0000458 0.0000175 0.0000053 0.0000014 0.0000003 0.0003243
1.5963453 0.0000508 0.0000985 0.0000812 0.0000433 0.0000171 0.0000055 0.0000014 0.0000002 0.0002980
1.6164256 0.0000449 0.0000894 0.0000742 0.0000396 0.0000155 0.0000050 0.0000013 0.0000003 0.0002702
1.6365060 0.0000396 0.0000821 0.0000716 0.0000392 0.0000161 0.0000054 0.0000016 0.0000005 0.0002563
1.6565863 0.0000350 0.0000739 0.0000649 0.0000368 0.0000155 0.0000052 0.0000013 0.0000003 0.0002330
1.6766666 0.0000309 0.0000669 0.0000602 0.0000347 0.0000147 0.0000049 0.0000015 0.0000003 0.0002141
1.6967469 0.0000273 0.0000613 0.0000557 0.0000332 0.0000148 0.0000052 0.0000016 0.0000006 0.0001996
1.7168273 0.0000241 0.0000554 0.0000510 0.0000316 0.0000138 0.0000047 0.0000014 0.0000004 0.0001824
1.7369076 0.0000213 0.0000504 0.0000477 0.0000292 0.0000130 0.0000042 0.0000013 0.0000003 0.0001675
1.7569879 0.0000188 0.0000457 0.0000441 0.0000274 0.0000124 0.0000043 0.0000012 0.0000003 0.0001542
1.7770681 0.0000166 0.0000416 0.0000417 0.0000268 0.0000122 0.0000043 0.0000013 0.0000003 0.0001449
1.7971485 0.0000147 0.0000379 0.0000385 0.0000245 0.0000113 0.0000041 0.0000013 0.0000003 0.0001325
1.8172288 0.0000129 0.0000344 0.0000351 0.0000228 0.0000107 0.0000039 0.0000012 0.0000003 0.0001213
1.8373091 0.0000114 0.0000314 0.0000329 0.0000217 0.0000106 0.0000039 0.0000011 0.0000004 0.0001134
1.8573895 0.0000101 0.0000285 0.0000305 0.0000209 0.0000102 0.0000038 0.0000011 0.0000003 0.0001055
1.8774698 0.0000089 0.0000258 0.0000284 0.0000194 0.0000097 0.0000039 0.0000013 0.0000004 0.0000979
1.8975501 0.0000079 0.0000235 0.0000261 0.0000181 0.0000090 0.0000034 0.0000011 0.0000003 0.0000894
1.9176304 0.0000070 0.0000215 0.0000243 0.0000172 0.0000089 0.0000036 0.0000013 0.0000004 0.0000840
1.9377108 0.0000061 0.0000195 0.0000226 0.0000163 0.0000084 0.0000034 0.0000011 0.0000002 0.0000777
1.9577911 0.0000054 0.0000177 0.0000207 0.0000151 0.0000080 0.0000031 0.0000010 0.0000003 0.0000713
1.9778714 0.0000048 0.0000161 0.0000193 0.0000145 0.0000078 0.0000033 0.0000011 0.0000003 0.0000672
1.9979517 0.0000042 0.0000147 0.0000180 0.0000132 0.0000070 0.0000030 0.0000011 0.0000003 0.0000615
2.0180321 0.0000037 0.0000134 0.0000166 0.0000128 0.0000071 0.0000031 0.0000011 0.0000003 0.0000581
2.0381124 0.0000033 0.0000121 0.0000153 0.0000118 0.0000065 0.0000028 0.0000010 0.0000003 0.0000532
2.0581927 0.0000029 0.0000110 0.0000141 0.0000108 0.0000059 0.0000025 0.0000009 0.0000003 0.0000484
2.0782731 0.0000026 0.0000101 0.0000131 0.0000104 0.0000058 0.0000025 0.0000010 0.0000003 0.0000458
2.0983534 0.0000023 0.0000092 0.0000122 0.0000099 0.0000057 0.0000026 0.0000010 0.0000003 0.0000431
2.1184337 0.0000020 0.0000084 0.0000115 0.0000096 0.0000056 0.0000027 0.0000010 0.0000003 0.0000411
2.1385140 0.0000018 0.0000076 0.0000104 0.0000086 0.0000051 0.0000022 0.0000009 0.0000003 0.0000368
2.1585944 0.0000016 0.0000069 0.0000096 0.0000081 0.0000048 0.0000022 0.0000008 0.0000003 0.0000343
2.1786747 0.0000014 0.0000063 0.0000089 0.0000076 0.0000045 0.0000021 0.0000007 0.0000002 0.0000316
2.1987550 0.0000012 0.0000058 0.0000084 0.0000073 0.0000045 0.0000022 0.0000008 0.0000003 0.0000304
2.2188354 0.0000011 0.0000053 0.0000076 0.0000066 0.0000043 0.0000020 0.0000008 0.0000003 0.0000279
2.2389157 0.0000010 0.0000048 0.0000070 0.0000062 0.0000038 0.0000018 0.0000007 0.0000002 0.0000255
2.2589958 0.0000008 0.0000044 0.0000066 0.0000059 0.0000037 0.0000019 0.0000008 0.0000003 0.0000244
2.2790761 0.0000007 0.0000040 0.0000061 0.0000056 0.0000037 0.0000019 0.0000008 0.0000003 0.0000230
2.2991564 0.0000007 0.0000036 0.0000056 0.0000052 0.0000034 0.0000017 0.0000007 0.0000002 0.0000210
2.3192368 0.0000006 0.0000033 0.0000053 0.0000049 0.0000033 0.0000017 0.0000007 0.0000003 0.0000201
2.3393171 0.0000005 0.0000031 0.0000049 0.0000046 0.0000031 0.0000016 0.0000007 0.0000002 0.0000186
2.3593974 0.0000005 0.0000027 0.0000045 0.0000043 0.0000029 0.0000015 0.0000006 0.0000002 0.0000171
2.3794777 0.0000004 0.0000025 0.0000042 0.0000040 0.0000028 0.0000015 0.0000006 0.0000002 0.0000162
2.3995581 0.0000004 0.0000023 0.0000040 0.0000038 0.0000026 0.0000014 0.0000006 0.0000003 0.0000153
2.4196384 0.0000003 0.0000021 0.0000036 0.0000036 0.0000025 0.0000013 0.0000006 0.0000002 0.0000142
2.4397187 0.0000003 0.0000019 0.0000033 0.0000033 0.0000023 0.0000013 0.0000005 0.0000002 0.0000131
2.4597991 0.0000002 0.0000017 0.0000030 0.0000031 0.0000022 0.0000012 0.0000006 0.0000002 0.0000123
2.4798794 0.0000002 0.0000016 0.0000028 0.0000029 0.0000021 0.0000011 0.0000005 0.0000002 0.0000114
2.4999597 0.0000002 0.0000015 0.0000026 0.0000027 0.0000020 0.0000011 0.0000005 0.0000002 0.0000108
2.5200400 0.0000002 0.0000013 0.0000024 0.0000025 0.0000019 0.0000011 0.0000005 0.0000002 0.0000101
2.5401204 0.0000001 0.0000012 0.0000023 0.0000024 0.0000018 0.0000010 0.0000005 0.0000002 0.0000096
2.5602007 0.0000001 0.0000011 0.0000021 0.0000022 0.0000016 0.0000010 0.0000005 0.0000002 0.0000087
2.5802810 0.0000001 0.0000010 0.0000020 0.0000021 0.0000016 0.0000009 0.0000004 0.0000002 0.0000084
2.6003613 0.0000001 0.0000009 0.0000018 0.0000020 0.0000015 0.0000009 0.0000004 0.0000002 0.0000077
2.6204417 0.0000001 0.0000009 0.0000017 0.0000018 0.0000014 0.0000008 0.0000004 0.0000002 0.0000073
2.6405220 0.0000001 0.0000008 0.0000015 0.0000017 0.0000013 0.0000008 0.0000004 0.0000002 0.0000067
2.6606023 0.0000001 0.0000007 0.0000015 0.0000017 0.0000013 0.0000007 0.0000003 0.0000001 0.0000064
2.6806827 0.0000001 0.0000007 0.0000014 0.0000016 0.0000012 0.0000007 0.0000004 0.0000002 0.0000061
2.7007630 0.0000001 0.0000006 0.0000013 0.0000015 0.0000012 0.0000007 0.0000004 0.0000001 0.0000059
2.7208433 0.0000000 0.0000006 0.0000012 0.0000013 0.0000010 0.0000006 0.0000003 0.0000001 0.0000052
2.7409236 0.0000000 0.0000005 0.0000010 0.0000012 0.0000010 0.0000006 0.0000003 0.0000002 0.0000050
2.7610040 0.0000000 0.0000005 0.0000010 0.0000012 0.0000009 0.0000006 0.0000003 0.0000001 0.0000045
2.7810843 0.0000000 0.0000004 0.0000009 0.0000011 0.0000009 0.0000006 0.0000003 0.0000001 0.0000043
2.8011646 0.0000000 0.0000004 0.0000008 0.0000010 0.0000008 0.0000005 0.0000003 0.0000001 0.0000039
2.8212450 0.0000000 0.0000004 0.0000008 0.0000010 0.0000008 0.0000005 0.0000003 0.0000001 0.0000038
2.8413253 0.0000000 0.0000003 0.0000007 0.0000009 0.0000008 0.0000005 0.0000003 0.0000001 0.0000036
2.8614056 0.0000000 0.0000003 0.0000007 0.0000008 0.0000007 0.0000005 0.0000003 0.0000001 0.0000035
2.8814859 0.0000000 0.0000003 0.0000006 0.0000008 0.0000007 0.0000004 0.0000002 0.0000001 0.0000032
2.9015663 0.0000000 0.0000002 0.0000006 0.0000007 0.0000006 0.0000004 0.0000002 0.0000001 0.0000029
2.9216464 0.0000000 0.0000002 0.0000005 0.0000007 0.0000006 0.0000004 0.0000002 0.0000001 0.0000029
