-------- p=2.609 a=2.000 mu=-2.200 N=20000000 time=2017-02-23 07:05:08 --------
0.0100000 0.9455141 0.0014365 0.0000019 0.0000000 0.0000000 0.0000000 0.0000000 0.0000000 0.9469526
0.0300803 0.8449064 0.0066784 0.0000249 0.0000000 0.0000000 0.0000000 0.0000000 0.0000000 0.8516097
0.0501606 0.7550039 0.0126907 0.0001189 0.0000000 0.0000000 0.0000000 0.0000000 0.0000000 0.7678135
0.0702410 0.6746675 0.0190927 0.0003279 0.0000000 0.0000000 0.0000000 0.0000000 0.0000000 0.6940881
0.0903213 0.6028793 0.0247690 0.0004267 0.0000003 0.0000000 0.0000000 0.0000000 0.0000000 0.6280753
0.1104016 0.5387298 0.0298905 0.0008931 0.0000192 0.0000000 0.0000000 0.0000000 0.0000000 0.5695325
0.1304819 0.4814061 0.0343339 0.0011949 0.0000150 0.0000000 0.0000000 0.0000000 0.0000000 0.5169499
0.1505622 0.4301820 0.0380567 0.0017642 0.0000422 0.0000000 0.0000000 0.0000000 0.0000000 0.4700451
0.1706426 0.3844083 0.0410903 0.0022807 0.0000457 0.0000013 0.0000000 0.0000000 0.0000000 0.4278263
0.1907229 0.3435052 0.0432217 0.0029245 0.0001278 0.0000064 0.0000000 0.0000000 0.0000000 0.3897857
0.2108032 0.3069545 0.0451706 0.0033710 0.0001504 0.0000043 0.0000001 0.0000000 0.0000000 0.3556509
0.2308835 0.2742929 0.0461846 0.0040600 0.0002343 0.0000061 0.0000000 0.0000000 0.0000000 0.3247778
0.2509638 0.2451067 0.0466840 0.0045963 0.0002334 0.0000048 0.0000000 0.0000000 0.0000000 0.2966252
0.2710442 0.2190260 0.0467109 0.0051375 0.0003192 0.0000175 0.0000000 0.0000000 0.0000000 0.2712111
0.2911245 0.1957205 0.0464604 0.0057205 0.0004101 0.0000275 0.0000000 0.0000000 0.0000000 0.2483390
0.3112048 0.1748948 0.0457449 0.0061544 0.0005791 0.0000400 0.0000063 0.0000000 0.0000000 0.2274195
0.3312851 0.1562851 0.0446158 0.0066122 0.0006474 0.0000388 0.0000027 0.0000000 0.0000000 0.2082020
0.3513654 0.1396555 0.0436122 0.0071097 0.0008057 0.0000593 0.0000092 0.0000000 0.0000000 0.1912516
0.3714458 0.1247954 0.0423456 0.0073826 0.0009585 0.0000771 0.0000063 0.0000000 0.0000000 0.1755656
0.3915261 0.1115166 0.0407952 0.0077733 0.0009359 0.0001226 0.0000132 0.0000002 0.0000000 0.1611569
0.4116064 0.0996506 0.0392180 0.0080175 0.0011134 0.0001267 0.0000026 0.0000000 0.0000000 0.1481287
0.4316867 0.0890473 0.0375266 0.0081659 0.0011849 0.0001058 0.0000139 0.0000099 0.0000004 0.1360546
0.4517670 0.0795722 0.0359003 0.0084856 0.0013691 0.0001524 0.0000105 0.0000000 0.0000000 0.1254901
0.4718474 0.0711053 0.0341905 0.0085851 0.0014418 0.0001437 0.0000209 0.0000013 0.0000000 0.1154885
0.4919277 0.0635393 0.0324786 0.0084664 0.0015502 0.0002182 0.0000134 0.0000000 0.0000000 0.1062661
0.5120080 0.0567784 0.0306904 0.0085408 0.0016056 0.0002228 0.0000234 0.0000002 0.0000000 0.0978616
0.5320883 0.0507368 0.0291334 0.0084621 0.0017203 0.0002719 0.0000171 0.0000002 0.0000000 0.0903419
0.5521687 0.0453382 0.0274852 0.0085533 0.0018897 0.0003321 0.0000362 0.0000031 0.0000049 0.0836425
0.5722489 0.0405140 0.0259350 0.0084248 0.0019510 0.0003584 0.0000427 0.0000036 0.0000000 0.0772295
0.5923293 0.0362031 0.0243941 0.0084399 0.0020540 0.0003877 0.0000688 0.0000034 0.0000000 0.0715511
0.6124096 0.0323509 0.0229880 0.0082928 0.0019611 0.0003467 0.0000462 0.0000066 0.0000000 0.0659924
0.6324899 0.0289086 0.0215392 0.0081544 0.0022003 0.0004323 0.0000745 0.0000048 0.0000009 0.0613150
0.6525702 0.0258325 0.0201548 0.0079240 0.0022019 0.0004581 0.0000713 0.0000059 0.0000000 0.0566485
0.6726506 0.0230838 0.0188280 0.0077527 0.0021614 0.0005080 0.0000967 0.0000211 0.0000039 0.0524556
0.6927309 0.0206276 0.0176145 0.0075855 0.0022605 0.0004780 0.0001245 0.0000197 0.0000006 0.0487109
0.7128112 0.0184327 0.0164531 0.0073907 0.0022832 0.0005481 0.0001055 0.0000096 0.0000002 0.0452232
0.7328916 0.0164714 0.0153524 0.0073026 0.0022837 0.0005216 0.0001021 0.0000212 0.0000097 0.0420647
0.7529718 0.0147187 0.0143522 0.0069225 0.0023604 0.0005926 0.0001122 0.0000265 0.0000016 0.0390867
0.7730522 0.0131526 0.0133412 0.0067768 0.0024254 0.0006472 0.0001747 0.0000186 0.0000050 0.0365415
0.7931325 0.0117531 0.0123883 0.0065340 0.0023789 0.0006519 0.0001481 0.0000183 0.0000008 0.0338733
0.8132128 0.0105025 0.0115364 0.0062850 0.0024182 0.0006850 0.0001485 0.0000273 0.0000042 0.0316071
0.8332931 0.0093850 0.0107022 0.0061007 0.0024022 0.0007205 0.0001831 0.0000309 0.0000053 0.0295298
0.8533735 0.0083864 0.0099679 0.0058244 0.0023373 0.0006971 0.0001734 0.0000315 0.0000024 0.0274203
0.8734538 0.0074940 0.0091821 0.0054532 0.0023401 0.0007078 0.0001854 0.0000412 0.0000148 0.0254186
0.8935341 0.0066966 0.0085489 0.0052979 0.0022865 0.0007176 0.0002053 0.0000357 0.0000065 0.0237948
0.9136144 0.0059840 0.0078673 0.0051736 0.0022825 0.0007875 0.0002123 0.0000509 0.0000075 0.0223657
0.9336947 0.0053473 0.0072794 0.0049249 0.0022699 0.0007707 0.0002021 0.0000465 0.0000135 0.0208542
0.9537750 0.0047783 0.0067425 0.0047020 0.0022100 0.0008105 0.0002321 0.0000501 0.0000149 0.0195405
0.9738554 0.0042699 0.0062483 0.0044736 0.0021787 0.0008201 0.0002415 0.0000533 0.0000082 0.0182936
0.9939357 0.0038156 0.0058008 0.0042393 0.0021187 0.0008034 0.0002552 0.0000576 0.0000107 0.0171012
1.0140160 0.0034096 0.0053299 0.0039738 0.0020734 0.0008146 0.0002552 0.0000669 0.0000118 0.0159352
1.0340964 0.0030468 0.0049205 0.0038166 0.0020519 0.0008366 0.0002726 0.0000769 0.0000128 0.0150347
1.0541767 0.0027226 0.0045589 0.0036727 0.0019849 0.0008178 0.0002686 0.0000750 0.0000250 0.0141255
1.0742570 0.0024329 0.0042012 0.0034787 0.0019869 0.0008477 0.0003053 0.0000918 0.0000193 0.0133636
1.0943373 0.0021740 0.0038502 0.0032820 0.0019359 0.0008291 0.0002892 0.0000888 0.0000159 0.0124651
1.1144177 0.0019427 0.0035540 0.0031037 0.0018367 0.0008379 0.0002937 0.0000945 0.0000224 0.0116855
1.1344979 0.0017360 0.0032794 0.0029248 0.0017904 0.0008216 0.0002995 0.0001030 0.0000320 0.0109867
1.1545782 0.0015513 0.0030138 0.0027747 0.0017356 0.0008315 0.0003015 0.0000900 0.0000194 0.0103177
1.1746585 0.0013862 0.0027782 0.0026294 0.0016823 0.0008333 0.0003220 0.0000986 0.0000285 0.0097585
1.1947389 0.0012387 0.0025663 0.0024515 0.0016319 0.0008209 0.0003244 0.0001125 0.0000275 0.0091737
1.2148192 0.0011069 0.0023584 0.0023144 0.0015611 0.0007978 0.0003253 0.0001177 0.0000412 0.0086227
1.2348995 0.0009891 0.0021657 0.0021951 0.0014940 0.0007750 0.0003268 0.0001147 0.0000311 0.0080915
1.2549798 0.0008839 0.0019929 0.0020778 0.0014604 0.0007509 0.0003157 0.0001123 0.0000402 0.0076339
1.2750602 0.0007898 0.0018258 0.0019552 0.0013990 0.0007829 0.0003324 0.0001127 0.0000380 0.0072359
1.2951405 0.0007058 0.0016735 0.0018262 0.0013577 0.0007542 0.0003317 0.0001251 0.0000403 0.0068145
1.3152208 0.0006307 0.0015405 0.0017355 0.0013003 0.0007147 0.0003203 0.0001286 0.0000388 0.0064094
1.3353012 0.0005636 0.0014008 0.0015983 0.0012469 0.0007172 0.0003448 0.0001407 0.0000498 0.0060621
1.3553815 0.0005036 0.0012974 0.0015297 0.0012102 0.0007204 0.0003400 0.0001363 0.0000492 0.0057867
1.3754618 0.0004500 0.0011908 0.0014083 0.0011441 0.0006935 0.0003436 0.0001416 0.0000517 0.0054236
1.3955421 0.0004021 0.0010919 0.0013325 0.0010986 0.0006807 0.0003269 0.0001419 0.0000534 0.0051282
1.4156225 0.0003593 0.0010086 0.0012443 0.0010482 0.0006647 0.0003477 0.0001487 0.0000521 0.0048736
1.4357028 0.0003211 0.0009138 0.0011777 0.0010108 0.0006616 0.0003328 0.0001393 0.0000548 0.0046119
1.4557831 0.0002869 0.0008391 0.0011183 0.0009725 0.0006272 0.0003376 0.0001476 0.0000595 0.0043886
1.4758633 0.0002564 0.0007712 0.0010297 0.0009107 0.0006175 0.0003340 0.0001439 0.0000505 0.0041139
1.4959437 0.0002291 0.0007012 0.0009590 0.0008690 0.0005915 0.0003172 0.0001461 0.0000593 0.0038724
1.5160240 0.0002047 0.0006416 0.0008952 0.0008400 0.0005863 0.0003271 0.0001480 0.0000582 0.0037012
1.5361043 0.0001830 0.0005916 0.0008379 0.0008040 0.0005675 0.0003135 0.0001415 0.0000526 0.0034916
1.5561846 0.0001635 0.0005430 0.0007912 0.0007621 0.0005462 0.0003075 0.0001449 0.0000643 0.0033225
1.5762650 0.0001461 0.0004997 0.0007443 0.0007399 0.0005531 0.0003378 0.0001677 0.0000749 0.0032636
1.5963453 0.0001305 0.0004572 0.0006960 0.0006911 0.0005155 0.0003148 0.0001550 0.0000650 0.0030252
1.6164256 0.0001167 0.0004145 0.0006418 0.0006547 0.0004989 0.0003108 0.0001623 0.0000768 0.0028764
1.6365060 0.0001042 0.0003824 0.0006044 0.0006239 0.0004833 0.0002915 0.0001553 0.0000669 0.0027120
1.6565863 0.0000932 0.0003475 0.0005581 0.0005954 0.0004801 0.0003033 0.0001514 0.0000669 0.0025958
1.6766666 0.0000832 0.0003236 0.0005259 0.0005719 0.0004643 0.0003060 0.0001571 0.0000718 0.0025038
1.6967469 0.0000744 0.0002964 0.0004967 0.0005470 0.0004530 0.0002920 0.0001512 0.0000595 0.0023702
1.7168273 0.0000665 0.0002661 0.0004522 0.0004977 0.0004172 0.0002732 0.0001394 0.0000630 0.0021752
1.7369076 0.0000594 0.0002453 0.0004250 0.0004766 0.0003993 0.0002704 0.0001508 0.0000723 0.0020990
1.7569879 0.0000531 0.0002213 0.0003883 0.0004490 0.0003761 0.0002565 0.0001474 0.0000716 0.0019634
1.7770681 0.0000474 0.0002044 0.0003688 0.0004437 0.0003905 0.0002687 0.0001536 0.0000775 0.0019547
1.7971485 0.0000424 0.0001859 0.0003430 0.0004123 0.0003628 0.0002504 0.0001453 0.0000686 0.0018107
1.8172288 0.0000379 0.0001718 0.0003231 0.0003974 0.0003559 0.0002518 0.0001509 0.0000753 0.0017640
1.8373091 0.0000338 0.0001579 0.0003056 0.0003767 0.0003433 0.0002389 0.0001468 0.0000715 0.0016744
1.8573895 0.0000302 0.0001427 0.0002746 0.0003455 0.0003280 0.0002439 0.0001544 0.0000808 0.0016002
1.8774698 0.0000270 0.0001317 0.0002606 0.0003293 0.0003009 0.0002246 0.0001397 0.0000757 0.0014897
1.8975501 0.0000241 0.0001197 0.0002411 0.0003166 0.0002996 0.0002293 0.0001438 0.0000771 0.0014513
1.9176304 0.0000216 0.0001102 0.0002276 0.0002933 0.0002847 0.0002169 0.0001382 0.0000776 0.0013701
1.9377108 0.0000193 0.0001018 0.0002150 0.0002881 0.0002853 0.0002266 0.0001462 0.0000766 0.0013590
1.9577911 0.0000172 0.0000918 0.0001958 0.0002674 0.0002703 0.0002112 0.0001405 0.0000823 0.0012765
1.9778714 0.0000154 0.0000841 0.0001830 0.0002526 0.0002515 0.0001963 0.0001273 0.0000739 0.0011840
1.9979517 0.0000138 0.0000776 0.0001693 0.0002359 0.0002420 0.0001974 0.0001358 0.0000724 0.0011442
2.0180321 0.0000123 0.0000709 0.0001613 0.0002280 0.0002371 0.0001958 0.0001384 0.0000795 0.0011234
2.0381124 0.0000110 0.0000636 0.0001455 0.0002108 0.0002236 0.0001885 0.0001268 0.0000725 0.0010422
2.0581927 0.0000098 0.0000587 0.0001365 0.0002000 0.0002143 0.0001780 0.0001211 0.0000726 0.0009911
2.0782731 0.0000088 0.0000537 0.0001259 0.0001893 0.0002057 0.0001715 0.0001216 0.0000701 0.0009465
2.0983534 0.0000078 0.0000486 0.0001161 0.0001760 0.0001908 0.0001614 0.0001119 0.0000684 0.0008810
2.1184337 0.0000070 0.0000450 0.0001085 0.0001674 0.0001859 0.0001651 0.0001183 0.0000734 0.0008706
2.1385140 0.0000063 0.0000404 0.0001012 0.0001603 0.0001818 0.0001561 0.0001141 0.0000725 0.0008326
2.1585944 0.0000056 0.0000365 0.0000914 0.0001431 0.0001621 0.0001412 0.0001040 0.0000676 0.0007515
2.1786747 0.0000050 0.0000348 0.0000878 0.0001425 0.0001615 0.0001446 0.0001102 0.0000682 0.0007546
2.1987550 0.0000045 0.0000315 0.0000814 0.0001280 0.0001488 0.0001392 0.0001036 0.0000683 0.0007052
2.2188354 0.0000040 0.0000290 0.0000759 0.0001258 0.0001468 0.0001379 0.0001068 0.0000690 0.0006951
2.2389157 0.0000036 0.0000256 0.0000689 0.0001133 0.0001389 0.0001339 0.0001027 0.0000685 0.0006553
2.2589958 0.0000032 0.0000241 0.0000661 0.0001075 0.0001296 0.0001259 0.0000981 0.0000639 0.0006183
2.2790761 0.0000028 0.0000216 0.0000602 0.0001022 0.0001233 0.0001187 0.0000931 0.0000625 0.0005844
2.2991564 0.0000025 0.0000199 0.0000550 0.0000950 0.0001176 0.0001170 0.0000957 0.0000669 0.0005698
2.3192368 0.0000023 0.0000180 0.0000511 0.0000881 0.0001093 0.0001054 0.0000854 0.0000611 0.0005206
2.3393171 0.0000020 0.0000164 0.0000473 0.0000844 0.0001072 0.0001109 0.0000891 0.0000625 0.0005199
2.3593974 0.0000018 0.0000154 0.0000455 0.0000804 0.0001033 0.0001073 0.0000880 0.0000622 0.0005041
2.3794777 0.0000016 0.0000139 0.0000405 0.0000721 0.0000922 0.0000964 0.0000807 0.0000575 0.0004550
2.3995581 0.0000015 0.0000129 0.0000390 0.0000729 0.0000972 0.0001008 0.0000875 0.0000622 0.0004738
2.4196384 0.0000013 0.0000120 0.0000369 0.0000692 0.0000903 0.0000934 0.0000767 0.0000535 0.0004334
2.4397187 0.0000012 0.0000106 0.0000326 0.0000620 0.0000850 0.0000918 0.0000812 0.0000621 0.0004265
2.4597991 0.0000010 0.0000097 0.0000311 0.0000594 0.0000803 0.0000863 0.0000737 0.0000505 0.0003920
2.4798794 0.0000009 0.0000090 0.0000284 0.0000561 0.0000786 0.0000847 0.0000747 0.0000565 0.0003890
2.4999597 0.0000008 0.0000084 0.0000276 0.0000554 0.0000785 0.0000850 0.0000772 0.0000595 0.0003924
2.5200400 0.0000007 0.0000078 0.0000249 0.0000482 0.0000679 0.0000759 0.0000686 0.0000509 0.0003448
2.5401204 0.0000007 0.0000068 0.0000230 0.0000459 0.0000649 0.0000709 0.0000644 0.0000498 0.0003262
2.5602007 0.0000006 0.0000060 0.0000207 0.0000412 0.0000593 0.0000666 0.0000633 0.0000491 0.0003069
2.5802810 0.0000005 0.0000059 0.0000207 0.0000416 0.0000595 0.0000683 0.0000632 0.0000493 0.0003092
2.6003613 0.0000005 0.0000052 0.0000178 0.0000365 0.0000528 0.0000584 0.0000545 0.0000430 0.0002686
2.6204417 0.0000004 0.0000047 0.0000166 0.0000345 0.0000515 0.0000608 0.0000581 0.0000465 0.0002731
2.6405220 0.0000004 0.0000045 0.0000163 0.0000339 0.0000508 0.0000586 0.0000559 0.0000467 0.0002670
2.6606023 0.0000003 0.0000041 0.0000149 0.0000319 0.0000483 0.0000570 0.0000556 0.0000467 0.0002588
2.6806827 0.0000003 0.0000038 0.0000137 0.0000301 0.0000463 0.0000544 0.0000534 0.0000436 0.0002456
2.7007630 0.0000003 0.0000034 0.0000124 0.0000263 0.0000396 0.0000464 0.0000469 0.0000406 0.0002160
2.7208433 0.0000002 0.0000032 0.0000125 0.0000281 0.0000449 0.0000541 0.0000543 0.0000476 0.0002450
2.7409236 0.0000002 0.0000028 0.0000108 0.0000243 0.0000387 0.0000475 0.0000482 0.0000421 0.0002146
2.7610040 0.0000002 0.0000026 0.0000099 0.0000219 0.0000357 0.0000450 0.0000466 0.0000409 0.0002027
2.7810843 0.0000002 0.0000023 0.0000087 0.0000201 0.0000329 0.0000411 0.0000424 0.0000358 0.0001835
2.8011646 0.0000002 0.0000021 0.0000080 0.0000185 0.0000301 0.0000381 0.0000394 0.0000338 0.0001702
2.8212450 0.0000001 0.0000020 0.0000079 0.0000183 0.0000293 0.0000359 0.0000366 0.0000329 0.0001629
2.8413253 0.0000001 0.0000018 0.0000074 0.0000173 0.0000287 0.0000352 0.0000359 0.0000307 0.0001572
2.8614056 0.0000001 0.0000017 0.0000071 0.0000167 0.0000274 0.0000347 0.0000380 0.0000350 0.0001608
2.8814859 0.0000001 0.0000015 0.0000062 0.0000152 0.0000254 0.0000326 0.0000342 0.0000300 0.0001452
2.9015663 0.0000001 0.0000015 0.0000062 0.0000150 0.0000254 0.0000329 0.0000360 0.0000322 0.0001492
2.9216464 0.0000001 0.0000013 0.0000054 0.0000134 0.0000232 0.0000315 0.0000345 0.0000317 0.0001411
2.9417267 0.0000001 0.0000011 0.0000045 0.0000113 0.0000193 0.0000254 0.0000280 0.0000256 0.0001153
2.9618070 0.0000001 0.0000011 0.0000047 0.0000115 0.0000201 0.0000272 0.0000300 0.0000286 0.0001231
2.9818873 0.0000001 0.0000009 0.0000041 0.0000101 0.0000182 0.0000247 0.0000280 0.0000262 0.0001123
3.0019677 0.0000000 0.0000009 0.0000042 0.0000106 0.0000185 0.0000247 0.0000270 0.0000258 0.0001117
3.0220480 0.0000000 0.0000008 0.0000036 0.0000090 0.0000159 0.0000220 0.0000251 0.0000238 0.0001001
3.0421283 0.0000000 0.0000008 0.0000036 0.0000092 0.0000164 0.0000225 0.0000257 0.0000244 0.0001027
3.0622087 0.0000000 0.0000007 0.0000032 0.0000084 0.0000152 0.0000214 0.0000238 0.0000229 0.0000956
3.0822890 0.0000000 0.0000007 0.0000034 0.0000096 0.0000178 0.0000257 0.0000292 0.0000285 0.0001149
3.1023693 0.0000000 0.0000006 0.0000027 0.0000070 0.0000134 0.0000197 0.0000234 0.0000226 0.0000893
3.1224496 0.0000000 0.0000006 0.0000026 0.0000071 0.0000132 0.0000187 0.0000221 0.0000213 0.0000856
3.1425300 0.0000000 0.0000005 0.0000026 0.0000069 0.0000128 0.0000185 0.0000215 0.0000215 0.0000842
3.1626103 0.0000000 0.0000005 0.0000024 0.0000065 0.0000122 0.0000171 0.0000199 0.0000191 0.0000777
3.1826906 0.0000000 0.0000005 0.0000023 0.0000064 0.0000122 0.0000176 0.0000216 0.0000225 0.0000832
3.2027709 0.0000000 0.0000004 0.0000022 0.0000062 0.0000118 0.0000175 0.0000205 0.0000208 0.0000794
3.2228513 0.0000000 0.0000004 0.0000018 0.0000051 0.0000101 0.0000151 0.0000183 0.0000187 0.0000694
3.2429316 0.0000000 0.0000003 0.0000016 0.0000047 0.0000089 0.0000137 0.0000172 0.0000180 0.0000645
3.2630119 0.0000000 0.0000003 0.0000016 0.0000047 0.0000094 0.0000143 0.0000171 0.0000173 0.0000649
3.2830923 0.0000000 0.0000003 0.0000016 0.0000046 0.0000091 0.0000136 0.0000169 0.0000176 0.0000636
3.3031726 0.0000000 0.0000003 0.0000015 0.0000043 0.0000086 0.0000131 0.0000161 0.0000165 0.0000604
3.3232529 0.0000000 0.0000003 0.0000014 0.0000041 0.0000083 0.0000130 0.0000161 0.0000171 0.0000604
3.3433332 0.0000000 0.0000002 0.0000011 0.0000033 0.0000069 0.0000114 0.0000146 0.0000160 0.0000537
3.3634136 0.0000000 0.0000002 0.0000011 0.0000033 0.0000066 0.0000105 0.0000137 0.0000158 0.0000512
3.3834939 0.0000000 0.0000002 0.0000011 0.0000032 0.0000064 0.0000102 0.0000132 0.0000138 0.0000481
3.4035742 0.0000000 0.0000002 0.0000010 0.0000029 0.0000059 0.0000092 0.0000117 0.0000127 0.0000436
3.4236546 0.0000000 0.0000001 0.0000008 0.0000025 0.0000052 0.0000085 0.0000114 0.0000128 0.0000415
3.4437349 0.0000000 0.0000002 0.0000011 0.0000033 0.0000069 0.0000114 0.0000148 0.0000168 0.0000545
3.4638152 0.0000000 0.0000001 0.0000008 0.0000024 0.0000053 0.0000089 0.0000119 0.0000133 0.0000427
3.4838955 0.0000000 0.0000001 0.0000007 0.0000021 0.0000046 0.0000075 0.0000099 0.0000111 0.0000360
3.5039759 0.0000000 0.0000001 0.0000007 0.0000020 0.0000045 0.0000079 0.0000109 0.0000129 0.0000390
3.5240562 0.0000000 0.0000001 0.0000006 0.0000018 0.0000038 0.0000065 0.0000090 0.0000106 0.0000323
3.5441363 0.0000000 0.0000001 0.0000006 0.0000020 0.0000044 0.0000074 0.0000102 0.0000117 0.0000363
3.5642166 0.0000000 0.0000001 0.0000006 0.0000020 0.0000044 0.0000074 0.0000101 0.0000115 0.0000362
3.5842969 0.0000000 0.0000001 0.0000004 0.0000013 0.0000029 0.0000049 0.0000066 0.0000074 0.0000236
3.6043773 0.0000000 0.0000001 0.0000005 0.0000016 0.0000037 0.0000065 0.0000090 0.0000104 0.0000318
3.6244576 0.0000000 0.0000001 0.0000004 0.0000013 0.0000029 0.0000049 0.0000066 0.0000076 0.0000236
3.6445379 0.0000000 0.0000001 0.0000004 0.0000012 0.0000029 0.0000051 0.0000072 0.0000084 0.0000253
3.6646183 0.0000000 0.0000001 0.0000003 0.0000010 0.0000024 0.0000042 0.0000058 0.0000070 0.0000208
3.6846986 0.0000000 0.0000000 0.0000003 0.0000010 0.0000021 0.0000037 0.0000053 0.0000062 0.0000186
3.7047789 0.0000000 0.0000000 0.0000003 0.0000010 0.0000022 0.0000039 0.0000059 0.0000071 0.0000204
3.7248592 0.0000000 0.0000000 0.0000003 0.0000009 0.0000020 0.0000036 0.0000051 0.0000062 0.0000181
3.7449396 0.0000000 0.0000000 0.0000003 0.0000009 0.0000022 0.0000039 0.0000059 0.0000074 0.0000206
3.7650199 0.0000000 0.0000000 0.0000003 0.0000009 0.0000020 0.0000036 0.0000054 0.0000067 0.0000189
3.7851002 0.0000000 0.0000000 0.0000003 0.0000011 0.0000025 0.0000045 0.0000066 0.0000082 0.0000231
3.8051805 0.0000000 0.0000000 0.0000002 0.0000005 0.0000012 0.0000022 0.0000033 0.0000041 0.0000115
3.8252609 0.0000000 0.0000000 0.0000002 0.0000006 0.0000016 0.0000029 0.0000044 0.0000055 0.0000153
3.8453412 0.0000000 0.0000000 0.0000002 0.0000005 0.0000013 0.0000025 0.0000038 0.0000046 0.0000129
3.8654215 0.0000000 0.0000000 0.0000002 0.0000006 0.0000014 0.0000026 0.0000039 0.0000050 0.0000137
3.8855019 0.0000000 0.0000000 0.0000001 0.0000005 0.0000012 0.0000023 0.0000036 0.0000047 0.0000126
3.9055822 0.0000000 0.0000000 0.0000002 0.0000006 0.0000016 0.0000030 0.0000047 0.0000061 0.0000162
3.9256625 0.0000000 0.0000000 0.0000001 0.0000005 0.0000012 0.0000023 0.0000035 0.0000044 0.0000119
3.9457428 0.0000000 0.0000000 0.0000002 0.0000006 0.0000016 0.0000030 0.0000049 0.0000066 0.0000169
3.9658232 0.0000000 0.0000000 0.0000001 0.0000005 0.0000011 0.0000021 0.0000031 0.0000042 0.0000111
3.9859035 0.0000000 0.0000000 0.0000001 0.0000005 0.0000013 0.0000024 0.0000037 0.0000046 0.0000126
4.0059838 0.0000000 0.0000000 0.0000001 0.0000003 0.0000008 0.0000015 0.0000024 0.0000032 0.0000083
4.0260644 0.0000000 0.0000000 0.0000001 0.0000003 0.0000008 0.0000016 0.0000025 0.0000033 0.0000086
4.0461445 0.0000000 0.0000000 0.0000001 0.0000004 0.0000010 0.0000020 0.0000032 0.0000043 0.0000110
4.0662251 0.0000000 0.0000000 0.0000001 0.0000003 0.0000007 0.0000013 0.0000020 0.0000027 0.0000071
4.0863051 0.0000000 0.0000000 0.0000001 0.0000003 0.0000007 0.0000014 0.0000023 0.0000030 0.0000078
4.1063857 0.0000000 0.0000000 0.0000000 0.0000002 0.0000005 0.0000010 0.0000016 0.0000021 0.0000053
4.1264658 0.0000000 0.0000000 0.0000001 0.0000003 0.0000007 0.0000013 0.0000020 0.0000028 0.0000071
4.1465464 0.0000000 0.0000000 0.0000001 0.0000002 0.0000006 0.0000013 0.0000021 0.0000030 0.0000073
4.1666265 0.0000000 0.0000000 0.0000000 0.0000002 0.0000004 0.0000009 0.0000015 0.0000020 0.0000050
4.1867070 0.0000000 0.0000000 0.0000001 0.0000002 0.0000005 0.0000011 0.0000018 0.0000026 0.0000062
4.2067871 0.0000000 0.0000000 0.0000001 0.0000003 0.0000007 0.0000015 0.0000025 0.0000034 0.0000084
4.2268677 0.0000000 0.0000000 0.0000000 0.0000001 0.0000004 0.0000008 0.0000014 0.0000019 0.0000047
4.2469478 0.0000000 0.0000000 0.0000001 0.0000002 0.0000006 0.0000013 0.0000022 0.0000032 0.0000077
4.2670283 0.0000000 0.0000000 0.0000000 0.0000002 0.0000005 0.0000010 0.0000017 0.0000024 0.0000059
4.2871084 0.0000000 0.0000000 0.0000001 0.0000003 0.0000008 0.0000015 0.0000025 0.0000035 0.0000086
4.3071890 0.0000000 0.0000000 0.0000001 0.0000002 0.0000007 0.0000014 0.0000024 0.0000035 0.0000084
4.3272691 0.0000000 0.0000000 0.0000000 0.0000002 0.0000005 0.0000010 0.0000016 0.0000022 0.0000055
4.3473496 0.0000000 0.0000000 0.0000000 0.0000002 0.0000005 0.0000011 0.0000019 0.0000027 0.0000065
4.3674297 0.0000000 0.0000000 0.0000000 0.0000001 0.0000002 0.0000004 0.0000006 0.0000010 0.0000022
4.3875103 0.0000000 0.0000000 0.0000000 0.0000001 0.0000002 0.0000005 0.0000009 0.0000013 0.0000031
4.4075904 0.0000000 0.0000000 0.0000000 0.0000001 0.0000004 0.0000009 0.0000015 0.0000023 0.0000052
4.4276710 0.0000000 0.0000000 0.0000000 0.0000002 0.0000005 0.0000011 0.0000018 0.0000027 0.0000064
4.4477510 0.0000000 0.0000000 0.0000000 0.0000002 0.0000004 0.0000009 0.0000017 0.0000025 0.0000058
4.4678316 0.0000000 0.0000000 0.0000000 0.0000002 0.0000005 0.0000010 0.0000018 0.0000027 0.0000063
4.4879117 0.0000000 0.0000000 0.0000000 0.0000001 0.0000002 0.0000005 0.0000008 0.0000013 0.0000029
4.5079918 0.0000000 0.0000000 0.0000000 0.0000001 0.0000003 0.0000006 0.0000011 0.0000015 0.0000035
4.5280724 0.0000000 0.0000000 0.0000000 0.0000001 0.0000002 0.0000004 0.0000008 0.0000011 0.0000026
4.5481524 0.0000000 0.0000000 0.0000000 0.0000001 0.0000003 0.0000006 0.0000010 0.0000015 0.0000035
4.5682330 0.0000000 0.0000000 0.0000000 0.0000001 0.0000002 0.0000005 0.0000010 0.0000015 0.0000034
4.5883131 0.0000000 0.0000000 0.0000000 0.0000000 0.0000001 0.0000002 0.0000004 0.0000007 0.0000015
4.6083937 0.0000000 0.0000000 0.0000000 0.0000000 0.0000001 0.0000002 0.0000003 0.0000005 0.0000011
4.6284738 0.0000000 0.0000000 0.0000000 0.0000000 0.0000001 0.0000002 0.0000004 0.0000006 0.0000012
4.6485543 0.0000000 0.0000000 0.0000001 0.0000005 0.0000014 0.0000032 0.0000056 0.0000087 0.0000196
4.6686344 0.0000000 0.0000000 0.0000000 0.0000000 0.0000001 0.0000003 0.0000005 0.0000008 0.0000018
4.6887150 0.0000000 0.0000000 0.0000000 0.0000000 0.0000001 0.0000001 0.0000002 0.0000004 0.0000008
4.7087951 0.0000000 0.0000000 0.0000000 0.0000001 0.0000003 0.0000006 0.0000011 0.0000018 0.0000039
4.7288756 0.0000000 0.0000000 0.0000000 0.0000000 0.0000000 0.0000001 0.0000002 0.0000003 0.0000007
4.7489557 0.0000000 0.0000000 0.0000000 0.0000001 0.0000002 0.0000004 0.0000007 0.0000011 0.0000024
4.7690363 0.0000000 0.0000000 0.0000000 0.0000000 0.0000001 0.0000001 0.0000002 0.0000004 0.0000009
4.7891164 0.0000000 0.0000000 0.0000000 0.0000000 0.0000000 0.0000001 0.0000001 0.0000002 0.0000005
4.8091969 0.0000000 0.0000000 0.0000000 0.0000000 0.0000001 0.0000002 0.0000003 0.0000005 0.0000011
4.8292770 0.0000000 0.0000000 0.0000000 0.0000000 0.0000000 0.0000001 0.0000002 0.0000003 0.0000006
4.8493576 0.0000000 0.0000000 0.0000001 0.0000003 0.0000010 0.0000024 0.0000046 0.0000074 0.0000159
4.8694377 0.0000000 0.0000000 0.0000000 0.0000000 0.0000001 0.0000001 0.0000003 0.0000005 0.0000010
4.8895183 0.0000000 0.0000000 0.0000000 0.0000000 0.0000000 0.0000001 0.0000001 0.0000002 0.0000005
4.9095984 0.0000000 0.0000000 0.0000000 0.0000000 0.0000000 0.0000001 0.0000002 0.0000003 0.0000007
4.9296789 0.0000000 0.0000000 0.0000000 0.0000001 0.0000002 0.0000005 0.0000010 0.0000017 0.0000034
4.9497590 0.0000000 0.0000000 0.0000000 0.0000000 0.0000001 0.0000002 0.0000004 0.0000007 0.0000015
4.9698396 0.0000000 0.0000000 0.0000000 0.0000000 0.0000000 0.0000001 0.0000001 0.0000002 0.0000005
4.9899197 0.0000000 0.0000000 0.0000000 0.0000000 0.0000000 0.0000001 0.0000002 0.0000003 0.0000007
5.0100002 0.0000000 0.0000000 0.0000000 0.0000000 0.0000001 0.0000002 0.0000004 0.0000007 0.0000014
