-------- p=2.174 a=1.000 mu=-2.200 N=20000000 time=2017-02-23 08:00:39 --------
0.0100000 0.9553959 0.0007312 0.0000000 0.0000000 0.0000000 0.0000000 0.0000000 0.0000000 0.9561271
0.0300803 0.8717479 0.0034421 0.0000031 0.0000000 0.0000000 0.0000000 0.0000000 0.0000000 0.8751932
0.0501606 0.7954236 0.0066878 0.0000420 0.0000000 0.0000000 0.0000000 0.0000000 0.0000000 0.8021534
0.0702410 0.7257818 0.0100315 0.0001218 0.0000056 0.0000000 0.0000000 0.0000000 0.0000000 0.7359406
0.0903213 0.6622373 0.0133442 0.0001738 0.0000015 0.0000000 0.0000000 0.0000000 0.0000000 0.6757568
0.1104016 0.6042563 0.0165946 0.0002485 0.0000001 0.0000000 0.0000000 0.0000000 0.0000000 0.6210994
0.1304819 0.5513517 0.0193981 0.0002844 0.0000000 0.0000000 0.0000000 0.0000000 0.0000000 0.5710342
0.1505622 0.5030791 0.0220359 0.0004588 0.0000080 0.0000001 0.0000000 0.0000000 0.0000000 0.5255819
0.1706426 0.4590329 0.0240013 0.0007428 0.0000215 0.0000000 0.0000000 0.0000000 0.0000000 0.4837984
0.1907229 0.4188431 0.0262516 0.0010444 0.0000176 0.0000000 0.0000000 0.0000000 0.0000000 0.4461567
0.2108032 0.3821721 0.0275426 0.0010522 0.0000095 0.0000000 0.0000000 0.0000000 0.0000000 0.4107764
0.2308835 0.3487117 0.0288734 0.0011407 0.0000303 0.0000000 0.0000000 0.0000000 0.0000000 0.3787561
0.2509638 0.3181809 0.0297521 0.0015170 0.0000543 0.0000015 0.0000000 0.0000000 0.0000000 0.3495058
0.2710442 0.2903231 0.0305580 0.0014882 0.0000490 0.0000000 0.0000000 0.0000000 0.0000000 0.3224183
0.2911245 0.2649045 0.0309825 0.0018089 0.0000434 0.0000000 0.0000000 0.0000000 0.0000000 0.2977392
0.3112048 0.2417112 0.0311586 0.0019695 0.0000978 0.0000037 0.0000000 0.0000000 0.0000000 0.2749409
0.3312851 0.2205486 0.0312805 0.0021725 0.0001033 0.0000001 0.0000000 0.0000000 0.0000000 0.2541050
0.3513654 0.2012389 0.0309358 0.0024946 0.0001126 0.0000122 0.0000000 0.0000000 0.0000000 0.2347940
0.3714458 0.1836198 0.0307970 0.0027088 0.0001526 0.0000019 0.0000000 0.0000000 0.0000000 0.2172800
0.3915261 0.1675433 0.0303026 0.0028142 0.0001667 0.0000024 0.0000000 0.0000000 0.0000000 0.2008291
0.4116064 0.1528743 0.0297267 0.0029007 0.0001956 0.0000089 0.0000000 0.0000000 0.0000000 0.1857062
0.4316867 0.1394897 0.0290730 0.0030104 0.0002103 0.0000099 0.0000000 0.0000000 0.0000000 0.1717933
0.4517670 0.1272769 0.0285412 0.0032276 0.0002134 0.0000319 0.0000108 0.0000000 0.0000000 0.1593019
0.4718474 0.1161334 0.0275862 0.0033288 0.0003190 0.0000184 0.0000029 0.0000001 0.0000000 0.1473888
0.4919277 0.1059656 0.0267562 0.0033914 0.0002803 0.0000222 0.0000011 0.0000000 0.0000000 0.1364168
0.5120080 0.0966880 0.0258310 0.0034542 0.0003352 0.0000250 0.0000008 0.0000000 0.0000000 0.1263341
0.5320883 0.0882226 0.0249274 0.0035547 0.0002882 0.0000240 0.0000007 0.0000000 0.0000000 0.1170177
0.5521687 0.0804984 0.0239941 0.0037807 0.0003676 0.0000343 0.0000014 0.0000000 0.0000000 0.1086766
0.5722489 0.0734506 0.0230682 0.0037581 0.0004283 0.0000268 0.0000002 0.0000000 0.0000000 0.1007322
0.5923293 0.0670197 0.0220845 0.0039360 0.0004035 0.0000392 0.0000043 0.0000000 0.0000000 0.0934872
0.6124096 0.0611519 0.0210943 0.0036966 0.0004189 0.0000518 0.0000017 0.0000000 0.0000000 0.0864152
0.6324899 0.0557979 0.0202558 0.0038084 0.0004750 0.0000441 0.0000002 0.0000000 0.0000000 0.0803814
0.6525702 0.0509126 0.0192516 0.0038144 0.0005005 0.0000653 0.0000091 0.0000002 0.0000000 0.0745537
0.6726506 0.0464550 0.0182921 0.0036687 0.0004815 0.0000453 0.0000003 0.0000000 0.0000000 0.0689429
0.6927309 0.0423878 0.0174721 0.0037970 0.0005682 0.0000560 0.0000030 0.0000000 0.0000000 0.0642840
0.7128112 0.0386766 0.0165625 0.0036054 0.0005681 0.0000362 0.0000015 0.0000000 0.0000000 0.0594503
0.7328916 0.0352903 0.0157185 0.0036500 0.0005571 0.0000700 0.0000063 0.0000000 0.0000000 0.0552923
0.7529718 0.0322005 0.0149443 0.0035269 0.0005844 0.0000694 0.0000133 0.0000005 0.0000000 0.0513393
0.7730522 0.0293813 0.0142022 0.0034609 0.0005747 0.0000762 0.0000135 0.0000003 0.0000000 0.0477090
0.7931325 0.0268089 0.0133829 0.0034841 0.0006172 0.0000779 0.0000119 0.0000000 0.0000000 0.0443830
0.8132128 0.0244617 0.0127148 0.0033152 0.0005831 0.0000878 0.0000060 0.0000000 0.0000000 0.0411686
0.8332931 0.0223200 0.0119265 0.0032521 0.0005729 0.0000898 0.0000103 0.0000001 0.0000000 0.0381715
0.8533735 0.0203658 0.0113167 0.0032229 0.0006395 0.0000948 0.0000103 0.0000001 0.0000000 0.0356501
0.8734538 0.0185827 0.0106578 0.0031209 0.0006298 0.0000921 0.0000094 0.0000000 0.0000000 0.0330927
0.8935341 0.0169557 0.0100622 0.0030393 0.0006343 0.0001074 0.0000124 0.0000003 0.0000000 0.0308116
0.9136144 0.0154712 0.0094786 0.0030456 0.0006763 0.0001165 0.0000174 0.0000005 0.0000000 0.0288060
0.9336947 0.0141166 0.0088991 0.0029155 0.0006289 0.0001042 0.0000160 0.0000023 0.0000002 0.0266829
0.9537750 0.0128807 0.0084022 0.0028101 0.0006369 0.0001105 0.0000160 0.0000048 0.0000000 0.0248613
0.9738554 0.0117529 0.0078902 0.0026925 0.0006438 0.0001096 0.0000208 0.0000023 0.0000001 0.0231123
0.9939357 0.0107239 0.0074149 0.0026065 0.0006176 0.0001041 0.0000201 0.0000057 0.0000010 0.0214939
1.0140160 0.0097850 0.0069501 0.0025368 0.0006404 0.0001244 0.0000251 0.0000018 0.0000000 0.0200635
1.0340964 0.0089283 0.0065636 0.0024357 0.0006257 0.0001267 0.0000204 0.0000033 0.0000007 0.0187045
1.0541767 0.0081466 0.0061381 0.0023310 0.0006055 0.0001258 0.0000243 0.0000027 0.0000001 0.0173742
1.0742570 0.0074333 0.0057668 0.0022443 0.0006125 0.0001300 0.0000221 0.0000020 0.0000000 0.0162111
1.0943373 0.0067825 0.0053947 0.0021469 0.0006137 0.0001261 0.0000220 0.0000025 0.0000005 0.0150889
1.1144177 0.0061887 0.0050766 0.0021091 0.0006110 0.0001397 0.0000217 0.0000035 0.0000001 0.0141504
1.1344979 0.0056469 0.0047319 0.0019933 0.0005981 0.0001410 0.0000221 0.0000020 0.0000000 0.0131353
1.1545782 0.0051525 0.0044299 0.0019080 0.0005537 0.0001314 0.0000234 0.0000043 0.0000003 0.0122034
1.1746585 0.0047013 0.0041544 0.0018261 0.0005747 0.0001330 0.0000257 0.0000066 0.0000004 0.0114222
1.1947389 0.0042897 0.0038787 0.0017960 0.0005528 0.0001384 0.0000284 0.0000036 0.0000008 0.0106885
1.2148192 0.0039141 0.0036312 0.0016873 0.0005479 0.0001283 0.0000226 0.0000039 0.0000002 0.0099354
1.2348995 0.0035715 0.0033978 0.0016238 0.0005299 0.0001245 0.0000223 0.0000047 0.0000001 0.0092746
1.2549798 0.0032588 0.0031747 0.0015454 0.0005092 0.0001349 0.0000256 0.0000058 0.0000009 0.0086552
1.2750602 0.0029734 0.0029639 0.0014926 0.0005142 0.0001316 0.0000283 0.0000060 0.0000008 0.0081109
1.2951405 0.0027131 0.0027709 0.0014362 0.0004909 0.0001250 0.0000278 0.0000065 0.0000019 0.0075723
1.3152208 0.0024756 0.0025858 0.0013411 0.0004666 0.0001305 0.0000251 0.0000049 0.0000006 0.0070301
1.3353012 0.0022588 0.0024112 0.0012679 0.0004782 0.0001346 0.0000303 0.0000057 0.0000018 0.0065885
1.3553815 0.0020611 0.0022542 0.0012262 0.0004570 0.0001226 0.0000255 0.0000044 0.0000006 0.0061516
1.3754618 0.0018806 0.0021027 0.0011702 0.0004542 0.0001362 0.0000270 0.0000080 0.0000014 0.0057804
1.3955421 0.0017160 0.0019602 0.0010949 0.0004304 0.0001327 0.0000292 0.0000046 0.0000006 0.0053685
1.4156225 0.0015657 0.0018303 0.0010488 0.0004234 0.0001316 0.0000267 0.0000051 0.0000023 0.0050339
1.4357028 0.0014286 0.0017080 0.0009974 0.0004000 0.0001246 0.0000376 0.0000057 0.0000003 0.0047024
1.4557831 0.0013035 0.0015896 0.0009481 0.0003928 0.0001206 0.0000322 0.0000093 0.0000009 0.0043970
1.4758633 0.0011894 0.0014774 0.0009033 0.0003802 0.0001219 0.0000325 0.0000066 0.0000009 0.0041124
1.4959437 0.0010853 0.0013798 0.0008598 0.0003665 0.0001211 0.0000318 0.0000075 0.0000011 0.0038529
1.5160240 0.0009903 0.0012871 0.0008138 0.0003499 0.0001138 0.0000323 0.0000072 0.0000015 0.0035958
1.5361043 0.0009036 0.0011931 0.0007782 0.0003439 0.0001157 0.0000336 0.0000085 0.0000019 0.0033785
1.5561846 0.0008245 0.0011114 0.0007243 0.0003281 0.0001049 0.0000274 0.0000069 0.0000020 0.0031295
1.5762650 0.0007523 0.0010358 0.0006937 0.0003133 0.0001076 0.0000305 0.0000071 0.0000013 0.0029415
1.5963453 0.0006864 0.0009613 0.0006539 0.0003060 0.0001135 0.0000354 0.0000073 0.0000014 0.0027651
1.6164256 0.0006263 0.0008924 0.0006134 0.0002911 0.0001088 0.0000332 0.0000091 0.0000019 0.0025763
1.6365060 0.0005715 0.0008337 0.0005889 0.0002867 0.0001064 0.0000334 0.0000088 0.0000018 0.0024311
1.6565863 0.0005214 0.0007761 0.0005540 0.0002724 0.0001033 0.0000317 0.0000070 0.0000011 0.0022670
1.6766666 0.0004758 0.0007183 0.0005209 0.0002652 0.0000996 0.0000303 0.0000068 0.0000019 0.0021188
1.6967469 0.0004341 0.0006700 0.0005012 0.0002564 0.0000975 0.0000313 0.0000082 0.0000019 0.0020007
1.7168273 0.0003961 0.0006209 0.0004651 0.0002449 0.0000967 0.0000315 0.0000090 0.0000019 0.0018661
1.7369076 0.0003614 0.0005749 0.0004394 0.0002295 0.0000938 0.0000295 0.0000084 0.0000020 0.0017390
1.7569879 0.0003298 0.0005359 0.0004145 0.0002236 0.0000896 0.0000278 0.0000079 0.0000018 0.0016308
1.7770681 0.0003009 0.0004973 0.0003877 0.0002118 0.0000886 0.0000302 0.0000083 0.0000025 0.0015274
1.7971485 0.0002746 0.0004640 0.0003717 0.0002050 0.0000864 0.0000290 0.0000069 0.0000015 0.0014391
1.8172288 0.0002505 0.0004303 0.0003493 0.0001924 0.0000827 0.0000283 0.0000082 0.0000018 0.0013437
1.8373091 0.0002286 0.0004005 0.0003304 0.0001891 0.0000806 0.0000279 0.0000078 0.0000017 0.0012666
1.8573895 0.0002086 0.0003710 0.0003141 0.0001794 0.0000752 0.0000265 0.0000078 0.0000023 0.0011848
1.8774698 0.0001903 0.0003443 0.0002930 0.0001693 0.0000739 0.0000288 0.0000085 0.0000015 0.0011096
1.8975501 0.0001737 0.0003184 0.0002741 0.0001628 0.0000729 0.0000246 0.0000067 0.0000015 0.0010347
1.9176304 0.0001585 0.0002968 0.0002624 0.0001534 0.0000712 0.0000266 0.0000079 0.0000017 0.0009784
1.9377108 0.0001446 0.0002745 0.0002455 0.0001496 0.0000697 0.0000257 0.0000078 0.0000016 0.0009190
1.9577911 0.0001319 0.0002546 0.0002314 0.0001436 0.0000661 0.0000241 0.0000066 0.0000019 0.0008603
1.9778714 0.0001204 0.0002355 0.0002179 0.0001360 0.0000660 0.0000254 0.0000086 0.0000019 0.0008118
1.9979517 0.0001098 0.0002192 0.0002065 0.0001289 0.0000604 0.0000231 0.0000068 0.0000023 0.0007570
2.0180321 0.0001002 0.0002019 0.0001893 0.0001221 0.0000604 0.0000235 0.0000078 0.0000023 0.0007076
2.0381124 0.0000914 0.0001890 0.0001822 0.0001195 0.0000598 0.0000231 0.0000078 0.0000028 0.0006755
2.0581927 0.0000834 0.0001752 0.0001701 0.0001140 0.0000566 0.0000224 0.0000072 0.0000020 0.0006308
2.0782731 0.0000761 0.0001620 0.0001590 0.0001090 0.0000544 0.0000220 0.0000067 0.0000018 0.0005910
2.0983534 0.0000695 0.0001488 0.0001483 0.0001030 0.0000541 0.0000228 0.0000074 0.0000020 0.0005558
2.1184337 0.0000634 0.0001390 0.0001413 0.0000989 0.0000514 0.0000216 0.0000071 0.0000022 0.0005248
2.1385140 0.0000578 0.0001284 0.0001303 0.0000916 0.0000476 0.0000200 0.0000072 0.0000019 0.0004848
2.1585944 0.0000528 0.0001195 0.0001263 0.0000875 0.0000466 0.0000198 0.0000063 0.0000017 0.0004603
2.1786747 0.0000482 0.0001099 0.0001157 0.0000838 0.0000446 0.0000185 0.0000066 0.0000021 0.0004293
2.1987550 0.0000439 0.0001025 0.0001090 0.0000784 0.0000422 0.0000180 0.0000062 0.0000017 0.0004020
2.2188354 0.0000401 0.0000947 0.0001015 0.0000758 0.0000418 0.0000185 0.0000066 0.0000023 0.0003812
2.2389157 0.0000366 0.0000877 0.0000960 0.0000711 0.0000394 0.0000166 0.0000062 0.0000023 0.0003559
2.2589958 0.0000334 0.0000813 0.0000903 0.0000684 0.0000386 0.0000176 0.0000069 0.0000022 0.0003388
2.2790761 0.0000305 0.0000752 0.0000849 0.0000643 0.0000358 0.0000158 0.0000061 0.0000016 0.0003141
2.2991564 0.0000278 0.0000701 0.0000793 0.0000608 0.0000350 0.0000167 0.0000063 0.0000022 0.0002982
2.3192368 0.0000254 0.0000646 0.0000744 0.0000577 0.0000339 0.0000157 0.0000061 0.0000021 0.0002798
2.3393171 0.0000231 0.0000595 0.0000701 0.0000555 0.0000328 0.0000154 0.0000058 0.0000016 0.0002638
2.3593974 0.0000211 0.0000553 0.0000653 0.0000526 0.0000319 0.0000147 0.0000057 0.0000019 0.0002484
2.3794777 0.0000193 0.0000513 0.0000616 0.0000500 0.0000303 0.0000141 0.0000059 0.0000019 0.0002344
2.3995581 0.0000176 0.0000473 0.0000570 0.0000469 0.0000287 0.0000137 0.0000051 0.0000015 0.0002178
2.4196384 0.0000160 0.0000438 0.0000537 0.0000439 0.0000267 0.0000133 0.0000055 0.0000020 0.0002049
2.4397187 0.0000146 0.0000406 0.0000507 0.0000425 0.0000264 0.0000130 0.0000051 0.0000018 0.0001948
2.4597991 0.0000134 0.0000377 0.0000469 0.0000396 0.0000246 0.0000124 0.0000050 0.0000017 0.0001812
2.4798794 0.0000122 0.0000347 0.0000442 0.0000375 0.0000241 0.0000127 0.0000053 0.0000020 0.0001727
2.4999597 0.0000111 0.0000322 0.0000410 0.0000350 0.0000222 0.0000114 0.0000050 0.0000016 0.0001595
2.5200400 0.0000101 0.0000298 0.0000389 0.0000340 0.0000220 0.0000110 0.0000044 0.0000016 0.0001519
2.5401204 0.0000093 0.0000274 0.0000365 0.0000325 0.0000215 0.0000113 0.0000048 0.0000017 0.0001451
2.5602007 0.0000084 0.0000257 0.0000342 0.0000305 0.0000201 0.0000102 0.0000045 0.0000015 0.0001352
2.5802810 0.0000077 0.0000236 0.0000320 0.0000291 0.0000194 0.0000107 0.0000049 0.0000016 0.0001289
2.6003613 0.0000070 0.0000217 0.0000295 0.0000270 0.0000183 0.0000097 0.0000042 0.0000016 0.0001189
2.6204417 0.0000064 0.0000200 0.0000279 0.0000258 0.0000177 0.0000095 0.0000045 0.0000018 0.0001137
2.6405220 0.0000059 0.0000185 0.0000262 0.0000243 0.0000168 0.0000093 0.0000044 0.0000016 0.0001070
2.6606023 0.0000053 0.0000172 0.0000243 0.0000225 0.0000156 0.0000089 0.0000040 0.0000018 0.0000996
2.6806827 0.0000049 0.0000160 0.0000227 0.0000218 0.0000156 0.0000086 0.0000039 0.0000014 0.0000948
2.7007630 0.0000044 0.0000147 0.0000211 0.0000199 0.0000143 0.0000080 0.0000036 0.0000015 0.0000875
2.7208433 0.0000041 0.0000135 0.0000200 0.0000194 0.0000141 0.0000079 0.0000036 0.0000015 0.0000842
2.7409236 0.0000037 0.0000126 0.0000188 0.0000184 0.0000133 0.0000075 0.0000035 0.0000014 0.0000792
2.7610040 0.0000034 0.0000116 0.0000173 0.0000170 0.0000120 0.0000070 0.0000032 0.0000015 0.0000730
2.7810843 0.0000031 0.0000107 0.0000162 0.0000162 0.0000121 0.0000073 0.0000037 0.0000015 0.0000707
2.8011646 0.0000028 0.0000099 0.0000152 0.0000153 0.0000111 0.0000066 0.0000032 0.0000014 0.0000655
2.8212450 0.0000026 0.0000092 0.0000142 0.0000143 0.0000107 0.0000065 0.0000032 0.0000012 0.0000618
2.8413253 0.0000023 0.0000085 0.0000133 0.0000137 0.0000105 0.0000063 0.0000032 0.0000015 0.0000595
2.8614056 0.0000021 0.0000079 0.0000122 0.0000127 0.0000096 0.0000057 0.0000028 0.0000012 0.0000542
2.8814859 0.0000019 0.0000072 0.0000116 0.0000121 0.0000094 0.0000058 0.0000030 0.0000013 0.0000522
2.9015663 0.0000018 0.0000067 0.0000107 0.0000111 0.0000087 0.0000054 0.0000028 0.0000011 0.0000483
2.9216464 0.0000016 0.0000062 0.0000100 0.0000107 0.0000085 0.0000053 0.0000027 0.0000013 0.0000463
2.9417267 0.0000015 0.0000057 0.0000094 0.0000100 0.0000078 0.0000049 0.0000025 0.0000011 0.0000429
2.9618070 0.0000014 0.0000053 0.0000088 0.0000097 0.0000080 0.0000051 0.0000027 0.0000013 0.0000423
2.9818873 0.0000012 0.0000049 0.0000083 0.0000090 0.0000074 0.0000047 0.0000026 0.0000012 0.0000393
3.0019677 0.0000011 0.0000045 0.0000076 0.0000085 0.0000069 0.0000043 0.0000021 0.0000010 0.0000360
3.0220480 0.0000010 0.0000042 0.0000071 0.0000080 0.0000065 0.0000042 0.0000021 0.0000010 0.0000341
3.0421283 0.0000009 0.0000038 0.0000066 0.0000075 0.0000062 0.0000042 0.0000023 0.0000011 0.0000327
3.0622087 0.0000009 0.0000036 0.0000063 0.0000072 0.0000058 0.0000036 0.0000020 0.0000010 0.0000303
