-------- p=2.826 a=2.000 mu=-2.200 N=20000000 time=2017-02-23 07:05:08 --------
0.0100000 0.9399451 0.0013987 0.0000000 0.0000000 0.0000000 0.0000000 0.0000000 0.0000000 0.9413438
0.0300803 0.8300254 0.0064677 0.0000242 0.0000000 0.0000000 0.0000000 0.0000000 0.0000000 0.8365173
0.0501606 0.7329600 0.0125395 0.0001036 0.0000000 0.0000000 0.0000000 0.0000000 0.0000000 0.7456032
0.0702410 0.6472458 0.0181847 0.0003219 0.0000004 0.0000000 0.0000000 0.0000000 0.0000000 0.6657528
0.0903213 0.5715551 0.0235313 0.0005296 0.0000001 0.0000000 0.0000000 0.0000000 0.0000000 0.5956160
0.1104016 0.5047160 0.0281383 0.0007494 0.0000323 0.0000001 0.0000000 0.0000000 0.0000000 0.5336360
0.1304819 0.4456931 0.0318703 0.0011544 0.0000074 0.0000000 0.0000000 0.0000000 0.0000000 0.4787252
0.1505622 0.3935726 0.0349009 0.0015205 0.0000303 0.0000000 0.0000000 0.0000000 0.0000000 0.4300244
0.1706426 0.3475472 0.0374941 0.0020455 0.0001135 0.0000050 0.0000000 0.0000000 0.0000000 0.3872052
0.1907229 0.3069041 0.0390686 0.0024854 0.0000852 0.0000045 0.0000000 0.0000000 0.0000000 0.3485478
0.2108032 0.2710139 0.0403644 0.0029235 0.0001566 0.0000100 0.0000025 0.0000000 0.0000000 0.3144707
0.2308835 0.2393208 0.0406266 0.0034957 0.0002225 0.0000035 0.0000013 0.0000000 0.0000000 0.2836704
0.2509638 0.2113340 0.0406705 0.0040965 0.0002704 0.0000097 0.0000000 0.0000000 0.0000000 0.2563811
0.2710442 0.1866201 0.0400857 0.0044340 0.0003279 0.0000148 0.0000000 0.0000000 0.0000000 0.2314825
0.2911245 0.1647962 0.0394894 0.0047505 0.0003850 0.0000189 0.0000001 0.0000000 0.0000000 0.2094401
0.3112048 0.1455245 0.0384186 0.0050984 0.0004458 0.0000308 0.0000001 0.0000000 0.0000000 0.1895183
0.3312851 0.1285065 0.0371860 0.0055718 0.0005990 0.0000460 0.0000057 0.0000000 0.0000000 0.1719149
0.3513654 0.1134786 0.0358598 0.0056795 0.0006230 0.0000464 0.0000026 0.0000001 0.0000000 0.1556900
0.3714458 0.1002081 0.0343947 0.0059002 0.0007192 0.0000552 0.0000030 0.0000000 0.0000000 0.1412804
0.3915261 0.0884895 0.0328183 0.0063955 0.0009988 0.0000848 0.0000130 0.0000000 0.0000000 0.1287999
0.4116064 0.0781413 0.0312237 0.0064867 0.0009276 0.0000992 0.0000059 0.0000000 0.0000000 0.1168845
0.4316867 0.0690033 0.0295832 0.0064764 0.0009820 0.0001156 0.0000076 0.0000000 0.0000000 0.1061681
0.4517670 0.0609338 0.0279521 0.0066097 0.0010071 0.0001211 0.0000063 0.0000024 0.0000001 0.0966326
0.4718474 0.0538081 0.0262815 0.0065572 0.0011438 0.0001449 0.0000106 0.0000000 0.0000000 0.0879461
0.4919277 0.0475156 0.0246803 0.0066099 0.0012120 0.0001713 0.0000092 0.0000000 0.0000000 0.0801983
0.5120080 0.0419590 0.0231401 0.0065420 0.0012858 0.0001810 0.0000296 0.0000054 0.0000000 0.0731429
0.5320883 0.0370522 0.0216239 0.0064422 0.0013767 0.0002153 0.0000239 0.0000043 0.0000011 0.0667396
0.5521687 0.0327192 0.0202770 0.0064467 0.0013743 0.0002575 0.0000464 0.0000035 0.0000000 0.0611247
0.5722489 0.0288930 0.0189018 0.0062987 0.0014573 0.0002416 0.0000293 0.0000005 0.0000000 0.0558222
0.5923293 0.0255141 0.0175643 0.0061409 0.0015129 0.0002862 0.0000443 0.0000050 0.0000003 0.0510681
0.6124096 0.0225304 0.0163333 0.0059692 0.0015321 0.0002795 0.0000528 0.0000043 0.0000000 0.0467016
0.6324899 0.0198957 0.0151912 0.0058517 0.0015885 0.0003113 0.0000566 0.0000086 0.0000002 0.0429038
0.6525702 0.0175690 0.0141075 0.0057316 0.0015508 0.0003449 0.0000475 0.0000121 0.0000077 0.0393711
0.6726506 0.0155145 0.0130088 0.0054415 0.0016293 0.0003646 0.0000706 0.0000154 0.0000005 0.0360451
0.6927309 0.0137002 0.0120516 0.0053285 0.0016648 0.0004101 0.0000950 0.0000185 0.0000020 0.0332706
0.7128112 0.0120980 0.0111695 0.0051188 0.0016086 0.0004041 0.0000747 0.0000149 0.0000040 0.0304927
0.7328916 0.0106832 0.0102746 0.0048783 0.0016361 0.0004066 0.0000844 0.0000138 0.0000015 0.0279787
0.7529718 0.0094339 0.0094972 0.0047125 0.0016374 0.0004154 0.0000857 0.0000185 0.0000047 0.0258052
0.7730522 0.0083307 0.0087262 0.0045307 0.0016525 0.0004274 0.0000945 0.0000108 0.0000020 0.0237747
0.7931325 0.0073565 0.0080588 0.0043725 0.0016127 0.0004555 0.0001003 0.0000169 0.0000027 0.0219759
0.8132128 0.0064962 0.0074362 0.0042008 0.0016510 0.0004794 0.0001212 0.0000178 0.0000008 0.0204034
0.8332931 0.0057365 0.0068290 0.0040314 0.0016049 0.0004845 0.0001287 0.0000213 0.0000035 0.0188399
0.8533735 0.0050657 0.0062424 0.0038039 0.0015458 0.0004793 0.0001239 0.0000231 0.0000022 0.0172863
0.8734538 0.0044733 0.0057390 0.0036032 0.0015380 0.0004688 0.0001333 0.0000365 0.0000043 0.0159963
0.8935341 0.0039502 0.0052867 0.0034096 0.0015104 0.0005023 0.0001408 0.0000248 0.0000029 0.0148277
0.9136144 0.0034882 0.0048492 0.0032384 0.0014772 0.0005175 0.0001492 0.0000330 0.0000059 0.0137587
0.9336947 0.0030803 0.0044298 0.0030786 0.0014666 0.0005308 0.0001398 0.0000331 0.0000049 0.0127639
0.9537750 0.0027201 0.0040512 0.0029036 0.0014139 0.0005234 0.0001557 0.0000424 0.0000080 0.0118184
0.9738554 0.0024020 0.0037105 0.0027292 0.0013802 0.0005231 0.0001588 0.0000357 0.0000038 0.0109432
0.9939357 0.0021211 0.0033963 0.0026162 0.0013841 0.0005592 0.0001809 0.0000501 0.0000116 0.0103196
1.0140160 0.0018730 0.0031206 0.0024490 0.0012886 0.0005280 0.0001632 0.0000435 0.0000131 0.0094791
1.0340964 0.0016540 0.0028555 0.0023162 0.0013034 0.0005664 0.0001842 0.0000485 0.0000153 0.0089434
1.0541767 0.0014606 0.0025808 0.0021604 0.0012240 0.0005228 0.0001686 0.0000454 0.0000135 0.0081761
1.0742570 0.0012898 0.0023814 0.0020254 0.0011965 0.0005346 0.0001867 0.0000538 0.0000120 0.0076802
1.0943373 0.0011389 0.0021619 0.0019137 0.0011508 0.0005416 0.0001956 0.0000627 0.0000154 0.0071807
1.1144177 0.0010058 0.0019815 0.0018096 0.0011099 0.0005152 0.0001973 0.0000647 0.0000209 0.0067048
1.1344979 0.0008881 0.0018050 0.0016992 0.0010820 0.0005100 0.0001947 0.0000618 0.0000143 0.0062551
1.1545782 0.0007843 0.0016526 0.0015900 0.0010376 0.0005097 0.0002071 0.0000667 0.0000179 0.0058659
1.1746585 0.0006926 0.0015020 0.0014721 0.0009891 0.0004830 0.0001780 0.0000728 0.0000208 0.0054104
1.1947389 0.0006116 0.0013724 0.0013999 0.0009502 0.0004791 0.0001968 0.0000598 0.0000143 0.0050840
1.2148192 0.0005401 0.0012518 0.0013053 0.0009094 0.0004800 0.0001981 0.0000735 0.0000226 0.0047808
1.2348995 0.0004769 0.0011371 0.0012080 0.0008784 0.0004718 0.0002016 0.0000684 0.0000211 0.0044633
1.2549798 0.0004211 0.0010317 0.0011303 0.0008324 0.0004587 0.0002163 0.0000715 0.0000174 0.0041793
1.2750602 0.0003719 0.0009438 0.0010673 0.0008020 0.0004555 0.0002079 0.0000754 0.0000183 0.0039420
1.2951405 0.0003284 0.0008617 0.0009954 0.0007629 0.0004306 0.0002005 0.0000766 0.0000271 0.0036830
1.3152208 0.0002900 0.0007853 0.0009115 0.0007238 0.0004363 0.0002137 0.0000905 0.0000335 0.0034845
1.3353012 0.0002561 0.0007122 0.0008635 0.0007036 0.0004276 0.0002136 0.0000838 0.0000223 0.0032828
1.3553815 0.0002261 0.0006507 0.0008094 0.0006742 0.0004179 0.0002046 0.0000896 0.0000307 0.0031032
1.3754618 0.0001997 0.0005915 0.0007609 0.0006377 0.0003948 0.0002019 0.0000892 0.0000309 0.0029065
1.3955421 0.0001763 0.0005371 0.0007038 0.0006136 0.0003926 0.0002058 0.0000872 0.0000323 0.0027488
1.4156225 0.0001557 0.0004871 0.0006522 0.0005679 0.0003687 0.0001895 0.0000790 0.0000265 0.0025268
1.4357028 0.0001375 0.0004460 0.0006144 0.0005503 0.0003619 0.0001907 0.0000855 0.0000336 0.0024200
1.4557831 0.0001214 0.0004073 0.0005707 0.0005253 0.0003645 0.0001958 0.0000909 0.0000329 0.0023088
1.4758633 0.0001072 0.0003662 0.0005265 0.0004959 0.0003388 0.0001772 0.0000802 0.0000322 0.0021243
1.4959437 0.0000947 0.0003333 0.0004966 0.0004793 0.0003443 0.0001991 0.0000911 0.0000433 0.0020817
1.5160240 0.0000836 0.0003041 0.0004569 0.0004448 0.0003233 0.0001835 0.0000834 0.0000324 0.0019120
1.5361043 0.0000738 0.0002758 0.0004257 0.0004220 0.0003082 0.0001823 0.0000878 0.0000355 0.0018111
1.5561846 0.0000652 0.0002518 0.0004018 0.0004071 0.0003051 0.0001839 0.0000844 0.0000388 0.0017379
1.5762650 0.0000576 0.0002296 0.0003686 0.0003848 0.0002927 0.0001785 0.0000862 0.0000388 0.0016367
1.5963453 0.0000508 0.0002061 0.0003416 0.0003636 0.0002863 0.0001740 0.0000873 0.0000406 0.0015504
1.6164256 0.0000449 0.0001876 0.0003175 0.0003406 0.0002736 0.0001775 0.0000916 0.0000392 0.0014725
1.6365060 0.0000396 0.0001704 0.0002947 0.0003264 0.0002671 0.0001755 0.0000962 0.0000474 0.0014173
1.6565863 0.0000350 0.0001552 0.0002729 0.0003017 0.0002538 0.0001672 0.0000917 0.0000425 0.0013199
1.6766666 0.0000309 0.0001422 0.0002578 0.0002932 0.0002446 0.0001609 0.0000900 0.0000385 0.0012581
1.6967469 0.0000273 0.0001295 0.0002360 0.0002746 0.0002332 0.0001530 0.0000843 0.0000416 0.0011795
1.7168273 0.0000241 0.0001169 0.0002191 0.0002577 0.0002242 0.0001546 0.0000874 0.0000451 0.0011292
1.7369076 0.0000213 0.0001070 0.0002050 0.0002486 0.0002234 0.0001554 0.0000830 0.0000424 0.0010861
1.7569879 0.0000188 0.0000979 0.0001906 0.0002372 0.0002126 0.0001486 0.0000828 0.0000397 0.0010282
1.7770681 0.0000166 0.0000870 0.0001742 0.0002130 0.0001931 0.0001366 0.0000800 0.0000423 0.0009429
1.7971485 0.0000147 0.0000805 0.0001638 0.0002062 0.0001901 0.0001364 0.0000810 0.0000423 0.0009151
1.8172288 0.0000129 0.0000734 0.0001498 0.0001935 0.0001832 0.0001307 0.0000802 0.0000418 0.0008655
1.8373091 0.0000114 0.0000657 0.0001381 0.0001800 0.0001686 0.0001240 0.0000789 0.0000407 0.0008075
1.8573895 0.0000101 0.0000604 0.0001282 0.0001706 0.0001650 0.0001300 0.0000802 0.0000396 0.0007843
1.8774698 0.0000089 0.0000543 0.0001209 0.0001648 0.0001623 0.0001220 0.0000759 0.0000416 0.0007509
1.8975501 0.0000079 0.0000500 0.0001121 0.0001544 0.0001524 0.0001159 0.0000731 0.0000377 0.0007034
1.9176304 0.0000070 0.0000458 0.0001042 0.0001430 0.0001418 0.0001107 0.0000742 0.0000423 0.0006689
1.9377108 0.0000061 0.0000413 0.0000962 0.0001369 0.0001385 0.0001117 0.0000727 0.0000418 0.0006453
1.9577911 0.0000054 0.0000374 0.0000894 0.0001302 0.0001320 0.0001103 0.0000714 0.0000393 0.0006153
1.9778714 0.0000048 0.0000346 0.0000825 0.0001204 0.0001254 0.0001023 0.0000687 0.0000373 0.0005760
1.9979517 0.0000042 0.0000312 0.0000762 0.0001129 0.0001188 0.0000973 0.0000637 0.0000364 0.0005408
2.0180321 0.0000037 0.0000281 0.0000708 0.0001059 0.0001162 0.0000994 0.0000709 0.0000445 0.0005395
2.0381124 0.0000033 0.0000262 0.0000666 0.0001010 0.0001110 0.0000953 0.0000650 0.0000354 0.0005037
2.0581927 0.0000029 0.0000233 0.0000599 0.0000925 0.0001008 0.0000848 0.0000588 0.0000342 0.0004571
2.0782731 0.0000026 0.0000219 0.0000575 0.0000907 0.0001014 0.0000882 0.0000648 0.0000402 0.0004672
2.0983534 0.0000023 0.0000194 0.0000513 0.0000814 0.0000926 0.0000814 0.0000581 0.0000351 0.0004217
2.1184337 0.0000020 0.0000172 0.0000464 0.0000766 0.0000898 0.0000809 0.0000573 0.0000365 0.0004067
2.1385140 0.0000018 0.0000165 0.0000459 0.0000767 0.0000900 0.0000813 0.0000607 0.0000375 0.0004104
2.1585944 0.0000016 0.0000146 0.0000409 0.0000682 0.0000811 0.0000742 0.0000550 0.0000355 0.0003710
2.1786747 0.0000014 0.0000135 0.0000387 0.0000673 0.0000807 0.0000740 0.0000561 0.0000360 0.0003675
2.1987550 0.0000012 0.0000125 0.0000366 0.0000626 0.0000770 0.0000735 0.0000568 0.0000388 0.0003589
2.2188354 0.0000011 0.0000109 0.0000315 0.0000547 0.0000666 0.0000622 0.0000479 0.0000315 0.0003063
2.2389157 0.0000010 0.0000100 0.0000294 0.0000514 0.0000649 0.0000632 0.0000493 0.0000333 0.0003025
2.2589958 0.0000008 0.0000092 0.0000285 0.0000510 0.0000637 0.0000624 0.0000493 0.0000350 0.0002998
2.2790761 0.0000007 0.0000086 0.0000265 0.0000468 0.0000597 0.0000581 0.0000453 0.0000307 0.0002765
2.2991564 0.0000007 0.0000075 0.0000235 0.0000427 0.0000539 0.0000527 0.0000433 0.0000311 0.0002553
2.3192368 0.0000006 0.0000069 0.0000223 0.0000418 0.0000539 0.0000551 0.0000457 0.0000309 0.0002571
2.3393171 0.0000005 0.0000064 0.0000211 0.0000391 0.0000505 0.0000518 0.0000438 0.0000311 0.0002444
2.3593974 0.0000005 0.0000058 0.0000191 0.0000359 0.0000484 0.0000504 0.0000428 0.0000318 0.0002348
2.3794777 0.0000004 0.0000052 0.0000178 0.0000349 0.0000478 0.0000492 0.0000419 0.0000300 0.0002272
2.3995581 0.0000004 0.0000050 0.0000171 0.0000345 0.0000479 0.0000517 0.0000455 0.0000337 0.0002358
2.4196384 0.0000003 0.0000047 0.0000156 0.0000298 0.0000411 0.0000437 0.0000377 0.0000283 0.0002012
2.4397187 0.0000003 0.0000038 0.0000133 0.0000267 0.0000366 0.0000394 0.0000343 0.0000243 0.0001788
2.4597991 0.0000002 0.0000036 0.0000128 0.0000261 0.0000363 0.0000394 0.0000354 0.0000269 0.0001808
2.4798794 0.0000002 0.0000033 0.0000120 0.0000241 0.0000349 0.0000386 0.0000356 0.0000274 0.0001760
2.4999597 0.0000002 0.0000030 0.0000112 0.0000234 0.0000333 0.0000363 0.0000323 0.0000244 0.0001640
2.5200400 0.0000002 0.0000029 0.0000107 0.0000220 0.0000316 0.0000352 0.0000317 0.0000239 0.0001581
2.5401204 0.0000001 0.0000026 0.0000097 0.0000208 0.0000310 0.0000355 0.0000338 0.0000275 0.0001611
2.5602007 0.0000001 0.0000023 0.0000089 0.0000191 0.0000287 0.0000329 0.0000309 0.0000245 0.0001473
2.5802810 0.0000001 0.0000021 0.0000077 0.0000167 0.0000240 0.0000275 0.0000260 0.0000204 0.0001246
2.6003613 0.0000001 0.0000020 0.0000076 0.0000162 0.0000246 0.0000283 0.0000272 0.0000219 0.0001279
2.6204417 0.0000001 0.0000018 0.0000070 0.0000152 0.0000231 0.0000274 0.0000262 0.0000211 0.0001219
2.6405220 0.0000001 0.0000016 0.0000067 0.0000147 0.0000230 0.0000276 0.0000266 0.0000218 0.0001221
2.6606023 0.0000001 0.0000015 0.0000059 0.0000130 0.0000206 0.0000245 0.0000235 0.0000192 0.0001082
2.6806827 0.0000001 0.0000014 0.0000058 0.0000135 0.0000210 0.0000257 0.0000253 0.0000216 0.0001144
2.7007630 0.0000001 0.0000012 0.0000051 0.0000121 0.0000195 0.0000245 0.0000249 0.0000216 0.0001089
2.7208433 0.0000000 0.0000011 0.0000050 0.0000118 0.0000189 0.0000230 0.0000228 0.0000191 0.0001018
2.7409236 0.0000000 0.0000011 0.0000046 0.0000105 0.0000170 0.0000212 0.0000222 0.0000190 0.0000956
2.7610040 0.0000000 0.0000009 0.0000040 0.0000092 0.0000150 0.0000189 0.0000195 0.0000170 0.0000845
2.7810843 0.0000000 0.0000009 0.0000036 0.0000086 0.0000144 0.0000185 0.0000193 0.0000165 0.0000819
2.8011646 0.0000000 0.0000008 0.0000036 0.0000086 0.0000144 0.0000191 0.0000203 0.0000177 0.0000845
2.8212450 0.0000000 0.0000007 0.0000031 0.0000076 0.0000129 0.0000164 0.0000172 0.0000153 0.0000733
2.8413253 0.0000000 0.0000007 0.0000033 0.0000081 0.0000134 0.0000175 0.0000186 0.0000167 0.0000784
2.8614056 0.0000000 0.0000006 0.0000028 0.0000071 0.0000123 0.0000158 0.0000166 0.0000150 0.0000702
2.8814859 0.0000000 0.0000006 0.0000030 0.0000077 0.0000134 0.0000182 0.0000194 0.0000180 0.0000804
2.9015663 0.0000000 0.0000005 0.0000025 0.0000061 0.0000108 0.0000140 0.0000150 0.0000136 0.0000626
2.9216464 0.0000000 0.0000005 0.0000024 0.0000062 0.0000107 0.0000145 0.0000162 0.0000150 0.0000654
2.9417267 0.0000000 0.0000005 0.0000024 0.0000064 0.0000116 0.0000165 0.0000180 0.0000166 0.0000721
2.9618070 0.0000000 0.0000004 0.0000019 0.0000049 0.0000085 0.0000114 0.0000128 0.0000116 0.0000514
2.9818873 0.0000000 0.0000005 0.0000024 0.0000063 0.0000114 0.0000160 0.0000175 0.0000158 0.0000699
3.0019677 0.0000000 0.0000003 0.0000018 0.0000046 0.0000083 0.0000115 0.0000129 0.0000121 0.0000515
3.0220480 0.0000000 0.0000003 0.0000017 0.0000045 0.0000080 0.0000113 0.0000131 0.0000128 0.0000518
3.0421283 0.0000000 0.0000003 0.0000016 0.0000046 0.0000087 0.0000125 0.0000140 0.0000134 0.0000552
3.0622087 0.0000000 0.0000002 0.0000012 0.0000033 0.0000062 0.0000086 0.0000101 0.0000097 0.0000394
3.0822890 0.0000000 0.0000003 0.0000014 0.0000038 0.0000073 0.0000105 0.0000120 0.0000118 0.0000471
3.1023693 0.0000000 0.0000002 0.0000009 0.0000026 0.0000047 0.0000069 0.0000082 0.0000079 0.0000315
3.1224496 0.0000000 0.0000002 0.0000010 0.0000027 0.0000050 0.0000074 0.0000086 0.0000085 0.0000334
3.1425300 0.0000000 0.0000002 0.0000009 0.0000025 0.0000049 0.0000070 0.0000084 0.0000085 0.0000324
3.1626103 0.0000000 0.0000001 0.0000008 0.0000021 0.0000042 0.0000062 0.0000072 0.0000070 0.0000276
3.1826906 0.0000000 0.0000001 0.0000007 0.0000020 0.0000039 0.0000058 0.0000069 0.0000072 0.0000268
3.2027709 0.0000000 0.0000002 0.0000008 0.0000022 0.0000045 0.0000066 0.0000080 0.0000085 0.0000308
3.2228513 0.0000000 0.0000001 0.0000008 0.0000023 0.0000046 0.0000070 0.0000088 0.0000093 0.0000328
3.2429316 0.0000000 0.0000001 0.0000005 0.0000016 0.0000031 0.0000047 0.0000058 0.0000061 0.0000219
3.2630119 0.0000000 0.0000001 0.0000006 0.0000019 0.0000038 0.0000059 0.0000075 0.0000080 0.0000278
3.2830923 0.0000000 0.0000001 0.0000005 0.0000017 0.0000035 0.0000053 0.0000068 0.0000072 0.0000251
3.3031726 0.0000000 0.0000001 0.0000006 0.0000018 0.0000038 0.0000059 0.0000076 0.0000082 0.0000280
3.3232529 0.0000000 0.0000001 0.0000006 0.0000017 0.0000035 0.0000056 0.0000073 0.0000080 0.0000268
3.3433332 0.0000000 0.0000001 0.0000004 0.0000013 0.0000026 0.0000039 0.0000052 0.0000058 0.0000191
3.3634136 0.0000000 0.0000001 0.0000004 0.0000013 0.0000028 0.0000046 0.0000061 0.0000067 0.0000221
3.3834939 0.0000000 0.0000001 0.0000004 0.0000012 0.0000026 0.0000042 0.0000055 0.0000060 0.0000199
3.4035742 0.0000000 0.0000001 0.0000004 0.0000012 0.0000025 0.0000040 0.0000054 0.0000060 0.0000195
3.4236546 0.0000000 0.0000001 0.0000004 0.0000011 0.0000023 0.0000038 0.0000049 0.0000051 0.0000176
3.4437349 0.0000000 0.0000000 0.0000003 0.0000009 0.0000019 0.0000032 0.0000042 0.0000047 0.0000153
3.4638152 0.0000000 0.0000001 0.0000003 0.0000010 0.0000022 0.0000036 0.0000049 0.0000055 0.0000175
3.4838955 0.0000000 0.0000001 0.0000003 0.0000011 0.0000025 0.0000041 0.0000055 0.0000062 0.0000198
3.5039759 0.0000000 0.0000000 0.0000002 0.0000007 0.0000015 0.0000026 0.0000034 0.0000037 0.0000122
3.5240562 0.0000000 0.0000000 0.0000003 0.0000008 0.0000018 0.0000030 0.0000041 0.0000046 0.0000147
3.5441363 0.0000000 0.0000000 0.0000003 0.0000009 0.0000021 0.0000035 0.0000049 0.0000059 0.0000177
3.5642166 0.0000000 0.0000000 0.0000002 0.0000008 0.0000018 0.0000030 0.0000042 0.0000049 0.0000151
3.5842969 0.0000000 0.0000000 0.0000002 0.0000006 0.0000013 0.0000022 0.0000031 0.0000035 0.0000109
3.6043773 0.0000000 0.0000000 0.0000002 0.0000006 0.0000013 0.0000023 0.0000032 0.0000037 0.0000113
3.6244576 0.0000000 0.0000000 0.0000003 0.0000009 0.0000021 0.0000036 0.0000049 0.0000060 0.0000178
3.6445379 0.0000000 0.0000000 0.0000002 0.0000006 0.0000013 0.0000024 0.0000032 0.0000037 0.0000114
3.6646183 0.0000000 0.0000000 0.0000001 0.0000004 0.0000009 0.0000016 0.0000023 0.0000028 0.0000082
3.6846986 0.0000000 0.0000000 0.0000002 0.0000008 0.0000018 0.0000031 0.0000045 0.0000056 0.0000159
3.7047789 0.0000000 0.0000000 0.0000001 0.0000003 0.0000007 0.0000012 0.0000017 0.0000022 0.0000062
3.7248592 0.0000000 0.0000000 0.0000001 0.0000003 0.0000006 0.0000012 0.0000018 0.0000022 0.0000061
3.7449396 0.0000000 0.0000000 0.0000001 0.0000004 0.0000010 0.0000017 0.0000025 0.0000030 0.0000086
3.7650199 0.0000000 0.0000000 0.0000001 0.0000005 0.0000011 0.0000019 0.0000027 0.0000033 0.0000096
3.7851002 0.0000000 0.0000000 0.0000001 0.0000003 0.0000006 0.0000010 0.0000015 0.0000019 0.0000054
3.8051805 0.0000000 0.0000000 0.0000001 0.0000003 0.0000007 0.0000012 0.0000018 0.0000023 0.0000065
3.8252609 0.0000000 0.0000000 0.0000001 0.0000003 0.0000006 0.0000012 0.0000017 0.0000021 0.0000060
3.8453412 0.0000000 0.0000000 0.0000001 0.0000003 0.0000007 0.0000013 0.0000020 0.0000025 0.0000070
3.8654215 0.0000000 0.0000000 0.0000001 0.0000003 0.0000008 0.0000014 0.0000021 0.0000025 0.0000072
3.8855019 0.0000000 0.0000000 0.0000001 0.0000002 0.0000005 0.0000009 0.0000013 0.0000016 0.0000044
3.9055822 0.0000000 0.0000000 0.0000000 0.0000001 0.0000003 0.0000006 0.0000009 0.0000011 0.0000030
3.9256625 0.0000000 0.0000000 0.0000001 0.0000003 0.0000007 0.0000012 0.0000019 0.0000025 0.0000067
3.9457428 0.0000000 0.0000000 0.0000000 0.0000001 0.0000003 0.0000005 0.0000008 0.0000011 0.0000029
3.9658232 0.0000000 0.0000000 0.0000000 0.0000001 0.0000003 0.0000006 0.0000009 0.0000012 0.0000031
3.9859035 0.0000000 0.0000000 0.0000000 0.0000001 0.0000002 0.0000004 0.0000005 0.0000007 0.0000019
4.0059838 0.0000000 0.0000000 0.0000000 0.0000001 0.0000002 0.0000004 0.0000007 0.0000009 0.0000024
4.0260644 0.0000000 0.0000000 0.0000000 0.0000001 0.0000003 0.0000005 0.0000008 0.0000010 0.0000026
4.0461445 0.0000000 0.0000000 0.0000000 0.0000001 0.0000004 0.0000008 0.0000012 0.0000015 0.0000040
4.0662251 0.0000000 0.0000000 0.0000001 0.0000004 0.0000011 0.0000022 0.0000033 0.0000043 0.0000116
4.0863051 0.0000000 0.0000000 0.0000000 0.0000001 0.0000002 0.0000004 0.0000007 0.0000010 0.0000024
4.1063857 0.0000000 0.0000000 0.0000000 0.0000001 0.0000002 0.0000005 0.0000008 0.0000011 0.0000029
4.1264658 0.0000000 0.0000000 0.0000001 0.0000002 0.0000006 0.0000011 0.0000019 0.0000025 0.0000064
4.1465464 0.0000000 0.0000000 0.0000001 0.0000003 0.0000008 0.0000016 0.0000025 0.0000035 0.0000088
4.1666265 -nan inf inf inf inf inf inf inf inf
4.1867070 0.0000000 0.0000000 0.0000000 0.0000002 0.0000006 0.0000011 0.0000019 0.0000026 0.0000064
4.2067871 0.0000000 0.0000000 0.0000000 0.0000001 0.0000002 0.0000004 0.0000007 0.0000009 0.0000023
4.2268677 0.0000000 0.0000000 0.0000001 0.0000005 0.0000015 0.0000030 0.0000050 0.0000069 0.0000171
4.2469478 0.0000000 0.0000000 0.0000000 0.0000000 0.0000001 0.0000002 0.0000004 0.0000005 0.0000013
4.2670283 0.0000000 0.0000000 0.0000000 0.0000000 0.0000001 0.0000002 0.0000003 0.0000005 0.0000011
4.2871084 0.0000000 0.0000000 0.0000000 0.0000001 0.0000003 0.0000007 0.0000011 0.0000016 0.0000039
4.3071890 0.0000000 0.0000000 0.0000000 0.0000002 0.0000004 0.0000008 0.0000014 0.0000019 0.0000047
4.3272691 0.0000000 0.0000000 0.0000001 0.0000003 0.0000007 0.0000015 0.0000027 0.0000039 0.0000092
4.3473496 -nan inf inf inf inf inf inf inf inf
4.3674297 -nan inf inf inf inf inf inf inf inf
4.3875103 0.0000000 0.0000000 0.0000000 0.0000001 0.0000002 0.0000004 0.0000007 0.0000010 0.0000023
4.4075904 0.0000000 0.0000000 0.0000000 0.0000000 0.0000001 0.0000003 0.0000004 0.0000006 0.0000015
4.4276710 0.0000000 0.0000000 0.0000001 0.0000002 0.0000006 0.0000014 0.0000024 0.0000035 0.0000082
4.4477510 0.0000000 0.0000000 0.0000000 0.0000001 0.0000003 0.0000006 0.0000010 0.0000016 0.0000036
4.4678316 -nan inf inf inf inf inf inf inf inf
4.4879117 0.0000000 0.0000000 0.0000000 0.0000000 0.0000001 0.0000002 0.0000004 0.0000006 0.0000014
4.5079918 0.0000000 0.0000000 0.0000000 0.0000000 0.0000000 0.0000001 0.0000002 0.0000003 0.0000006
4.5280724 0.0000000 0.0000000 0.0000000 0.0000000 0.0000000 0.0000001 0.0000001 0.0000002 0.0000004
4.5481524 -nan inf inf inf inf inf inf inf inf
4.5682330 -nan inf inf inf inf inf inf inf inf
4.5883131 0.0000000 0.0000000 0.0000000 0.0000001 0.0000002 0.0000005 0.0000009 0.0000013 0.0000030
4.6083937 0.0000000 0.0000000 0.0000000 0.0000000 0.0000001 0.0000002 0.0000003 0.0000004 0.0000010
4.6284738 0.0000000 0.0000000 0.0000000 0.0000000 0.0000000 0.0000001 0.0000001 0.0000002 0.0000004
4.6485543 0.0000000 0.0000000 0.0000000 0.0000001 0.0000004 0.0000010 0.0000018 0.0000028 0.0000063
4.6686344 0.0000000 0.0000000 0.0000000 0.0000000 0.0000000 0.0000001 0.0000002 0.0000002 0.0000006
4.6887150 -nan inf inf inf inf inf inf inf inf
4.7087951 0.0000000 0.0000000 0.0000000 0.0000000 0.0000000 0.0000000 0.0000000 0.0000001 0.0000002
4.7288756 -nan inf inf inf inf inf inf inf inf
4.7489557 0.0000000 0.0000000 0.0000000 0.0000000 0.0000000 0.0000001 0.0000002 0.0000003 0.0000007
4.7690363 0.0000000 0.0000000 0.0000000 0.0000000 0.0000000 0.0000000 0.0000001 0.0000001 0.0000002
4.7891164 0.0000000 0.0000000 0.0000000 0.0000000 0.0000000 0.0000000 0.0000001 0.0000001 0.0000002
4.8091969 -nan inf inf inf inf inf inf inf inf
4.8292770 -nan inf inf inf inf inf inf inf inf
4.8493576 -nan inf inf inf inf inf inf inf inf
4.8694377 -nan inf inf inf inf inf inf inf inf
4.8895183 0.0000000 0.0000000 0.0000000 0.0000000 0.0000000 0.0000000 0.0000001 0.0000001 0.0000003
4.9095984 0.0000000 0.0000000 0.0000000 0.0000000 0.0000001 0.0000002 0.0000004 0.0000006 0.0000012
4.9296789 0.0000000 0.0000000 0.0000000 0.0000000 0.0000000 0.0000000 0.0000000 0.0000000 0.0000001
4.9497590 0.0000000 0.0000000 0.0000000 0.0000000 0.0000000 0.0000000 0.0000001 0.0000002 0.0000003
4.9698396 -nan inf inf inf inf inf inf inf inf
4.9899197 -nan inf inf inf inf inf inf inf inf
5.0100002 -nan inf inf inf inf inf inf inf inf
