-------- p=3.696 a=1.000 mu=-2.200 N=20000000 time=2017-02-23 08:00:39 --------
0.0100000 0.9136669 0.0006546 0.0000000 0.0000000 0.0000000 0.0000000 0.0000000 0.0000000 0.9143215
0.0300803 0.7621645 0.0030156 0.0000003 0.0000000 0.0000000 0.0000000 0.0000000 0.0000000 0.7651804
0.0501606 0.6357839 0.0054323 0.0000203 0.0000000 0.0000000 0.0000000 0.0000000 0.0000000 0.6412365
0.0702410 0.5303595 0.0075062 0.0000334 0.0000000 0.0000000 0.0000000 0.0000000 0.0000000 0.5378991
0.0903213 0.4424164 0.0092331 0.0001278 0.0000002 0.0000000 0.0000000 0.0000000 0.0000000 0.4517775
0.1104016 0.3690558 0.0104656 0.0001664 0.0000016 0.0000000 0.0000000 0.0000000 0.0000000 0.3796894
0.1304819 0.3078597 0.0113152 0.0001875 0.0000050 0.0000000 0.0000000 0.0000000 0.0000000 0.3193674
0.1505622 0.2568110 0.0118897 0.0002629 0.0000006 0.0000000 0.0000000 0.0000000 0.0000000 0.2689642
0.1706426 0.2142271 0.0118970 0.0003347 0.0000117 0.0000001 0.0000000 0.0000000 0.0000000 0.2264707
0.1907229 0.1787044 0.0117949 0.0004037 0.0000062 0.0000000 0.0000000 0.0000000 0.0000000 0.1909093
0.2108032 0.1490720 0.0115497 0.0004494 0.0000147 0.0000000 0.0000000 0.0000000 0.0000000 0.1610858
0.2308835 0.1243532 0.0110589 0.0005143 0.0000110 0.0000000 0.0000000 0.0000000 0.0000000 0.1359373
0.2509638 0.1037332 0.0105364 0.0005427 0.0000219 0.0000001 0.0000000 0.0000000 0.0000000 0.1148343
0.2710442 0.0865324 0.0099244 0.0005757 0.0000222 0.0000002 0.0000000 0.0000000 0.0000000 0.0970548
0.2911245 0.0721838 0.0091904 0.0006172 0.0000320 0.0000003 0.0000000 0.0000000 0.0000000 0.0820236
0.3112048 0.0602144 0.0085596 0.0006845 0.0000266 0.0000002 0.0000000 0.0000000 0.0000000 0.0694853
0.3312851 0.0502298 0.0078700 0.0005928 0.0000296 0.0000002 0.0000000 0.0000000 0.0000000 0.0587224
0.3513654 0.0419008 0.0071787 0.0006224 0.0000395 0.0000011 0.0000000 0.0000000 0.0000000 0.0497425
0.3714458 0.0349529 0.0065539 0.0006275 0.0000414 0.0000035 0.0000000 0.0000000 0.0000000 0.0421792
0.3915261 0.0291570 0.0059304 0.0006233 0.0000340 0.0000006 0.0000000 0.0000000 0.0000000 0.0357454
0.4116064 0.0243223 0.0053690 0.0006021 0.0000469 0.0000020 0.0000000 0.0000000 0.0000000 0.0303424
0.4316867 0.0202892 0.0048037 0.0005913 0.0000466 0.0000018 0.0000000 0.0000000 0.0000000 0.0257327
0.4517670 0.0169249 0.0043226 0.0005532 0.0000472 0.0000034 0.0000000 0.0000000 0.0000000 0.0218512
0.4718474 0.0141184 0.0038652 0.0005347 0.0000491 0.0000047 0.0000007 0.0000000 0.0000000 0.0185728
0.4919277 0.0117774 0.0034473 0.0005055 0.0000532 0.0000030 0.0000001 0.0000000 0.0000000 0.0157865
0.5120080 0.0098245 0.0030715 0.0004839 0.0000543 0.0000028 0.0000002 0.0000000 0.0000000 0.0134372
0.5320883 0.0081954 0.0027255 0.0004642 0.0000530 0.0000059 0.0000005 0.0000000 0.0000000 0.0114445
0.5521687 0.0068364 0.0024272 0.0004416 0.0000553 0.0000050 0.0000004 0.0000000 0.0000000 0.0097659
0.5722489 0.0057028 0.0021537 0.0004098 0.0000531 0.0000043 0.0000001 0.0000000 0.0000000 0.0083238
0.5923293 0.0047572 0.0019037 0.0003978 0.0000539 0.0000055 0.0000002 0.0000000 0.0000000 0.0071183
0.6124096 0.0039684 0.0016783 0.0003523 0.0000503 0.0000068 0.0000004 0.0000000 0.0000000 0.0060564
0.6324899 0.0033103 0.0014909 0.0003419 0.0000519 0.0000058 0.0000002 0.0000000 0.0000000 0.0052011
0.6525702 0.0027614 0.0013145 0.0003114 0.0000466 0.0000054 0.0000003 0.0000000 0.0000000 0.0044396
0.6726506 0.0023035 0.0011621 0.0002866 0.0000512 0.0000074 0.0000005 0.0000000 0.0000000 0.0038114
0.6927309 0.0019216 0.0010267 0.0002706 0.0000506 0.0000062 0.0000007 0.0000000 0.0000000 0.0032763
0.7128112 0.0016029 0.0009048 0.0002476 0.0000461 0.0000048 0.0000007 0.0000002 0.0000000 0.0028072
0.7328916 0.0013371 0.0007976 0.0002258 0.0000429 0.0000062 0.0000008 0.0000001 0.0000000 0.0024105
0.7529718 0.0011154 0.0007017 0.0002104 0.0000437 0.0000066 0.0000010 0.0000001 0.0000000 0.0020789
0.7730522 0.0009305 0.0006196 0.0001960 0.0000388 0.0000062 0.0000006 0.0000001 0.0000000 0.0017917
0.7931325 0.0007762 0.0005451 0.0001773 0.0000397 0.0000059 0.0000009 0.0000001 0.0000000 0.0015452
0.8132128 0.0006475 0.0004796 0.0001634 0.0000369 0.0000057 0.0000007 0.0000003 0.0000000 0.0013342
0.8332931 0.0005401 0.0004243 0.0001532 0.0000356 0.0000067 0.0000011 0.0000001 0.0000000 0.0011610
0.8533735 0.0004505 0.0003735 0.0001395 0.0000327 0.0000067 0.0000012 0.0000001 0.0000000 0.0010042
0.8734538 0.0003758 0.0003278 0.0001292 0.0000332 0.0000056 0.0000009 0.0000001 0.0000000 0.0008726
0.8935341 0.0003135 0.0002881 0.0001181 0.0000322 0.0000061 0.0000005 0.0000000 0.0000000 0.0007586
0.9136144 0.0002615 0.0002563 0.0001082 0.0000296 0.0000060 0.0000007 0.0000001 0.0000000 0.0006624
0.9336947 0.0002182 0.0002259 0.0000996 0.0000280 0.0000055 0.0000009 0.0000001 0.0000000 0.0005781
0.9537750 0.0001820 0.0001988 0.0000903 0.0000264 0.0000054 0.0000009 0.0000001 0.0000000 0.0005038
0.9738554 0.0001518 0.0001748 0.0000837 0.0000256 0.0000055 0.0000010 0.0000002 0.0000001 0.0004426
0.9939357 0.0001266 0.0001539 0.0000766 0.0000241 0.0000055 0.0000009 0.0000002 0.0000000 0.0003879
1.0140160 0.0001056 0.0001362 0.0000695 0.0000220 0.0000052 0.0000010 0.0000002 0.0000001 0.0003399
1.0340964 0.0000881 0.0001214 0.0000644 0.0000214 0.0000051 0.0000010 0.0000001 0.0000000 0.0003015
1.0541767 0.0000735 0.0001071 0.0000590 0.0000198 0.0000048 0.0000008 0.0000001 0.0000000 0.0002652
1.0742570 0.0000613 0.0000946 0.0000537 0.0000187 0.0000050 0.0000010 0.0000002 0.0000000 0.0002344
1.0943373 0.0000512 0.0000841 0.0000494 0.0000182 0.0000047 0.0000009 0.0000001 0.0000000 0.0002085
1.1144177 0.0000427 0.0000743 0.0000457 0.0000168 0.0000047 0.0000012 0.0000002 0.0000000 0.0001856
1.1344979 0.0000356 0.0000664 0.0000416 0.0000161 0.0000045 0.0000010 0.0000002 0.0000000 0.0001653
1.1545782 0.0000297 0.0000584 0.0000379 0.0000148 0.0000045 0.0000008 0.0000001 0.0000000 0.0001464
1.1746585 0.0000248 0.0000518 0.0000347 0.0000141 0.0000042 0.0000012 0.0000002 0.0000000 0.0001310
1.1947389 0.0000207 0.0000464 0.0000323 0.0000134 0.0000039 0.0000010 0.0000001 0.0000000 0.0001178
1.2148192 0.0000172 0.0000410 0.0000292 0.0000124 0.0000036 0.0000008 0.0000002 0.0000000 0.0001045
1.2348995 0.0000144 0.0000364 0.0000269 0.0000115 0.0000035 0.0000008 0.0000002 0.0000000 0.0000936
1.2549798 0.0000120 0.0000328 0.0000248 0.0000111 0.0000034 0.0000008 0.0000001 0.0000000 0.0000850
1.2750602 0.0000100 0.0000292 0.0000225 0.0000104 0.0000035 0.0000009 0.0000002 0.0000000 0.0000767
1.2951405 0.0000083 0.0000263 0.0000212 0.0000100 0.0000033 0.0000008 0.0000001 0.0000000 0.0000700
1.3152208 0.0000070 0.0000233 0.0000194 0.0000092 0.0000032 0.0000008 0.0000002 0.0000001 0.0000631
1.3353012 0.0000058 0.0000211 0.0000181 0.0000088 0.0000031 0.0000009 0.0000002 0.0000001 0.0000581
1.3553815 0.0000048 0.0000187 0.0000164 0.0000083 0.0000028 0.0000008 0.0000002 0.0000000 0.0000520
1.3754618 0.0000040 0.0000168 0.0000151 0.0000079 0.0000027 0.0000007 0.0000001 0.0000000 0.0000474
1.3955421 0.0000034 0.0000151 0.0000138 0.0000073 0.0000028 0.0000008 0.0000002 0.0000000 0.0000435
1.4156225 0.0000028 0.0000135 0.0000128 0.0000067 0.0000025 0.0000007 0.0000002 0.0000000 0.0000392
1.4357028 0.0000023 0.0000121 0.0000118 0.0000064 0.0000025 0.0000007 0.0000002 0.0000000 0.0000360
1.4557831 0.0000020 0.0000108 0.0000107 0.0000060 0.0000023 0.0000006 0.0000001 0.0000000 0.0000326
1.4758633 0.0000016 0.0000099 0.0000101 0.0000058 0.0000022 0.0000006 0.0000001 0.0000000 0.0000306
1.4959437 0.0000014 0.0000089 0.0000093 0.0000055 0.0000023 0.0000007 0.0000002 0.0000001 0.0000284
1.5160240 0.0000011 0.0000080 0.0000086 0.0000052 0.0000022 0.0000008 0.0000002 0.0000000 0.0000262
1.5361043 0.0000009 0.0000073 0.0000080 0.0000047 0.0000019 0.0000006 0.0000001 0.0000000 0.0000236
1.5561846 0.0000008 0.0000066 0.0000073 0.0000044 0.0000019 0.0000006 0.0000002 0.0000000 0.0000216
1.5762650 0.0000007 0.0000059 0.0000067 0.0000041 0.0000018 0.0000005 0.0000001 0.0000000 0.0000198
1.5963453 0.0000006 0.0000054 0.0000062 0.0000039 0.0000017 0.0000006 0.0000002 0.0000000 0.0000185
1.6164256 0.0000005 0.0000049 0.0000057 0.0000037 0.0000017 0.0000006 0.0000002 0.0000000 0.0000172
1.6365060 0.0000004 0.0000044 0.0000052 0.0000035 0.0000015 0.0000005 0.0000001 0.0000000 0.0000156
1.6565863 0.0000003 0.0000039 0.0000047 0.0000031 0.0000014 0.0000005 0.0000001 0.0000000 0.0000141
1.6766666 0.0000003 0.0000036 0.0000045 0.0000031 0.0000015 0.0000005 0.0000001 0.0000000 0.0000137
1.6967469 0.0000002 0.0000032 0.0000041 0.0000028 0.0000013 0.0000005 0.0000001 0.0000000 0.0000123
1.7168273 0.0000002 0.0000030 0.0000039 0.0000027 0.0000013 0.0000005 0.0000002 0.0000000 0.0000117
1.7369076 0.0000002 0.0000026 0.0000035 0.0000025 0.0000013 0.0000005 0.0000001 0.0000000 0.0000107
1.7569879 0.0000001 0.0000024 0.0000033 0.0000024 0.0000012 0.0000004 0.0000001 0.0000000 0.0000100
1.7770681 0.0000001 0.0000022 0.0000030 0.0000022 0.0000011 0.0000005 0.0000001 0.0000000 0.0000093
1.7971485 0.0000001 0.0000020 0.0000029 0.0000021 0.0000011 0.0000004 0.0000001 0.0000000 0.0000089
1.8172288 0.0000001 0.0000018 0.0000026 0.0000019 0.0000010 0.0000004 0.0000001 0.0000000 0.0000079
1.8373091 0.0000001 0.0000017 0.0000024 0.0000018 0.0000010 0.0000004 0.0000001 0.0000000 0.0000076
1.8573895 0.0000001 0.0000015 0.0000022 0.0000017 0.0000009 0.0000004 0.0000001 0.0000000 0.0000068
1.8774698 0.0000000 0.0000014 0.0000020 0.0000016 0.0000009 0.0000004 0.0000001 0.0000000 0.0000065
1.8975501 0.0000000 0.0000013 0.0000020 0.0000016 0.0000009 0.0000004 0.0000001 0.0000000 0.0000063
1.9176304 0.0000000 0.0000012 0.0000019 0.0000015 0.0000008 0.0000004 0.0000001 0.0000000 0.0000059
1.9377108 0.0000000 0.0000011 0.0000017 0.0000014 0.0000008 0.0000003 0.0000001 0.0000000 0.0000054
1.9577911 0.0000000 0.0000010 0.0000016 0.0000013 0.0000008 0.0000003 0.0000001 0.0000000 0.0000053
1.9778714 0.0000000 0.0000009 0.0000014 0.0000012 0.0000007 0.0000003 0.0000001 0.0000000 0.0000045
1.9979517 0.0000000 0.0000008 0.0000013 0.0000011 0.0000006 0.0000003 0.0000001 0.0000000 0.0000041
2.0180321 0.0000000 0.0000007 0.0000012 0.0000010 0.0000006 0.0000003 0.0000001 0.0000000 0.0000039
2.0381124 0.0000000 0.0000007 0.0000012 0.0000010 0.0000006 0.0000003 0.0000001 0.0000000 0.0000039
2.0581927 0.0000000 0.0000006 0.0000010 0.0000009 0.0000005 0.0000002 0.0000001 0.0000000 0.0000033
2.0782731 0.0000000 0.0000006 0.0000009 0.0000009 0.0000005 0.0000002 0.0000001 0.0000000 0.0000033
2.0983534 0.0000000 0.0000005 0.0000009 0.0000008 0.0000005 0.0000002 0.0000001 0.0000000 0.0000031
2.1184337 0.0000000 0.0000005 0.0000008 0.0000008 0.0000005 0.0000002 0.0000001 0.0000000 0.0000029
2.1385140 0.0000000 0.0000005 0.0000008 0.0000007 0.0000005 0.0000002 0.0000001 0.0000000 0.0000028
2.1585944 0.0000000 0.0000004 0.0000007 0.0000006 0.0000004 0.0000002 0.0000001 0.0000000 0.0000024
2.1786747 0.0000000 0.0000004 0.0000007 0.0000006 0.0000004 0.0000002 0.0000001 0.0000000 0.0000023
2.1987550 0.0000000 0.0000003 0.0000006 0.0000005 0.0000003 0.0000002 0.0000001 0.0000000 0.0000021
2.2188354 0.0000000 0.0000003 0.0000006 0.0000006 0.0000004 0.0000002 0.0000001 0.0000000 0.0000022
2.2389157 0.0000000 0.0000003 0.0000005 0.0000005 0.0000004 0.0000002 0.0000001 0.0000000 0.0000020
2.2589958 0.0000000 0.0000002 0.0000005 0.0000005 0.0000003 0.0000002 0.0000001 0.0000000 0.0000017
2.2790761 0.0000000 0.0000002 0.0000005 0.0000005 0.0000003 0.0000002 0.0000001 0.0000000 0.0000017
2.2991564 0.0000000 0.0000002 0.0000004 0.0000004 0.0000003 0.0000001 0.0000001 0.0000000 0.0000015
2.3192368 0.0000000 0.0000002 0.0000004 0.0000004 0.0000003 0.0000001 0.0000001 0.0000000 0.0000015
2.3393171 0.0000000 0.0000002 0.0000004 0.0000004 0.0000003 0.0000001 0.0000001 0.0000000 0.0000015
2.3593974 0.0000000 0.0000002 0.0000004 0.0000004 0.0000003 0.0000002 0.0000001 0.0000000 0.0000015
2.3794777 0.0000000 0.0000001 0.0000003 0.0000003 0.0000002 0.0000001 0.0000001 0.0000000 0.0000011
2.3995581 0.0000000 0.0000001 0.0000003 0.0000003 0.0000002 0.0000001 0.0000000 0.0000000 0.0000011
2.4196384 0.0000000 0.0000001 0.0000003 0.0000003 0.0000002 0.0000001 0.0000000 0.0000000 0.0000010
2.4397187 0.0000000 0.0000001 0.0000002 0.0000002 0.0000002 0.0000001 0.0000000 0.0000000 0.0000009
2.4597991 0.0000000 0.0000001 0.0000002 0.0000002 0.0000002 0.0000001 0.0000000 0.0000000 0.0000008
2.4798794 0.0000000 0.0000001 0.0000002 0.0000002 0.0000002 0.0000001 0.0000000 0.0000000 0.0000009
2.4999597 0.0000000 0.0000001 0.0000002 0.0000002 0.0000001 0.0000001 0.0000000 0.0000000 0.0000007
2.5200400 0.0000000 0.0000001 0.0000002 0.0000002 0.0000002 0.0000001 0.0000000 0.0000000 0.0000008
2.5401204 0.0000000 0.0000001 0.0000001 0.0000001 0.0000001 0.0000001 0.0000000 0.0000000 0.0000005
2.5602007 0.0000000 0.0000001 0.0000001 0.0000002 0.0000001 0.0000001 0.0000000 0.0000000 0.0000006
2.5802810 0.0000000 0.0000001 0.0000001 0.0000002 0.0000001 0.0000001 0.0000000 0.0000000 0.0000006
2.6003613 0.0000000 0.0000000 0.0000001 0.0000001 0.0000001 0.0000001 0.0000000 0.0000000 0.0000005
2.6204417 0.0000000 0.0000001 0.0000001 0.0000001 0.0000001 0.0000001 0.0000000 0.0000000 0.0000005
2.6405220 0.0000000 0.0000000 0.0000001 0.0000001 0.0000001 0.0000001 0.0000000 0.0000000 0.0000004
2.6606023 0.0000000 0.0000000 0.0000001 0.0000001 0.0000001 0.0000000 0.0000000 0.0000000 0.0000004
2.6806827 0.0000000 0.0000000 0.0000001 0.0000001 0.0000001 0.0000000 0.0000000 0.0000000 0.0000003
2.7007630 0.0000000 0.0000000 0.0000001 0.0000001 0.0000001 0.0000001 0.0000000 0.0000000 0.0000004
2.7208433 0.0000000 0.0000000 0.0000001 0.0000001 0.0000001 0.0000000 0.0000000 0.0000000 0.0000003
2.7409236 0.0000000 0.0000000 0.0000001 0.0000001 0.0000001 0.0000000 0.0000000 0.0000000 0.0000003
2.7610040 0.0000000 0.0000000 0.0000001 0.0000001 0.0000001 0.0000000 0.0000000 0.0000000 0.0000003
2.7810843 0.0000000 0.0000000 0.0000001 0.0000001 0.0000001 0.0000000 0.0000000 0.0000000 0.0000003
