-------- p=3.043 a=1.000 mu=-2.200 N=20000000 time=2017-02-23 08:00:39 --------
0.0100000 0.9339674 0.0007042 0.0000000 0.0000000 0.0000000 0.0000000 0.0000000 0.0000000 0.9346716
0.0300803 0.8142482 0.0031882 0.0000034 0.0000000 0.0000000 0.0000000 0.0000000 0.0000000 0.8174398
0.0501606 0.7098750 0.0060160 0.0000231 0.0000000 0.0000000 0.0000000 0.0000000 0.0000000 0.7159141
0.0702410 0.6188807 0.0087079 0.0000456 0.0000000 0.0000000 0.0000000 0.0000000 0.0000000 0.6276342
0.0903213 0.5395505 0.0111006 0.0001205 0.0000000 0.0000000 0.0000000 0.0000000 0.0000000 0.5507715
0.1104016 0.4703890 0.0132501 0.0002365 0.0000009 0.0000000 0.0000000 0.0000000 0.0000000 0.4838766
0.1304819 0.4100929 0.0148115 0.0002170 0.0000001 0.0000000 0.0000000 0.0000000 0.0000000 0.4251214
0.1505622 0.3575258 0.0158829 0.0003478 0.0000014 0.0000000 0.0000000 0.0000000 0.0000000 0.3737578
0.1706426 0.3116968 0.0169248 0.0004499 0.0000334 0.0000000 0.0000000 0.0000000 0.0000000 0.3291049
0.1907229 0.2717424 0.0173871 0.0005257 0.0000077 0.0000000 0.0000000 0.0000000 0.0000000 0.2896629
0.2108032 0.2369096 0.0176844 0.0006434 0.0000148 0.0000000 0.0000000 0.0000000 0.0000000 0.2552522
0.2308835 0.2065417 0.0177324 0.0007950 0.0000111 0.0000000 0.0000000 0.0000000 0.0000000 0.2250802
0.2509638 0.1800665 0.0176041 0.0009161 0.0000422 0.0000000 0.0000000 0.0000000 0.0000000 0.1986290
0.2710442 0.1569849 0.0172166 0.0009444 0.0000349 0.0000002 0.0000000 0.0000000 0.0000000 0.1751810
0.2911245 0.1368620 0.0167526 0.0009949 0.0000417 0.0000002 0.0000000 0.0000000 0.0000000 0.1546514
0.3112048 0.1193186 0.0161508 0.0011279 0.0000569 0.0000002 0.0000000 0.0000000 0.0000000 0.1366544
0.3312851 0.1040239 0.0155184 0.0012279 0.0000697 0.0000011 0.0000000 0.0000000 0.0000000 0.1208410
0.3513654 0.0906898 0.0147389 0.0011886 0.0000485 0.0000013 0.0000000 0.0000000 0.0000000 0.1066670
0.3714458 0.0790648 0.0139418 0.0012164 0.0000764 0.0000020 0.0000000 0.0000000 0.0000000 0.0943014
0.3915261 0.0689300 0.0132230 0.0012894 0.0000800 0.0000030 0.0000000 0.0000000 0.0000000 0.0835254
0.4116064 0.0600943 0.0123828 0.0012543 0.0000919 0.0000068 0.0000000 0.0000000 0.0000000 0.0738301
0.4316867 0.0523912 0.0116077 0.0013075 0.0000998 0.0000099 0.0000013 0.0000000 0.0000000 0.0654174
0.4517670 0.0456755 0.0108365 0.0013190 0.0001194 0.0000044 0.0000003 0.0000000 0.0000000 0.0579552
0.4718474 0.0398207 0.0100828 0.0013492 0.0001182 0.0000083 0.0000001 0.0000000 0.0000000 0.0513794
0.4919277 0.0347163 0.0093728 0.0013053 0.0001233 0.0000127 0.0000002 0.0000000 0.0000000 0.0455307
0.5120080 0.0302663 0.0086720 0.0013041 0.0001338 0.0000122 0.0000000 0.0000000 0.0000000 0.0403883
0.5320883 0.0263866 0.0080266 0.0012629 0.0001303 0.0000103 0.0000015 0.0000000 0.0000000 0.0358183
0.5521687 0.0230043 0.0073983 0.0012363 0.0001401 0.0000084 0.0000013 0.0000002 0.0000000 0.0317889
0.5722489 0.0200555 0.0068098 0.0011764 0.0001372 0.0000164 0.0000006 0.0000000 0.0000000 0.0281959
0.5923293 0.0174847 0.0062507 0.0011436 0.0001501 0.0000130 0.0000003 0.0000000 0.0000000 0.0250425
0.6124096 0.0152435 0.0057272 0.0010983 0.0001537 0.0000122 0.0000019 0.0000002 0.0000000 0.0222370
0.6324899 0.0132895 0.0052561 0.0010650 0.0001560 0.0000143 0.0000003 0.0000000 0.0000000 0.0197812
0.6525702 0.0115860 0.0048189 0.0010319 0.0001506 0.0000156 0.0000010 0.0000000 0.0000000 0.0176041
0.6726506 0.0101009 0.0043879 0.0009753 0.0001502 0.0000220 0.0000027 0.0000000 0.0000000 0.0156389
0.6927309 0.0088061 0.0040289 0.0009414 0.0001537 0.0000191 0.0000038 0.0000001 0.0000000 0.0139532
0.7128112 0.0076773 0.0036679 0.0009056 0.0001490 0.0000163 0.0000017 0.0000000 0.0000000 0.0124178
0.7328916 0.0066932 0.0033493 0.0008360 0.0001448 0.0000157 0.0000011 0.0000000 0.0000000 0.0110402
0.7529718 0.0058353 0.0030501 0.0008132 0.0001434 0.0000204 0.0000035 0.0000003 0.0000000 0.0098662
0.7730522 0.0050873 0.0027736 0.0007576 0.0001359 0.0000228 0.0000019 0.0000004 0.0000000 0.0087796
0.7931325 0.0044352 0.0025249 0.0007370 0.0001492 0.0000224 0.0000026 0.0000000 0.0000000 0.0078713
0.8132128 0.0038667 0.0022878 0.0006746 0.0001300 0.0000206 0.0000023 0.0000002 0.0000002 0.0069823
0.8332931 0.0033710 0.0020825 0.0006460 0.0001352 0.0000224 0.0000039 0.0000003 0.0000000 0.0062613
0.8533735 0.0029389 0.0018893 0.0006063 0.0001414 0.0000261 0.0000041 0.0000001 0.0000000 0.0056062
0.8734538 0.0025622 0.0017120 0.0005623 0.0001280 0.0000206 0.0000022 0.0000001 0.0000000 0.0049875
0.8935341 0.0022338 0.0015471 0.0005380 0.0001292 0.0000222 0.0000026 0.0000004 0.0000000 0.0044733
0.9136144 0.0019474 0.0014047 0.0005103 0.0001212 0.0000226 0.0000033 0.0000004 0.0000000 0.0040100
0.9336947 0.0016978 0.0012757 0.0004684 0.0001178 0.0000229 0.0000038 0.0000001 0.0000000 0.0035865
0.9537750 0.0014802 0.0011515 0.0004361 0.0001118 0.0000205 0.0000036 0.0000008 0.0000001 0.0032046
0.9738554 0.0012904 0.0010420 0.0004123 0.0001106 0.0000232 0.0000035 0.0000003 0.0000000 0.0028824
0.9939357 0.0011250 0.0009439 0.0003813 0.0001062 0.0000209 0.0000028 0.0000002 0.0000000 0.0025802
1.0140160 0.0009808 0.0008562 0.0003580 0.0001040 0.0000221 0.0000042 0.0000002 0.0000000 0.0023255
1.0340964 0.0008551 0.0007751 0.0003433 0.0001016 0.0000215 0.0000035 0.0000007 0.0000001 0.0021009
1.0541767 0.0007455 0.0006997 0.0003140 0.0000902 0.0000217 0.0000034 0.0000004 0.0000000 0.0018749
1.0742570 0.0006499 0.0006306 0.0002900 0.0000890 0.0000209 0.0000037 0.0000005 0.0000001 0.0016845
1.0943373 0.0005666 0.0005708 0.0002717 0.0000922 0.0000209 0.0000047 0.0000006 0.0000000 0.0015274
1.1144177 0.0004940 0.0005177 0.0002532 0.0000832 0.0000196 0.0000043 0.0000006 0.0000001 0.0013727
1.1344979 0.0004307 0.0004671 0.0002368 0.0000822 0.0000213 0.0000035 0.0000006 0.0000000 0.0012421
1.1545782 0.0003755 0.0004183 0.0002177 0.0000766 0.0000191 0.0000041 0.0000006 0.0000000 0.0011119
1.1746585 0.0003273 0.0003786 0.0002002 0.0000712 0.0000198 0.0000038 0.0000006 0.0000000 0.0010016
1.1947389 0.0002854 0.0003430 0.0001874 0.0000680 0.0000185 0.0000038 0.0000007 0.0000004 0.0009071
1.2148192 0.0002488 0.0003099 0.0001725 0.0000644 0.0000170 0.0000038 0.0000008 0.0000001 0.0008173
1.2348995 0.0002169 0.0002794 0.0001624 0.0000624 0.0000173 0.0000037 0.0000008 0.0000001 0.0007429
1.2549798 0.0001891 0.0002514 0.0001502 0.0000590 0.0000169 0.0000039 0.0000006 0.0000001 0.0006712
1.2750602 0.0001649 0.0002276 0.0001394 0.0000557 0.0000159 0.0000034 0.0000006 0.0000000 0.0006076
1.2951405 0.0001437 0.0002058 0.0001287 0.0000528 0.0000160 0.0000044 0.0000009 0.0000002 0.0005526
1.3152208 0.0001253 0.0001854 0.0001200 0.0000506 0.0000155 0.0000036 0.0000005 0.0000000 0.0005010
1.3353012 0.0001092 0.0001676 0.0001114 0.0000485 0.0000156 0.0000043 0.0000011 0.0000002 0.0004577
1.3553815 0.0000952 0.0001515 0.0001023 0.0000458 0.0000146 0.0000033 0.0000006 0.0000000 0.0004134
1.3754618 0.0000830 0.0001361 0.0000946 0.0000435 0.0000142 0.0000036 0.0000007 0.0000001 0.0003758
1.3955421 0.0000724 0.0001230 0.0000874 0.0000405 0.0000136 0.0000034 0.0000006 0.0000001 0.0003411
1.4156225 0.0000631 0.0001108 0.0000809 0.0000376 0.0000129 0.0000034 0.0000008 0.0000001 0.0003096
1.4357028 0.0000550 0.0001005 0.0000752 0.0000369 0.0000130 0.0000036 0.0000007 0.0000002 0.0002851
1.4557831 0.0000480 0.0000904 0.0000697 0.0000338 0.0000120 0.0000036 0.0000009 0.0000002 0.0002585
1.4758633 0.0000418 0.0000814 0.0000647 0.0000330 0.0000118 0.0000037 0.0000007 0.0000002 0.0002373
1.4959437 0.0000365 0.0000741 0.0000594 0.0000306 0.0000113 0.0000034 0.0000007 0.0000002 0.0002160
1.5160240 0.0000318 0.0000670 0.0000554 0.0000288 0.0000110 0.0000034 0.0000008 0.0000002 0.0001985
1.5361043 0.0000277 0.0000601 0.0000509 0.0000282 0.0000111 0.0000036 0.0000010 0.0000001 0.0001826
1.5561846 0.0000242 0.0000543 0.0000466 0.0000254 0.0000103 0.0000032 0.0000009 0.0000002 0.0001650
1.5762650 0.0000211 0.0000493 0.0000438 0.0000243 0.0000095 0.0000030 0.0000009 0.0000003 0.0001521
1.5963453 0.0000184 0.0000444 0.0000402 0.0000227 0.0000093 0.0000029 0.0000009 0.0000002 0.0001389
1.6164256 0.0000160 0.0000402 0.0000375 0.0000219 0.0000088 0.0000030 0.0000009 0.0000002 0.0001285
1.6365060 0.0000140 0.0000365 0.0000346 0.0000206 0.0000086 0.0000028 0.0000008 0.0000002 0.0001180
1.6565863 0.0000122 0.0000328 0.0000318 0.0000193 0.0000082 0.0000030 0.0000009 0.0000002 0.0001084
1.6766666 0.0000106 0.0000297 0.0000290 0.0000174 0.0000075 0.0000026 0.0000007 0.0000002 0.0000979
1.6967469 0.0000092 0.0000270 0.0000269 0.0000167 0.0000075 0.0000026 0.0000008 0.0000002 0.0000909
1.7168273 0.0000081 0.0000244 0.0000253 0.0000158 0.0000070 0.0000025 0.0000006 0.0000002 0.0000839
1.7369076 0.0000070 0.0000219 0.0000229 0.0000148 0.0000066 0.0000024 0.0000006 0.0000002 0.0000764
1.7569879 0.0000061 0.0000198 0.0000213 0.0000143 0.0000066 0.0000024 0.0000008 0.0000002 0.0000715
1.7770681 0.0000053 0.0000181 0.0000197 0.0000133 0.0000064 0.0000023 0.0000007 0.0000002 0.0000660
1.7971485 0.0000047 0.0000164 0.0000184 0.0000127 0.0000059 0.0000023 0.0000007 0.0000003 0.0000612
1.8172288 0.0000041 0.0000149 0.0000170 0.0000116 0.0000056 0.0000022 0.0000007 0.0000002 0.0000561
1.8373091 0.0000035 0.0000135 0.0000157 0.0000110 0.0000054 0.0000022 0.0000008 0.0000002 0.0000523
1.8573895 0.0000031 0.0000123 0.0000144 0.0000102 0.0000050 0.0000019 0.0000006 0.0000002 0.0000477
1.8774698 0.0000027 0.0000110 0.0000133 0.0000095 0.0000049 0.0000020 0.0000005 0.0000002 0.0000440
1.8975501 0.0000023 0.0000099 0.0000123 0.0000090 0.0000046 0.0000019 0.0000006 0.0000002 0.0000408
1.9176304 0.0000020 0.0000091 0.0000116 0.0000086 0.0000045 0.0000018 0.0000006 0.0000002 0.0000384
1.9377108 0.0000018 0.0000083 0.0000105 0.0000078 0.0000041 0.0000018 0.0000006 0.0000002 0.0000352
1.9577911 0.0000016 0.0000074 0.0000097 0.0000073 0.0000039 0.0000016 0.0000005 0.0000001 0.0000321
1.9778714 0.0000014 0.0000067 0.0000090 0.0000070 0.0000038 0.0000015 0.0000005 0.0000001 0.0000300
1.9979517 0.0000012 0.0000061 0.0000083 0.0000067 0.0000037 0.0000016 0.0000006 0.0000002 0.0000285
2.0180321 0.0000010 0.0000056 0.0000077 0.0000061 0.0000035 0.0000015 0.0000006 0.0000002 0.0000261
2.0381124 0.0000009 0.0000050 0.0000070 0.0000057 0.0000033 0.0000014 0.0000005 0.0000001 0.0000240
2.0581927 0.0000008 0.0000046 0.0000065 0.0000052 0.0000031 0.0000014 0.0000005 0.0000002 0.0000222
2.0782731 0.0000007 0.0000042 0.0000062 0.0000052 0.0000032 0.0000014 0.0000005 0.0000002 0.0000214
2.0983534 0.0000006 0.0000038 0.0000056 0.0000048 0.0000029 0.0000013 0.0000005 0.0000001 0.0000197
2.1184337 0.0000005 0.0000035 0.0000053 0.0000046 0.0000027 0.0000013 0.0000005 0.0000001 0.0000185
2.1385140 0.0000005 0.0000032 0.0000049 0.0000043 0.0000025 0.0000012 0.0000004 0.0000001 0.0000170
2.1585944 0.0000004 0.0000029 0.0000045 0.0000039 0.0000024 0.0000012 0.0000004 0.0000001 0.0000158
2.1786747 0.0000003 0.0000026 0.0000042 0.0000037 0.0000022 0.0000010 0.0000004 0.0000001 0.0000146
2.1987550 0.0000003 0.0000024 0.0000038 0.0000035 0.0000021 0.0000010 0.0000004 0.0000001 0.0000136
2.2188354 0.0000003 0.0000022 0.0000036 0.0000033 0.0000021 0.0000011 0.0000004 0.0000001 0.0000130
2.2389157 0.0000002 0.0000020 0.0000033 0.0000031 0.0000020 0.0000010 0.0000004 0.0000002 0.0000122
2.2589958 0.0000002 0.0000018 0.0000031 0.0000029 0.0000019 0.0000009 0.0000004 0.0000001 0.0000115
2.2790761 0.0000002 0.0000017 0.0000028 0.0000027 0.0000017 0.0000009 0.0000003 0.0000001 0.0000104
2.2991564 0.0000002 0.0000015 0.0000026 0.0000025 0.0000016 0.0000008 0.0000004 0.0000001 0.0000097
2.3192368 0.0000001 0.0000014 0.0000025 0.0000024 0.0000016 0.0000008 0.0000003 0.0000001 0.0000094
2.3393171 0.0000001 0.0000013 0.0000022 0.0000022 0.0000015 0.0000008 0.0000003 0.0000001 0.0000085
2.3593974 0.0000001 0.0000012 0.0000021 0.0000021 0.0000014 0.0000007 0.0000003 0.0000001 0.0000081
2.3794777 0.0000001 0.0000010 0.0000019 0.0000019 0.0000014 0.0000007 0.0000003 0.0000001 0.0000075
2.3995581 0.0000001 0.0000010 0.0000018 0.0000018 0.0000012 0.0000007 0.0000003 0.0000001 0.0000070
2.4196384 0.0000001 0.0000009 0.0000016 0.0000017 0.0000012 0.0000006 0.0000003 0.0000001 0.0000064
2.4397187 0.0000001 0.0000008 0.0000016 0.0000016 0.0000011 0.0000006 0.0000003 0.0000001 0.0000062
2.4597991 0.0000001 0.0000008 0.0000015 0.0000016 0.0000011 0.0000006 0.0000003 0.0000001 0.0000060
2.4798794 0.0000000 0.0000007 0.0000014 0.0000014 0.0000010 0.0000006 0.0000003 0.0000001 0.0000055
2.4999597 0.0000000 0.0000006 0.0000012 0.0000013 0.0000010 0.0000005 0.0000002 0.0000001 0.0000051
2.5200400 0.0000000 0.0000006 0.0000011 0.0000012 0.0000009 0.0000005 0.0000002 0.0000001 0.0000048
2.5401204 0.0000000 0.0000005 0.0000010 0.0000011 0.0000008 0.0000005 0.0000002 0.0000001 0.0000044
2.5602007 0.0000000 0.0000005 0.0000010 0.0000011 0.0000008 0.0000005 0.0000002 0.0000001 0.0000042
2.5802810 0.0000000 0.0000004 0.0000009 0.0000010 0.0000008 0.0000005 0.0000002 0.0000001 0.0000039
2.6003613 0.0000000 0.0000004 0.0000009 0.0000010 0.0000007 0.0000005 0.0000002 0.0000001 0.0000038
2.6204417 0.0000000 0.0000004 0.0000008 0.0000009 0.0000007 0.0000004 0.0000002 0.0000001 0.0000035
2.6405220 0.0000000 0.0000003 0.0000007 0.0000008 0.0000007 0.0000004 0.0000002 0.0000001 0.0000033
2.6606023 0.0000000 0.0000003 0.0000007 0.0000008 0.0000006 0.0000004 0.0000002 0.0000001 0.0000030
2.6806827 0.0000000 0.0000003 0.0000006 0.0000008 0.0000006 0.0000004 0.0000002 0.0000001 0.0000029
2.7007630 0.0000000 0.0000003 0.0000006 0.0000007 0.0000005 0.0000004 0.0000002 0.0000001 0.0000027
2.7208433 0.0000000 0.0000002 0.0000005 0.0000007 0.0000005 0.0000003 0.0000002 0.0000001 0.0000026
2.7409236 0.0000000 0.0000002 0.0000005 0.0000006 0.0000005 0.0000003 0.0000002 0.0000001 0.0000023
2.7610040 0.0000000 0.0000002 0.0000005 0.0000006 0.0000005 0.0000003 0.0000002 0.0000001 0.0000023
2.7810843 0.0000000 0.0000002 0.0000004 0.0000005 0.0000004 0.0000003 0.0000001 0.0000001 0.0000021
2.8011646 0.0000000 0.0000002 0.0000004 0.0000005 0.0000004 0.0000003 0.0000001 0.0000001 0.0000020
2.8212450 0.0000000 0.0000002 0.0000004 0.0000005 0.0000004 0.0000003 0.0000001 0.0000001 0.0000019
2.8413253 0.0000000 0.0000001 0.0000004 0.0000004 0.0000004 0.0000003 0.0000001 0.0000001 0.0000018
2.8614056 0.0000000 0.0000001 0.0000003 0.0000004 0.0000004 0.0000002 0.0000001 0.0000001 0.0000017
2.8814859 0.0000000 0.0000001 0.0000003 0.0000004 0.0000003 0.0000002 0.0000001 0.0000000 0.0000014
