-------- p=3.913 a=1.000 mu=-2.200 N=20000000 time=2017-02-23 08:00:39 --------
0.0100000 0.9061417 0.0006521 0.0000000 0.0000000 0.0000000 0.0000000 0.0000000 0.0000000 0.9067938
0.0300803 0.7434377 0.0029318 0.0000145 0.0000000 0.0000000 0.0000000 0.0000000 0.0000000 0.7463840
0.0501606 0.6099484 0.0052402 0.0000122 0.0000000 0.0000000 0.0000000 0.0000000 0.0000000 0.6152008
0.0702410 0.5004279 0.0071081 0.0000322 0.0000000 0.0000000 0.0000000 0.0000000 0.0000000 0.5075682
0.0903213 0.4105726 0.0086721 0.0001217 0.0000000 0.0000000 0.0000000 0.0000000 0.0000000 0.4193665
0.1104016 0.3368515 0.0096439 0.0001390 0.0000016 0.0000000 0.0000000 0.0000000 0.0000000 0.3466359
0.1304819 0.2763674 0.0102994 0.0002006 0.0000000 0.0000000 0.0000000 0.0000000 0.0000000 0.2868675
0.1505622 0.2267438 0.0105138 0.0002620 0.0000015 0.0000000 0.0000000 0.0000000 0.0000000 0.2375210
0.1706426 0.1860304 0.0104546 0.0003501 0.0000100 0.0000000 0.0000000 0.0000000 0.0000000 0.1968451
0.1907229 0.1526273 0.0102412 0.0003501 0.0000073 0.0000000 0.0000000 0.0000000 0.0000000 0.1632259
0.2108032 0.1252220 0.0098357 0.0003885 0.0000093 0.0000000 0.0000000 0.0000000 0.0000000 0.1354555
0.2308835 0.1027376 0.0093345 0.0004300 0.0000112 0.0000000 0.0000000 0.0000000 0.0000000 0.1125132
0.2509638 0.0842903 0.0087047 0.0004464 0.0000143 0.0000000 0.0000000 0.0000000 0.0000000 0.0934557
0.2710442 0.0691554 0.0080593 0.0004678 0.0000195 0.0000006 0.0000000 0.0000000 0.0000000 0.0777026
0.2911245 0.0567381 0.0073920 0.0004888 0.0000184 0.0000001 0.0000000 0.0000000 0.0000000 0.0646373
0.3112048 0.0465504 0.0067407 0.0004961 0.0000245 0.0000016 0.0000000 0.0000000 0.0000000 0.0538133
0.3312851 0.0381919 0.0060861 0.0004696 0.0000304 0.0000005 0.0000000 0.0000000 0.0000000 0.0447786
0.3513654 0.0313343 0.0055009 0.0004970 0.0000298 0.0000006 0.0000000 0.0000000 0.0000000 0.0373626
0.3714458 0.0257080 0.0049252 0.0004820 0.0000364 0.0000022 0.0000000 0.0000000 0.0000000 0.0311537
0.3915261 0.0210920 0.0043958 0.0004626 0.0000354 0.0000032 0.0000002 0.0000000 0.0000000 0.0259892
0.4116064 0.0173048 0.0039136 0.0004394 0.0000367 0.0000029 0.0000000 0.0000000 0.0000000 0.0216973
0.4316867 0.0141976 0.0034683 0.0004304 0.0000345 0.0000044 0.0000002 0.0000000 0.0000000 0.0181352
0.4517670 0.0116483 0.0030699 0.0004030 0.0000350 0.0000005 0.0000001 0.0000000 0.0000000 0.0151568
0.4718474 0.0095568 0.0027110 0.0003933 0.0000396 0.0000027 0.0000000 0.0000000 0.0000000 0.0127034
0.4919277 0.0078408 0.0023786 0.0003764 0.0000400 0.0000020 0.0000003 0.0000000 0.0000000 0.0106380
0.5120080 0.0064329 0.0020879 0.0003421 0.0000407 0.0000024 0.0000000 0.0000000 0.0000000 0.0089060
0.5320883 0.0052778 0.0018419 0.0003331 0.0000403 0.0000053 0.0000009 0.0000000 0.0000000 0.0074993
0.5521687 0.0043302 0.0016068 0.0003017 0.0000344 0.0000028 0.0000000 0.0000000 0.0000000 0.0062759
0.5722489 0.0035527 0.0014105 0.0002808 0.0000358 0.0000034 0.0000001 0.0000000 0.0000000 0.0052833
0.5923293 0.0029148 0.0012370 0.0002644 0.0000373 0.0000038 0.0000001 0.0000000 0.0000000 0.0044573
0.6124096 0.0023914 0.0010785 0.0002347 0.0000341 0.0000032 0.0000005 0.0000000 0.0000000 0.0037424
0.6324899 0.0019620 0.0009373 0.0002252 0.0000353 0.0000042 0.0000007 0.0000002 0.0000000 0.0031649
0.6525702 0.0016097 0.0008230 0.0002000 0.0000334 0.0000052 0.0000003 0.0000000 0.0000000 0.0026717
0.6726506 0.0013207 0.0007186 0.0001869 0.0000328 0.0000044 0.0000002 0.0000000 0.0000000 0.0022636
0.6927309 0.0010835 0.0006268 0.0001726 0.0000315 0.0000042 0.0000002 0.0000000 0.0000000 0.0019188
0.7128112 0.0008890 0.0005462 0.0001569 0.0000294 0.0000045 0.0000003 0.0000000 0.0000000 0.0016263
0.7328916 0.0007294 0.0004771 0.0001455 0.0000287 0.0000044 0.0000006 0.0000000 0.0000000 0.0013857
0.7529718 0.0005984 0.0004171 0.0001332 0.0000283 0.0000045 0.0000004 0.0000000 0.0000000 0.0011819
0.7730522 0.0004910 0.0003638 0.0001210 0.0000262 0.0000040 0.0000006 0.0000000 0.0000000 0.0010066
0.7931325 0.0004028 0.0003171 0.0001100 0.0000254 0.0000050 0.0000007 0.0000001 0.0000000 0.0008611
0.8132128 0.0003305 0.0002764 0.0000993 0.0000231 0.0000042 0.0000005 0.0000000 0.0000000 0.0007339
0.8332931 0.0002711 0.0002423 0.0000931 0.0000224 0.0000036 0.0000007 0.0000000 0.0000000 0.0006332
0.8533735 0.0002224 0.0002125 0.0000855 0.0000217 0.0000041 0.0000007 0.0000001 0.0000000 0.0005470
0.8734538 0.0001825 0.0001855 0.0000768 0.0000207 0.0000041 0.0000007 0.0000002 0.0000000 0.0004703
0.8935341 0.0001497 0.0001639 0.0000705 0.0000198 0.0000037 0.0000008 0.0000001 0.0000000 0.0004085
0.9136144 0.0001229 0.0001426 0.0000648 0.0000184 0.0000036 0.0000005 0.0000000 0.0000000 0.0003528
0.9336947 0.0001008 0.0001251 0.0000593 0.0000173 0.0000037 0.0000005 0.0000000 0.0000000 0.0003068
0.9537750 0.0000827 0.0001096 0.0000537 0.0000161 0.0000035 0.0000005 0.0000001 0.0000000 0.0002662
0.9738554 0.0000678 0.0000963 0.0000489 0.0000152 0.0000034 0.0000005 0.0000001 0.0000000 0.0002323
0.9939357 0.0000557 0.0000846 0.0000447 0.0000145 0.0000035 0.0000006 0.0000001 0.0000000 0.0002038
1.0140160 0.0000457 0.0000749 0.0000409 0.0000139 0.0000031 0.0000006 0.0000001 0.0000000 0.0001792
1.0340964 0.0000375 0.0000665 0.0000380 0.0000129 0.0000032 0.0000006 0.0000001 0.0000000 0.0001587
1.0541767 0.0000307 0.0000582 0.0000347 0.0000125 0.0000031 0.0000006 0.0000001 0.0000000 0.0001400
1.0742570 0.0000252 0.0000515 0.0000315 0.0000114 0.0000029 0.0000007 0.0000001 0.0000000 0.0001234
1.0943373 0.0000207 0.0000457 0.0000289 0.0000106 0.0000028 0.0000006 0.0000001 0.0000000 0.0001094
1.1144177 0.0000170 0.0000402 0.0000265 0.0000104 0.0000028 0.0000006 0.0000001 0.0000000 0.0000976
1.1344979 0.0000139 0.0000357 0.0000244 0.0000098 0.0000027 0.0000006 0.0000001 0.0000000 0.0000873
1.1545782 0.0000114 0.0000320 0.0000225 0.0000091 0.0000026 0.0000006 0.0000001 0.0000000 0.0000783
1.1746585 0.0000094 0.0000284 0.0000206 0.0000086 0.0000025 0.0000006 0.0000001 0.0000000 0.0000702
1.1947389 0.0000077 0.0000249 0.0000185 0.0000081 0.0000025 0.0000006 0.0000001 0.0000000 0.0000625
1.2148192 0.0000063 0.0000223 0.0000173 0.0000075 0.0000023 0.0000006 0.0000001 0.0000000 0.0000564
1.2348995 0.0000052 0.0000200 0.0000159 0.0000071 0.0000023 0.0000006 0.0000001 0.0000000 0.0000511
1.2549798 0.0000042 0.0000181 0.0000148 0.0000068 0.0000022 0.0000006 0.0000001 0.0000000 0.0000468
1.2750602 0.0000035 0.0000160 0.0000135 0.0000064 0.0000021 0.0000006 0.0000001 0.0000000 0.0000421
1.2951405 0.0000029 0.0000143 0.0000123 0.0000058 0.0000020 0.0000006 0.0000001 0.0000000 0.0000379
1.3152208 0.0000023 0.0000127 0.0000112 0.0000056 0.0000019 0.0000006 0.0000001 0.0000000 0.0000344
1.3353012 0.0000019 0.0000117 0.0000106 0.0000053 0.0000019 0.0000005 0.0000001 0.0000000 0.0000320
1.3553815 0.0000016 0.0000105 0.0000099 0.0000051 0.0000019 0.0000005 0.0000001 0.0000000 0.0000296
1.3754618 0.0000013 0.0000091 0.0000088 0.0000047 0.0000016 0.0000005 0.0000001 0.0000000 0.0000261
1.3955421 0.0000011 0.0000085 0.0000083 0.0000045 0.0000016 0.0000005 0.0000001 0.0000000 0.0000246
1.4156225 0.0000009 0.0000075 0.0000075 0.0000040 0.0000016 0.0000005 0.0000001 0.0000000 0.0000220
1.4357028 0.0000007 0.0000068 0.0000070 0.0000040 0.0000015 0.0000004 0.0000001 0.0000000 0.0000206
1.4557831 0.0000006 0.0000061 0.0000064 0.0000036 0.0000014 0.0000004 0.0000001 0.0000000 0.0000186
1.4758633 0.0000005 0.0000056 0.0000060 0.0000034 0.0000013 0.0000004 0.0000001 0.0000000 0.0000174
1.4959437 0.0000004 0.0000050 0.0000055 0.0000033 0.0000014 0.0000005 0.0000001 0.0000000 0.0000162
1.5160240 0.0000003 0.0000046 0.0000052 0.0000031 0.0000013 0.0000004 0.0000001 0.0000000 0.0000150
1.5361043 0.0000003 0.0000041 0.0000047 0.0000028 0.0000012 0.0000004 0.0000001 0.0000000 0.0000136
1.5561846 0.0000002 0.0000037 0.0000044 0.0000027 0.0000012 0.0000004 0.0000001 0.0000000 0.0000127
1.5762650 0.0000002 0.0000034 0.0000040 0.0000025 0.0000011 0.0000003 0.0000001 0.0000000 0.0000116
1.5963453 0.0000001 0.0000031 0.0000037 0.0000024 0.0000010 0.0000003 0.0000001 0.0000000 0.0000108
1.6164256 0.0000001 0.0000028 0.0000034 0.0000022 0.0000010 0.0000004 0.0000001 0.0000000 0.0000101
1.6365060 0.0000001 0.0000025 0.0000031 0.0000021 0.0000009 0.0000003 0.0000001 0.0000000 0.0000091
1.6565863 0.0000001 0.0000023 0.0000029 0.0000019 0.0000009 0.0000003 0.0000001 0.0000000 0.0000086
1.6766666 0.0000001 0.0000021 0.0000027 0.0000019 0.0000009 0.0000003 0.0000001 0.0000000 0.0000081
1.6967469 0.0000001 0.0000019 0.0000025 0.0000017 0.0000008 0.0000003 0.0000001 0.0000000 0.0000073
1.7168273 0.0000000 0.0000018 0.0000023 0.0000017 0.0000008 0.0000003 0.0000001 0.0000000 0.0000070
1.7369076 0.0000000 0.0000017 0.0000023 0.0000016 0.0000008 0.0000003 0.0000001 0.0000000 0.0000068
1.7569879 0.0000000 0.0000015 0.0000020 0.0000014 0.0000007 0.0000003 0.0000001 0.0000000 0.0000061
1.7770681 0.0000000 0.0000013 0.0000019 0.0000014 0.0000007 0.0000003 0.0000001 0.0000000 0.0000058
1.7971485 0.0000000 0.0000012 0.0000016 0.0000012 0.0000006 0.0000002 0.0000001 0.0000000 0.0000050
1.8172288 0.0000000 0.0000011 0.0000016 0.0000012 0.0000006 0.0000003 0.0000001 0.0000000 0.0000050
1.8373091 0.0000000 0.0000010 0.0000014 0.0000011 0.0000006 0.0000002 0.0000001 0.0000000 0.0000043
1.8573895 0.0000000 0.0000009 0.0000014 0.0000011 0.0000006 0.0000002 0.0000001 0.0000000 0.0000045
1.8774698 0.0000000 0.0000008 0.0000012 0.0000010 0.0000005 0.0000002 0.0000001 0.0000000 0.0000039
1.8975501 0.0000000 0.0000008 0.0000012 0.0000009 0.0000005 0.0000002 0.0000001 0.0000000 0.0000037
1.9176304 0.0000000 0.0000007 0.0000011 0.0000009 0.0000005 0.0000002 0.0000001 0.0000000 0.0000037
1.9377108 0.0000000 0.0000006 0.0000010 0.0000008 0.0000004 0.0000002 0.0000001 0.0000000 0.0000032
1.9577911 0.0000000 0.0000005 0.0000008 0.0000007 0.0000004 0.0000002 0.0000001 0.0000000 0.0000028
1.9778714 0.0000000 0.0000005 0.0000009 0.0000008 0.0000004 0.0000002 0.0000001 0.0000000 0.0000029
1.9979517 0.0000000 0.0000005 0.0000008 0.0000006 0.0000004 0.0000002 0.0000001 0.0000000 0.0000025
2.0180321 0.0000000 0.0000004 0.0000007 0.0000006 0.0000003 0.0000002 0.0000001 0.0000000 0.0000023
2.0381124 0.0000000 0.0000004 0.0000007 0.0000006 0.0000003 0.0000001 0.0000001 0.0000000 0.0000022
2.0581927 0.0000000 0.0000004 0.0000006 0.0000005 0.0000003 0.0000001 0.0000001 0.0000000 0.0000020
2.0782731 0.0000000 0.0000004 0.0000006 0.0000005 0.0000003 0.0000002 0.0000001 0.0000000 0.0000020
2.0983534 0.0000000 0.0000003 0.0000005 0.0000005 0.0000003 0.0000001 0.0000001 0.0000000 0.0000018
2.1184337 0.0000000 0.0000003 0.0000005 0.0000005 0.0000003 0.0000001 0.0000001 0.0000000 0.0000018
2.1385140 0.0000000 0.0000002 0.0000004 0.0000004 0.0000002 0.0000001 0.0000000 0.0000000 0.0000015
2.1585944 0.0000000 0.0000002 0.0000004 0.0000004 0.0000003 0.0000001 0.0000000 0.0000000 0.0000015
2.1786747 0.0000000 0.0000002 0.0000004 0.0000004 0.0000002 0.0000001 0.0000000 0.0000000 0.0000015
2.1987550 0.0000000 0.0000002 0.0000003 0.0000003 0.0000002 0.0000001 0.0000000 0.0000000 0.0000011
2.2188354 0.0000000 0.0000002 0.0000003 0.0000003 0.0000002 0.0000001 0.0000000 0.0000000 0.0000011
2.2389157 0.0000000 0.0000001 0.0000003 0.0000003 0.0000002 0.0000001 0.0000000 0.0000000 0.0000010
2.2589958 0.0000000 0.0000001 0.0000003 0.0000003 0.0000002 0.0000001 0.0000000 0.0000000 0.0000010
2.2790761 0.0000000 0.0000001 0.0000003 0.0000003 0.0000002 0.0000001 0.0000000 0.0000000 0.0000010
2.2991564 0.0000000 0.0000001 0.0000002 0.0000002 0.0000002 0.0000001 0.0000000 0.0000000 0.0000008
2.3192368 0.0000000 0.0000001 0.0000002 0.0000002 0.0000002 0.0000001 0.0000000 0.0000000 0.0000008
2.3393171 0.0000000 0.0000001 0.0000002 0.0000002 0.0000001 0.0000001 0.0000000 0.0000000 0.0000008
2.3593974 0.0000000 0.0000001 0.0000002 0.0000002 0.0000001 0.0000001 0.0000000 0.0000000 0.0000007
2.3794777 0.0000000 0.0000001 0.0000002 0.0000002 0.0000001 0.0000001 0.0000000 0.0000000 0.0000006
2.3995581 0.0000000 0.0000001 0.0000001 0.0000001 0.0000001 0.0000000 0.0000000 0.0000000 0.0000004
2.4196384 0.0000000 0.0000001 0.0000001 0.0000001 0.0000001 0.0000000 0.0000000 0.0000000 0.0000005
2.4397187 0.0000000 0.0000000 0.0000001 0.0000001 0.0000001 0.0000000 0.0000000 0.0000000 0.0000004
2.4597991 0.0000000 0.0000001 0.0000001 0.0000001 0.0000001 0.0000001 0.0000000 0.0000000 0.0000005
2.4798794 0.0000000 0.0000000 0.0000001 0.0000001 0.0000001 0.0000000 0.0000000 0.0000000 0.0000004
2.4999597 0.0000000 0.0000000 0.0000001 0.0000001 0.0000001 0.0000000 0.0000000 0.0000000 0.0000004
2.5200400 0.0000000 0.0000000 0.0000001 0.0000001 0.0000001 0.0000000 0.0000000 0.0000000 0.0000004
2.5401204 0.0000000 0.0000000 0.0000001 0.0000001 0.0000001 0.0000000 0.0000000 0.0000000 0.0000003
2.5602007 0.0000000 0.0000000 0.0000001 0.0000001 0.0000001 0.0000000 0.0000000 0.0000000 0.0000003
2.5802810 0.0000000 0.0000000 0.0000001 0.0000001 0.0000000 0.0000000 0.0000000 0.0000000 0.0000002
2.6003613 0.0000000 0.0000000 0.0000000 0.0000001 0.0000000 0.0000000 0.0000000 0.0000000 0.0000002
2.6204417 0.0000000 0.0000000 0.0000001 0.0000001 0.0000000 0.0000000 0.0000000 0.0000000 0.0000002
2.6405220 0.0000000 0.0000000 0.0000000 0.0000000 0.0000000 0.0000000 0.0000000 0.0000000 0.0000001
2.6606023 0.0000000 0.0000000 0.0000000 0.0000000 0.0000000 0.0000000 0.0000000 0.0000000 0.0000002
2.6806827 0.0000000 0.0000000 0.0000000 0.0000000 0.0000000 0.0000000 0.0000000 0.0000000 0.0000001
2.7007630 0.0000000 0.0000000 0.0000000 0.0000000 0.0000000 0.0000000 0.0000000 0.0000000 0.0000002
2.7208433 0.0000000 0.0000000 0.0000000 0.0000000 0.0000000 0.0000000 0.0000000 0.0000000 0.0000001
2.7409236 0.0000000 0.0000000 0.0000000 0.0000000 0.0000000 0.0000000 0.0000000 0.0000000 0.0000001
