-------- p=3.043 a=2.000 mu=-2.200 N=20000000 time=2017-02-23 07:05:08 --------
0.0100000 0.9339674 0.0013416 0.0000011 0.0000000 0.0000000 0.0000000 0.0000000 0.0000000 0.9353100
0.0300803 0.8142482 0.0064905 0.0000096 0.0000000 0.0000000 0.0000000 0.0000000 0.0000000 0.8207482
0.0501606 0.7098750 0.0120397 0.0001441 0.0000017 0.0000000 0.0000000 0.0000000 0.0000000 0.7220605
0.0702410 0.6188807 0.0173652 0.0002350 0.0000282 0.0000000 0.0000000 0.0000000 0.0000000 0.6365092
0.0903213 0.5395505 0.0222454 0.0004190 0.0000071 0.0000000 0.0000000 0.0000000 0.0000000 0.5622219
0.1104016 0.4703890 0.0263173 0.0007706 0.0000234 0.0000000 0.0000000 0.0000000 0.0000000 0.4975003
0.1304819 0.4100929 0.0296773 0.0011567 0.0000301 0.0000002 0.0000000 0.0000000 0.0000000 0.4409571
0.1505622 0.3575258 0.0318693 0.0015287 0.0000554 0.0000000 0.0000000 0.0000000 0.0000000 0.3909792
0.1706426 0.3116968 0.0336927 0.0019251 0.0000879 0.0000104 0.0000000 0.0000000 0.0000000 0.3474129
0.1907229 0.2717424 0.0347906 0.0022030 0.0001020 0.0000022 0.0000000 0.0000000 0.0000000 0.3088403
0.2108032 0.2369096 0.0353556 0.0026818 0.0001486 0.0000027 0.0000001 0.0000000 0.0000000 0.2750982
0.2308835 0.2065417 0.0352429 0.0030235 0.0001987 0.0000131 0.0000000 0.0000000 0.0000000 0.2450199
0.2509638 0.1800665 0.0350103 0.0035041 0.0002166 0.0000191 0.0000000 0.0000000 0.0000000 0.2188166
0.2710442 0.1569849 0.0341650 0.0037778 0.0002523 0.0000150 0.0000016 0.0000000 0.0000000 0.1951967
0.2911245 0.1368620 0.0331037 0.0042112 0.0003371 0.0000273 0.0000060 0.0000003 0.0000000 0.1745475
0.3112048 0.1193186 0.0318440 0.0042123 0.0004136 0.0000158 0.0000001 0.0000000 0.0000000 0.1558043
0.3312851 0.1040239 0.0304813 0.0045085 0.0004822 0.0000301 0.0000004 0.0000000 0.0000000 0.1395264
0.3513654 0.0906898 0.0290886 0.0047059 0.0005036 0.0000315 0.0000001 0.0000000 0.0000000 0.1250195
0.3714458 0.0790648 0.0274619 0.0049936 0.0005840 0.0000598 0.0000012 0.0000000 0.0000000 0.1121653
0.3915261 0.0689300 0.0258874 0.0050571 0.0006700 0.0000572 0.0000130 0.0000015 0.0000000 0.1006162
0.4116064 0.0600943 0.0243067 0.0050407 0.0006481 0.0000675 0.0000081 0.0000000 0.0000000 0.0901654
0.4316867 0.0523912 0.0227848 0.0050916 0.0007773 0.0000901 0.0000107 0.0000003 0.0000000 0.0811461
0.4517670 0.0456755 0.0212681 0.0050471 0.0008668 0.0000946 0.0000088 0.0000004 0.0000000 0.0729614
0.4718474 0.0398207 0.0198285 0.0050223 0.0009284 0.0001544 0.0000303 0.0000011 0.0000000 0.0657858
0.4919277 0.0347163 0.0183530 0.0050103 0.0009641 0.0001235 0.0000129 0.0000002 0.0000000 0.0591803
0.5120080 0.0302663 0.0170491 0.0048730 0.0009469 0.0001597 0.0000270 0.0000113 0.0000008 0.0533340
0.5320883 0.0263866 0.0157656 0.0047742 0.0010215 0.0001414 0.0000199 0.0000081 0.0000058 0.0481231
0.5521687 0.0230043 0.0145804 0.0047284 0.0010637 0.0001775 0.0000317 0.0000019 0.0000001 0.0435879
0.5722489 0.0200555 0.0134907 0.0046137 0.0010770 0.0001742 0.0000226 0.0000019 0.0000000 0.0394356
0.5923293 0.0174847 0.0123788 0.0044067 0.0010862 0.0002132 0.0000372 0.0000015 0.0000000 0.0356083
0.6124096 0.0152435 0.0113763 0.0043144 0.0011004 0.0002210 0.0000419 0.0000076 0.0000009 0.0323060
0.6324899 0.0132895 0.0104324 0.0041584 0.0011403 0.0002743 0.0000409 0.0000064 0.0000001 0.0293423
0.6525702 0.0115860 0.0096102 0.0039561 0.0011495 0.0002222 0.0000363 0.0000057 0.0000004 0.0265665
0.6726506 0.0101009 0.0087982 0.0038320 0.0011865 0.0002876 0.0000427 0.0000078 0.0000002 0.0242558
0.6927309 0.0088061 0.0080698 0.0036990 0.0011619 0.0002835 0.0000612 0.0000123 0.0000013 0.0220950
0.7128112 0.0076773 0.0073583 0.0034650 0.0011730 0.0003158 0.0000590 0.0000136 0.0000021 0.0200641
0.7328916 0.0066932 0.0067201 0.0033195 0.0011382 0.0003208 0.0000640 0.0000067 0.0000001 0.0182625
0.7529718 0.0058353 0.0061112 0.0031288 0.0011228 0.0003000 0.0000642 0.0000190 0.0000044 0.0165857
0.7730522 0.0050873 0.0055918 0.0030297 0.0010836 0.0002970 0.0000649 0.0000099 0.0000004 0.0151645
0.7931325 0.0044352 0.0050894 0.0028580 0.0011140 0.0003235 0.0000823 0.0000142 0.0000013 0.0139179
0.8132128 0.0038667 0.0046358 0.0026584 0.0010536 0.0003239 0.0000653 0.0000096 0.0000051 0.0126183
0.8332931 0.0033710 0.0042266 0.0025223 0.0010346 0.0003214 0.0000801 0.0000175 0.0000020 0.0115756
0.8533735 0.0029389 0.0038357 0.0023978 0.0010382 0.0003385 0.0000942 0.0000209 0.0000022 0.0106663
0.8734538 0.0025622 0.0034935 0.0022799 0.0010209 0.0003585 0.0000971 0.0000204 0.0000037 0.0098362
0.8935341 0.0022338 0.0031686 0.0021364 0.0009947 0.0003355 0.0000925 0.0000269 0.0000148 0.0090031
0.9136144 0.0019474 0.0028740 0.0019947 0.0009514 0.0003376 0.0000895 0.0000149 0.0000023 0.0082118
0.9336947 0.0016978 0.0026066 0.0018651 0.0009250 0.0003456 0.0001002 0.0000264 0.0000055 0.0075722
0.9537750 0.0014802 0.0023585 0.0017670 0.0009008 0.0003298 0.0000988 0.0000245 0.0000058 0.0069653
0.9738554 0.0012904 0.0021504 0.0016624 0.0008827 0.0003524 0.0001197 0.0000285 0.0000070 0.0064934
0.9939357 0.0011250 0.0019471 0.0015350 0.0008296 0.0003290 0.0001030 0.0000228 0.0000066 0.0058981
1.0140160 0.0009808 0.0017654 0.0014569 0.0008255 0.0003497 0.0001113 0.0000314 0.0000104 0.0055315
1.0340964 0.0008551 0.0015896 0.0013523 0.0007746 0.0003237 0.0001084 0.0000311 0.0000084 0.0050433
1.0541767 0.0007455 0.0014498 0.0012808 0.0007599 0.0003276 0.0001059 0.0000256 0.0000071 0.0047022
1.0742570 0.0006499 0.0013034 0.0011902 0.0007286 0.0003335 0.0001160 0.0000428 0.0000151 0.0043795
1.0943373 0.0005666 0.0011811 0.0011067 0.0006939 0.0003256 0.0001123 0.0000347 0.0000118 0.0040327
1.1144177 0.0004940 0.0010680 0.0010356 0.0006583 0.0003091 0.0001153 0.0000366 0.0000150 0.0037320
1.1344979 0.0004307 0.0009706 0.0009629 0.0006363 0.0003203 0.0001190 0.0000349 0.0000101 0.0034848
1.1545782 0.0003755 0.0008762 0.0009021 0.0006173 0.0003140 0.0001278 0.0000440 0.0000101 0.0032669
1.1746585 0.0003273 0.0007912 0.0008342 0.0005756 0.0002933 0.0001208 0.0000394 0.0000111 0.0029927
1.1947389 0.0002854 0.0007129 0.0007727 0.0005578 0.0002888 0.0001197 0.0000395 0.0000124 0.0027893
1.2148192 0.0002488 0.0006509 0.0007197 0.0005247 0.0002743 0.0001169 0.0000406 0.0000131 0.0025889
1.2348995 0.0002169 0.0005817 0.0006587 0.0004885 0.0002725 0.0001208 0.0000408 0.0000155 0.0023955
1.2549798 0.0001891 0.0005288 0.0006240 0.0004897 0.0002822 0.0001332 0.0000528 0.0000154 0.0023151
1.2750602 0.0001649 0.0004751 0.0005760 0.0004491 0.0002585 0.0001215 0.0000437 0.0000102 0.0020989
1.2951405 0.0001437 0.0004291 0.0005334 0.0004285 0.0002577 0.0001230 0.0000457 0.0000150 0.0019762
1.3152208 0.0001253 0.0003888 0.0004960 0.0004145 0.0002511 0.0001242 0.0000488 0.0000161 0.0018647
1.3353012 0.0001092 0.0003508 0.0004624 0.0003948 0.0002420 0.0001181 0.0000463 0.0000145 0.0017382
1.3553815 0.0000952 0.0003174 0.0004306 0.0003707 0.0002338 0.0001227 0.0000513 0.0000220 0.0016436
1.3754618 0.0000830 0.0002870 0.0003970 0.0003526 0.0002278 0.0001147 0.0000470 0.0000178 0.0015270
1.3955421 0.0000724 0.0002603 0.0003697 0.0003311 0.0002242 0.0001171 0.0000520 0.0000162 0.0014429
1.4156225 0.0000631 0.0002344 0.0003428 0.0003161 0.0002148 0.0001103 0.0000470 0.0000185 0.0013469
1.4357028 0.0000550 0.0002105 0.0003159 0.0003012 0.0002114 0.0001128 0.0000484 0.0000211 0.0012763
1.4557831 0.0000480 0.0001911 0.0002928 0.0002878 0.0002032 0.0001135 0.0000511 0.0000187 0.0012061
1.4758633 0.0000418 0.0001731 0.0002685 0.0002701 0.0001965 0.0001149 0.0000550 0.0000198 0.0011398
1.4959437 0.0000365 0.0001581 0.0002547 0.0002597 0.0001904 0.0001087 0.0000511 0.0000216 0.0010808
1.5160240 0.0000318 0.0001400 0.0002307 0.0002398 0.0001785 0.0001116 0.0000548 0.0000220 0.0010091
1.5361043 0.0000277 0.0001272 0.0002136 0.0002254 0.0001737 0.0001038 0.0000549 0.0000229 0.0009492
1.5561846 0.0000242 0.0001169 0.0002040 0.0002186 0.0001678 0.0001058 0.0000542 0.0000231 0.0009145
1.5762650 0.0000211 0.0001052 0.0001872 0.0002064 0.0001632 0.0001013 0.0000502 0.0000218 0.0008564
1.5963453 0.0000184 0.0000946 0.0001712 0.0001913 0.0001567 0.0000997 0.0000526 0.0000220 0.0008064
1.6164256 0.0000160 0.0000842 0.0001573 0.0001783 0.0001444 0.0000916 0.0000513 0.0000230 0.0007463
1.6365060 0.0000140 0.0000783 0.0001489 0.0001723 0.0001391 0.0000890 0.0000468 0.0000228 0.0007111
1.6565863 0.0000122 0.0000696 0.0001365 0.0001613 0.0001376 0.0000893 0.0000506 0.0000220 0.0006791
1.6766666 0.0000106 0.0000624 0.0001226 0.0001454 0.0001264 0.0000826 0.0000456 0.0000208 0.0006165
1.6967469 0.0000092 0.0000569 0.0001153 0.0001389 0.0001218 0.0000828 0.0000462 0.0000220 0.0005932
1.7168273 0.0000081 0.0000513 0.0001076 0.0001357 0.0001231 0.0000873 0.0000506 0.0000249 0.0005886
1.7369076 0.0000070 0.0000477 0.0001008 0.0001281 0.0001145 0.0000803 0.0000461 0.0000214 0.0005460
1.7569879 0.0000061 0.0000422 0.0000904 0.0001170 0.0001074 0.0000757 0.0000449 0.0000217 0.0005055
1.7770681 0.0000053 0.0000377 0.0000810 0.0001063 0.0000978 0.0000707 0.0000415 0.0000214 0.0004617
1.7971485 0.0000047 0.0000346 0.0000791 0.0001066 0.0001030 0.0000777 0.0000467 0.0000234 0.0004758
1.8172288 0.0000041 0.0000312 0.0000705 0.0000972 0.0000947 0.0000708 0.0000441 0.0000246 0.0004371
1.8373091 0.0000035 0.0000283 0.0000673 0.0000933 0.0000926 0.0000712 0.0000449 0.0000241 0.0004253
1.8573895 0.0000031 0.0000256 0.0000614 0.0000849 0.0000848 0.0000646 0.0000390 0.0000208 0.0003840
1.8774698 0.0000027 0.0000238 0.0000578 0.0000825 0.0000846 0.0000655 0.0000431 0.0000248 0.0003848
1.8975501 0.0000023 0.0000210 0.0000519 0.0000757 0.0000764 0.0000612 0.0000393 0.0000224 0.0003502
1.9176304 0.0000020 0.0000194 0.0000497 0.0000752 0.0000763 0.0000643 0.0000437 0.0000249 0.0003556
1.9377108 0.0000018 0.0000175 0.0000457 0.0000684 0.0000715 0.0000577 0.0000390 0.0000225 0.0003240
1.9577911 0.0000016 0.0000159 0.0000410 0.0000623 0.0000674 0.0000550 0.0000372 0.0000205 0.0003008
1.9778714 0.0000014 0.0000144 0.0000390 0.0000609 0.0000654 0.0000550 0.0000383 0.0000231 0.0002974
1.9979517 0.0000012 0.0000131 0.0000358 0.0000548 0.0000596 0.0000497 0.0000339 0.0000211 0.0002691
2.0180321 0.0000010 0.0000121 0.0000337 0.0000535 0.0000595 0.0000516 0.0000358 0.0000207 0.0002679
2.0381124 0.0000009 0.0000109 0.0000309 0.0000498 0.0000559 0.0000501 0.0000375 0.0000230 0.0002591
2.0581927 0.0000008 0.0000095 0.0000273 0.0000448 0.0000523 0.0000468 0.0000347 0.0000214 0.0002375
2.0782731 0.0000007 0.0000090 0.0000266 0.0000441 0.0000517 0.0000460 0.0000342 0.0000220 0.0002345
2.0983534 0.0000006 0.0000082 0.0000241 0.0000401 0.0000470 0.0000432 0.0000315 0.0000188 0.0002135
2.1184337 0.0000005 0.0000074 0.0000227 0.0000392 0.0000469 0.0000439 0.0000341 0.0000214 0.0002160
2.1385140 0.0000005 0.0000067 0.0000208 0.0000369 0.0000459 0.0000414 0.0000323 0.0000227 0.0002071
2.1585944 0.0000004 0.0000061 0.0000192 0.0000340 0.0000420 0.0000407 0.0000308 0.0000199 0.0001933
2.1786747 0.0000003 0.0000053 0.0000169 0.0000295 0.0000373 0.0000359 0.0000277 0.0000183 0.0001712
2.1987550 0.0000003 0.0000050 0.0000164 0.0000302 0.0000383 0.0000376 0.0000289 0.0000198 0.0001765
2.2188354 0.0000003 0.0000044 0.0000145 0.0000271 0.0000348 0.0000339 0.0000263 0.0000172 0.0001585
2.2389157 0.0000002 0.0000044 0.0000146 0.0000273 0.0000349 0.0000359 0.0000289 0.0000193 0.0001655
2.2589958 0.0000002 0.0000040 0.0000135 0.0000248 0.0000317 0.0000316 0.0000250 0.0000170 0.0001477
2.2790761 0.0000002 0.0000037 0.0000129 0.0000234 0.0000295 0.0000295 0.0000245 0.0000173 0.0001409
2.2991564 0.0000002 0.0000033 0.0000114 0.0000216 0.0000292 0.0000304 0.0000254 0.0000180 0.0001395
2.3192368 0.0000001 0.0000028 0.0000100 0.0000195 0.0000269 0.0000282 0.0000237 0.0000162 0.0001274
2.3393171 0.0000001 0.0000027 0.0000098 0.0000190 0.0000257 0.0000271 0.0000236 0.0000173 0.0001254
2.3593974 0.0000001 0.0000024 0.0000089 0.0000177 0.0000244 0.0000259 0.0000224 0.0000159 0.0001178
2.3794777 0.0000001 0.0000020 0.0000074 0.0000148 0.0000202 0.0000215 0.0000185 0.0000137 0.0000982
2.3995581 0.0000001 0.0000019 0.0000072 0.0000145 0.0000206 0.0000229 0.0000200 0.0000151 0.0001021
2.4196384 0.0000001 0.0000019 0.0000072 0.0000146 0.0000207 0.0000221 0.0000191 0.0000143 0.0000999
2.4397187 0.0000001 0.0000017 0.0000065 0.0000134 0.0000191 0.0000210 0.0000185 0.0000144 0.0000945
2.4597991 0.0000001 0.0000015 0.0000059 0.0000127 0.0000181 0.0000203 0.0000177 0.0000131 0.0000892
2.4798794 0.0000000 0.0000013 0.0000055 0.0000116 0.0000168 0.0000192 0.0000175 0.0000138 0.0000858
2.4999597 0.0000000 0.0000013 0.0000052 0.0000113 0.0000171 0.0000198 0.0000186 0.0000139 0.0000872
2.5200400 0.0000000 0.0000011 0.0000044 0.0000096 0.0000143 0.0000167 0.0000155 0.0000119 0.0000734
2.5401204 0.0000000 0.0000011 0.0000047 0.0000102 0.0000152 0.0000176 0.0000166 0.0000134 0.0000788
2.5602007 0.0000000 0.0000010 0.0000042 0.0000094 0.0000145 0.0000168 0.0000165 0.0000133 0.0000757
2.5802810 0.0000000 0.0000009 0.0000039 0.0000087 0.0000133 0.0000155 0.0000149 0.0000120 0.0000691
2.6003613 0.0000000 0.0000008 0.0000034 0.0000075 0.0000117 0.0000135 0.0000129 0.0000105 0.0000603
2.6204417 0.0000000 0.0000008 0.0000034 0.0000078 0.0000120 0.0000143 0.0000135 0.0000111 0.0000630
2.6405220 0.0000000 0.0000007 0.0000032 0.0000073 0.0000112 0.0000132 0.0000130 0.0000108 0.0000595
2.6606023 0.0000000 0.0000007 0.0000029 0.0000068 0.0000107 0.0000129 0.0000125 0.0000104 0.0000567
2.6806827 0.0000000 0.0000005 0.0000025 0.0000061 0.0000102 0.0000126 0.0000132 0.0000115 0.0000566
2.7007630 0.0000000 0.0000006 0.0000028 0.0000066 0.0000107 0.0000133 0.0000133 0.0000113 0.0000587
2.7208433 0.0000000 0.0000005 0.0000022 0.0000051 0.0000085 0.0000104 0.0000107 0.0000093 0.0000467
2.7409236 0.0000000 0.0000005 0.0000022 0.0000057 0.0000093 0.0000117 0.0000122 0.0000107 0.0000523
2.7610040 0.0000000 0.0000005 0.0000021 0.0000052 0.0000086 0.0000113 0.0000119 0.0000106 0.0000502
2.7810843 0.0000000 0.0000004 0.0000018 0.0000044 0.0000075 0.0000099 0.0000104 0.0000090 0.0000434
2.8011646 0.0000000 0.0000003 0.0000017 0.0000042 0.0000071 0.0000095 0.0000103 0.0000091 0.0000422
2.8212450 0.0000000 0.0000003 0.0000015 0.0000037 0.0000063 0.0000080 0.0000082 0.0000075 0.0000356
2.8413253 0.0000000 0.0000003 0.0000015 0.0000037 0.0000063 0.0000084 0.0000090 0.0000078 0.0000369
2.8614056 0.0000000 0.0000003 0.0000013 0.0000032 0.0000055 0.0000074 0.0000080 0.0000074 0.0000331
2.8814859 0.0000000 0.0000002 0.0000011 0.0000029 0.0000052 0.0000071 0.0000080 0.0000074 0.0000320
2.9015663 0.0000000 0.0000002 0.0000012 0.0000030 0.0000054 0.0000072 0.0000080 0.0000073 0.0000323
2.9216464 0.0000000 0.0000002 0.0000012 0.0000030 0.0000053 0.0000073 0.0000082 0.0000078 0.0000330
2.9417267 0.0000000 0.0000002 0.0000008 0.0000022 0.0000039 0.0000052 0.0000057 0.0000053 0.0000233
2.9618070 0.0000000 0.0000002 0.0000010 0.0000027 0.0000050 0.0000072 0.0000081 0.0000076 0.0000318
2.9818873 0.0000000 0.0000002 0.0000011 0.0000029 0.0000053 0.0000075 0.0000087 0.0000083 0.0000339
3.0019677 0.0000000 0.0000002 0.0000009 0.0000024 0.0000043 0.0000061 0.0000069 0.0000065 0.0000272
3.0220480 0.0000000 0.0000001 0.0000008 0.0000019 0.0000036 0.0000052 0.0000061 0.0000060 0.0000238
3.0421283 0.0000000 0.0000001 0.0000008 0.0000023 0.0000043 0.0000062 0.0000070 0.0000070 0.0000277
3.0622087 0.0000000 0.0000001 0.0000006 0.0000018 0.0000034 0.0000048 0.0000056 0.0000055 0.0000217
3.0822890 0.0000000 0.0000001 0.0000005 0.0000014 0.0000026 0.0000037 0.0000045 0.0000045 0.0000174
3.1023693 0.0000000 0.0000001 0.0000004 0.0000011 0.0000022 0.0000033 0.0000039 0.0000039 0.0000149
3.1224496 0.0000000 0.0000001 0.0000004 0.0000012 0.0000024 0.0000036 0.0000044 0.0000045 0.0000167
3.1425300 0.0000000 0.0000002 0.0000009 0.0000025 0.0000048 0.0000070 0.0000083 0.0000081 0.0000318
3.1626103 0.0000000 0.0000001 0.0000004 0.0000012 0.0000023 0.0000035 0.0000045 0.0000048 0.0000167
3.1826906 0.0000000 0.0000001 0.0000004 0.0000011 0.0000022 0.0000033 0.0000040 0.0000040 0.0000150
3.2027709 0.0000000 0.0000001 0.0000004 0.0000012 0.0000024 0.0000036 0.0000046 0.0000048 0.0000171
3.2228513 0.0000000 0.0000001 0.0000003 0.0000009 0.0000018 0.0000027 0.0000034 0.0000035 0.0000127
3.2429316 0.0000000 0.0000001 0.0000004 0.0000013 0.0000026 0.0000041 0.0000049 0.0000051 0.0000184
3.2630119 0.0000000 0.0000000 0.0000002 0.0000006 0.0000012 0.0000018 0.0000022 0.0000024 0.0000085
3.2830923 0.0000000 0.0000001 0.0000004 0.0000012 0.0000025 0.0000039 0.0000049 0.0000050 0.0000181
3.3031726 0.0000000 0.0000001 0.0000004 0.0000011 0.0000022 0.0000035 0.0000045 0.0000048 0.0000165
3.3232529 0.0000000 0.0000000 0.0000003 0.0000008 0.0000016 0.0000025 0.0000033 0.0000037 0.0000122
3.3433332 0.0000000 0.0000000 0.0000002 0.0000005 0.0000011 0.0000017 0.0000021 0.0000023 0.0000080
3.3634136 0.0000000 0.0000000 0.0000002 0.0000007 0.0000014 0.0000021 0.0000027 0.0000030 0.0000102
3.3834939 0.0000000 0.0000000 0.0000002 0.0000005 0.0000011 0.0000018 0.0000024 0.0000026 0.0000086
3.4035742 0.0000000 0.0000000 0.0000002 0.0000006 0.0000013 0.0000021 0.0000027 0.0000028 0.0000097
3.4236546 0.0000000 0.0000000 0.0000002 0.0000007 0.0000015 0.0000024 0.0000032 0.0000034 0.0000115
3.4437349 0.0000000 0.0000000 0.0000002 0.0000006 0.0000013 0.0000021 0.0000027 0.0000031 0.0000100
3.4638152 0.0000000 0.0000000 0.0000001 0.0000003 0.0000007 0.0000011 0.0000015 0.0000016 0.0000052
3.4838955 0.0000000 0.0000000 0.0000002 0.0000005 0.0000010 0.0000018 0.0000024 0.0000026 0.0000085
3.5039759 0.0000000 0.0000000 0.0000001 0.0000002 0.0000005 0.0000009 0.0000012 0.0000014 0.0000044
3.5240562 0.0000000 0.0000000 0.0000002 0.0000006 0.0000013 0.0000022 0.0000031 0.0000036 0.0000110
3.5441363 0.0000000 0.0000000 0.0000001 0.0000003 0.0000007 0.0000012 0.0000016 0.0000018 0.0000058
3.5642166 0.0000000 0.0000000 0.0000001 0.0000002 0.0000005 0.0000008 0.0000011 0.0000013 0.0000040
3.5842969 0.0000000 0.0000000 0.0000001 0.0000002 0.0000004 0.0000007 0.0000010 0.0000012 0.0000036
3.6043773 0.0000000 0.0000000 0.0000001 0.0000002 0.0000004 0.0000007 0.0000009 0.0000010 0.0000032
3.6244576 0.0000000 0.0000000 0.0000000 0.0000001 0.0000003 0.0000006 0.0000008 0.0000009 0.0000028
3.6445379 0.0000000 0.0000000 0.0000001 0.0000004 0.0000009 0.0000016 0.0000023 0.0000027 0.0000079
3.6646183 0.0000000 0.0000000 0.0000001 0.0000002 0.0000004 0.0000007 0.0000010 0.0000012 0.0000036
3.6846986 0.0000000 0.0000000 0.0000001 0.0000002 0.0000004 0.0000008 0.0000011 0.0000014 0.0000040
3.7047789 0.0000000 0.0000000 0.0000001 0.0000002 0.0000005 0.0000008 0.0000012 0.0000014 0.0000041
3.7248592 0.0000000 0.0000000 0.0000000 0.0000001 0.0000003 0.0000005 0.0000008 0.0000010 0.0000028
3.7449396 0.0000000 0.0000000 0.0000001 0.0000004 0.0000010 0.0000017 0.0000025 0.0000030 0.0000086
3.7650199 0.0000000 0.0000000 0.0000000 0.0000001 0.0000003 0.0000005 0.0000007 0.0000009 0.0000025
3.7851002 0.0000000 0.0000000 0.0000000 0.0000001 0.0000003 0.0000006 0.0000009 0.0000011 0.0000030
3.8051805 0.0000000 0.0000000 0.0000000 0.0000001 0.0000003 0.0000005 0.0000008 0.0000010 0.0000028
3.8252609 0.0000000 0.0000000 0.0000000 0.0000001 0.0000002 0.0000003 0.0000005 0.0000006 0.0000017
3.8453412 0.0000000 0.0000000 0.0000000 0.0000000 0.0000001 0.0000001 0.0000002 0.0000003 0.0000007
3.8654215 0.0000000 0.0000000 0.0000000 0.0000001 0.0000003 0.0000006 0.0000009 0.0000010 0.0000030
3.8855019 0.0000000 0.0000000 0.0000000 0.0000000 0.0000001 0.0000002 0.0000003 0.0000003 0.0000009
3.9055822 0.0000000 0.0000001 0.0000005 0.0000021 0.0000051 0.0000097 0.0000151 0.0000191 0.0000517
3.9256625 0.0000000 0.0000000 0.0000000 0.0000002 0.0000004 0.0000008 0.0000012 0.0000015 0.0000041
3.9457428 0.0000000 0.0000000 0.0000000 0.0000001 0.0000002 0.0000004 0.0000006 0.0000008 0.0000022
3.9658232 0.0000000 0.0000000 0.0000001 0.0000002 0.0000005 0.0000010 0.0000017 0.0000022 0.0000057
3.9859035 0.0000000 0.0000000 0.0000000 0.0000000 0.0000001 0.0000001 0.0000002 0.0000002 0.0000006
4.0059838 0.0000000 0.0000000 0.0000000 0.0000001 0.0000002 0.0000004 0.0000006 0.0000008 0.0000022
4.0260644 0.0000000 0.0000000 0.0000000 0.0000000 0.0000001 0.0000001 0.0000002 0.0000002 0.0000006
4.0461445 0.0000000 0.0000000 0.0000000 0.0000000 0.0000001 0.0000001 0.0000002 0.0000003 0.0000008
4.0662251 0.0000000 0.0000000 0.0000002 0.0000006 0.0000016 0.0000031 0.0000050 0.0000068 0.0000173
4.0863051 0.0000000 0.0000000 0.0000000 0.0000000 0.0000000 0.0000001 0.0000001 0.0000002 0.0000004
4.1063857 0.0000000 0.0000000 0.0000000 0.0000000 0.0000001 0.0000002 0.0000003 0.0000003 0.0000009
4.1264658 -nan inf inf inf inf inf inf inf inf
4.1465464 0.0000000 0.0000000 0.0000000 0.0000000 0.0000000 0.0000001 0.0000001 0.0000002 0.0000005
4.1666265 0.0000000 0.0000000 0.0000000 0.0000000 0.0000000 0.0000001 0.0000001 0.0000001 0.0000003
4.1867070 -nan inf inf inf inf inf inf inf inf
4.2067871 0.0000000 0.0000000 0.0000000 0.0000000 0.0000001 0.0000002 0.0000003 0.0000004 0.0000009
4.2268677 0.0000000 0.0000000 0.0000000 0.0000000 0.0000000 0.0000000 0.0000001 0.0000001 0.0000002
4.2469478 0.0000000 0.0000000 0.0000000 0.0000000 0.0000001 0.0000002 0.0000003 0.0000004 0.0000010
4.2670283 0.0000000 0.0000000 0.0000000 0.0000000 0.0000001 0.0000002 0.0000003 0.0000004 0.0000011
4.2871084 -nan inf inf inf inf inf inf inf inf
4.3071890 0.0000000 0.0000000 0.0000000 0.0000000 0.0000000 0.0000001 0.0000002 0.0000002 0.0000006
4.3272691 -nan inf inf inf inf inf inf inf inf
4.3473496 -nan inf inf inf inf inf inf inf inf
4.3674297 -nan inf inf inf inf inf inf inf inf
4.3875103 0.0000000 0.0000000 0.0000000 0.0000000 0.0000000 0.0000000 0.0000000 0.0000001 0.0000001
4.4075904 -nan inf inf inf inf inf inf inf inf
4.4276710 0.0000000 0.0000000 0.0000000 0.0000000 0.0000000 0.0000000 0.0000001 0.0000001 0.0000002
4.4477510 -nan inf inf inf inf inf inf inf inf
4.4678316 -nan inf inf inf inf inf inf inf inf
4.4879117 -nan inf inf inf inf inf inf inf inf
4.5079918 0.0000000 0.0000000 0.0000000 0.0000000 0.0000000 0.0000000 0.0000000 0.0000000 0.0000001
4.5280724 -nan inf inf inf inf inf inf inf inf
4.5481524 -nan inf inf inf inf inf inf inf inf
4.5682330 -nan inf inf inf inf inf inf inf inf
4.5883131 -nan inf inf inf inf inf inf inf inf
4.6083937 -nan inf inf inf inf inf inf inf inf
4.6284738 -nan inf inf inf inf inf inf inf inf
4.6485543 0.0000000 0.0000000 0.0000000 0.0000000 0.0000000 0.0000001 0.0000001 0.0000001 0.0000003
4.6686344 -nan inf inf inf inf inf inf inf inf
4.6887150 0.0000000 0.0000000 0.0000000 0.0000000 0.0000000 0.0000000 0.0000000 0.0000000 0.0000000
4.7087951 -nan inf inf inf inf inf inf inf inf
4.7288756 -nan inf inf inf inf inf inf inf inf
4.7489557 -nan inf inf inf inf inf inf inf inf
4.7690363 0.0000000 0.0000000 0.0000000 0.0000000 0.0000000 0.0000000 0.0000000 0.0000000 0.0000000
4.7891164 -nan inf inf inf inf inf inf inf inf
4.8091969 -nan inf inf inf inf inf inf inf inf
4.8292770 0.0000000 0.0000000 0.0000000 0.0000000 0.0000000 0.0000000 0.0000000 0.0000000 0.0000000
4.8493576 -nan inf inf inf inf inf inf inf inf
4.8694377 -nan inf inf inf inf inf inf inf inf
4.8895183 -nan inf inf inf inf inf inf inf inf
4.9095984 -nan inf inf inf inf inf inf inf inf
4.9296789 -nan inf inf inf inf inf inf inf inf
4.9497590 -nan inf inf inf inf inf inf inf inf
4.9698396 -nan inf inf inf inf inf inf inf inf
4.9899197 -nan inf inf inf inf inf inf inf inf
5.0100002 -nan inf inf inf inf inf inf inf inf
