-------- p=3.261 a=1.000 mu=-2.200 N=20000000 time=2017-02-23 08:00:39 --------
0.0100000 0.9275892 0.0006855 0.0000000 0.0000000 0.0000000 0.0000000 0.0000000 0.0000000 0.9282747
0.0300803 0.7976361 0.0031129 0.0000140 0.0000000 0.0000000 0.0000000 0.0000000 0.0000000 0.8007630
0.0501606 0.6858892 0.0057852 0.0000246 0.0000000 0.0000000 0.0000000 0.0000000 0.0000000 0.6916990
0.0702410 0.5897977 0.0083618 0.0000586 0.0000000 0.0000000 0.0000000 0.0000000 0.0000000 0.5982181
0.0903213 0.5071684 0.0105330 0.0000850 0.0000002 0.0000000 0.0000000 0.0000000 0.0000000 0.5177866
0.1104016 0.4361153 0.0123173 0.0001926 0.0000003 0.0000000 0.0000000 0.0000000 0.0000000 0.4486255
0.1304819 0.3750166 0.0136800 0.0002952 0.0000013 0.0000000 0.0000000 0.0000000 0.0000000 0.3889931
0.1505622 0.3224777 0.0145497 0.0003084 0.0000135 0.0000000 0.0000000 0.0000000 0.0000000 0.3373493
0.1706426 0.2772993 0.0151331 0.0003763 0.0000087 0.0000000 0.0000000 0.0000000 0.0000000 0.2928173
0.1907229 0.2384503 0.0154517 0.0005178 0.0000162 0.0000000 0.0000000 0.0000000 0.0000000 0.2544360
0.2108032 0.2050440 0.0154903 0.0005644 0.0000194 0.0000000 0.0000000 0.0000000 0.0000000 0.2211180
0.2308835 0.1763178 0.0152753 0.0007037 0.0000176 0.0000000 0.0000000 0.0000000 0.0000000 0.1923144
0.2509638 0.1516161 0.0150085 0.0006886 0.0000246 0.0000006 0.0000000 0.0000000 0.0000000 0.1673384
0.2710442 0.1303750 0.0144896 0.0008013 0.0000207 0.0000001 0.0000000 0.0000000 0.0000000 0.1456867
0.2911245 0.1121098 0.0138722 0.0008706 0.0000495 0.0000006 0.0000000 0.0000000 0.0000000 0.1269028
0.3112048 0.0964035 0.0132208 0.0009433 0.0000525 0.0000009 0.0000000 0.0000000 0.0000000 0.1106210
0.3312851 0.0828976 0.0125199 0.0008934 0.0000532 0.0000012 0.0000000 0.0000000 0.0000000 0.0963653
0.3513654 0.0712838 0.0118187 0.0009820 0.0000485 0.0000012 0.0000000 0.0000000 0.0000000 0.0841341
0.3714458 0.0612971 0.0110402 0.0010023 0.0000702 0.0000059 0.0000000 0.0000000 0.0000000 0.0734158
0.3915261 0.0527095 0.0102966 0.0009990 0.0000684 0.0000024 0.0000000 0.0000000 0.0000000 0.0640759
0.4116064 0.0453251 0.0095756 0.0010476 0.0000818 0.0000073 0.0000001 0.0000000 0.0000000 0.0560374
0.4316867 0.0389751 0.0088150 0.0010494 0.0000845 0.0000047 0.0000000 0.0000000 0.0000000 0.0489287
0.4517670 0.0335148 0.0081084 0.0010159 0.0000863 0.0000046 0.0000000 0.0000000 0.0000000 0.0427300
0.4718474 0.0288195 0.0074602 0.0009856 0.0000897 0.0000071 0.0000001 0.0000000 0.0000000 0.0373621
0.4919277 0.0247819 0.0068407 0.0009434 0.0000845 0.0000061 0.0000001 0.0000000 0.0000000 0.0326568
0.5120080 0.0213100 0.0062680 0.0009547 0.0000901 0.0000081 0.0000002 0.0000000 0.0000000 0.0286312
0.5320883 0.0183245 0.0057090 0.0009412 0.0001002 0.0000119 0.0000014 0.0000000 0.0000000 0.0250883
0.5521687 0.0157573 0.0052169 0.0008708 0.0001070 0.0000116 0.0000026 0.0000001 0.0000000 0.0219663
0.5722489 0.0135498 0.0047211 0.0008497 0.0000992 0.0000081 0.0000001 0.0000000 0.0000000 0.0192280
0.5923293 0.0116515 0.0043069 0.0007970 0.0001034 0.0000073 0.0000021 0.0000000 0.0000000 0.0168683
0.6124096 0.0100191 0.0038845 0.0007590 0.0001067 0.0000111 0.0000011 0.0000000 0.0000000 0.0147815
0.6324899 0.0086155 0.0035300 0.0007260 0.0001026 0.0000085 0.0000001 0.0000000 0.0000000 0.0129828
0.6525702 0.0074085 0.0031880 0.0006992 0.0001095 0.0000127 0.0000005 0.0000000 0.0000000 0.0114184
0.6726506 0.0063706 0.0028810 0.0006711 0.0001036 0.0000123 0.0000003 0.0000000 0.0000000 0.0100389
0.6927309 0.0054781 0.0026045 0.0006280 0.0001005 0.0000102 0.0000013 0.0000005 0.0000000 0.0088231
0.7128112 0.0047106 0.0023620 0.0005876 0.0001016 0.0000151 0.0000029 0.0000007 0.0000000 0.0077806
0.7328916 0.0040506 0.0021171 0.0005547 0.0001042 0.0000124 0.0000012 0.0000002 0.0000000 0.0068405
0.7529718 0.0034832 0.0019169 0.0005210 0.0001013 0.0000120 0.0000021 0.0000002 0.0000000 0.0060366
0.7730522 0.0029952 0.0017169 0.0004880 0.0000982 0.0000147 0.0000006 0.0000000 0.0000000 0.0053136
0.7931325 0.0025756 0.0015491 0.0004535 0.0000935 0.0000146 0.0000026 0.0000002 0.0000000 0.0046891
0.8132128 0.0022147 0.0013877 0.0004331 0.0000922 0.0000144 0.0000015 0.0000000 0.0000000 0.0041436
0.8332931 0.0019045 0.0012483 0.0004019 0.0000873 0.0000163 0.0000007 0.0000002 0.0000000 0.0036590
0.8533735 0.0016376 0.0011189 0.0003781 0.0000881 0.0000147 0.0000021 0.0000002 0.0000000 0.0032398
0.8734538 0.0014082 0.0010041 0.0003498 0.0000802 0.0000131 0.0000012 0.0000000 0.0000000 0.0028567
0.8935341 0.0012109 0.0009049 0.0003270 0.0000785 0.0000139 0.0000028 0.0000004 0.0000000 0.0025385
0.9136144 0.0010413 0.0008083 0.0003003 0.0000748 0.0000124 0.0000035 0.0000002 0.0000000 0.0022409
0.9336947 0.0008954 0.0007257 0.0002792 0.0000732 0.0000147 0.0000023 0.0000006 0.0000002 0.0019914
0.9537750 0.0007700 0.0006501 0.0002626 0.0000704 0.0000134 0.0000019 0.0000001 0.0000000 0.0017686
0.9738554 0.0006621 0.0005849 0.0002409 0.0000675 0.0000141 0.0000023 0.0000003 0.0000000 0.0015720
0.9939357 0.0005693 0.0005224 0.0002232 0.0000648 0.0000147 0.0000019 0.0000002 0.0000000 0.0013965
1.0140160 0.0004896 0.0004683 0.0002087 0.0000635 0.0000142 0.0000019 0.0000002 0.0000000 0.0012463
1.0340964 0.0004210 0.0004203 0.0001925 0.0000598 0.0000136 0.0000024 0.0000003 0.0000003 0.0011101
1.0541767 0.0003620 0.0003768 0.0001786 0.0000563 0.0000135 0.0000020 0.0000001 0.0000000 0.0009893
1.0742570 0.0003113 0.0003377 0.0001655 0.0000547 0.0000129 0.0000028 0.0000009 0.0000001 0.0008858
1.0943373 0.0002677 0.0003017 0.0001521 0.0000509 0.0000117 0.0000023 0.0000005 0.0000000 0.0007869
1.1144177 0.0002302 0.0002718 0.0001413 0.0000488 0.0000118 0.0000024 0.0000005 0.0000000 0.0007068
1.1344979 0.0001979 0.0002432 0.0001310 0.0000480 0.0000125 0.0000025 0.0000005 0.0000001 0.0006358
1.1545782 0.0001702 0.0002172 0.0001197 0.0000443 0.0000119 0.0000028 0.0000005 0.0000000 0.0005667
1.1746585 0.0001464 0.0001947 0.0001119 0.0000419 0.0000115 0.0000027 0.0000004 0.0000000 0.0005094
1.1947389 0.0001259 0.0001747 0.0001025 0.0000387 0.0000115 0.0000025 0.0000007 0.0000002 0.0004566
1.2148192 0.0001082 0.0001557 0.0000935 0.0000376 0.0000103 0.0000023 0.0000003 0.0000001 0.0004079
1.2348995 0.0000931 0.0001400 0.0000887 0.0000356 0.0000104 0.0000022 0.0000002 0.0000000 0.0003702
1.2549798 0.0000800 0.0001258 0.0000799 0.0000328 0.0000104 0.0000023 0.0000005 0.0000001 0.0003319
1.2750602 0.0000688 0.0001125 0.0000740 0.0000313 0.0000097 0.0000025 0.0000004 0.0000001 0.0002993
1.2951405 0.0000592 0.0001011 0.0000685 0.0000298 0.0000092 0.0000022 0.0000005 0.0000001 0.0002704
1.3152208 0.0000509 0.0000910 0.0000626 0.0000272 0.0000092 0.0000023 0.0000004 0.0000001 0.0002438
1.3353012 0.0000438 0.0000814 0.0000586 0.0000266 0.0000085 0.0000022 0.0000004 0.0000001 0.0002215
1.3553815 0.0000376 0.0000731 0.0000531 0.0000251 0.0000086 0.0000021 0.0000004 0.0000001 0.0002001
1.3754618 0.0000324 0.0000656 0.0000494 0.0000236 0.0000084 0.0000023 0.0000004 0.0000001 0.0001822
1.3955421 0.0000278 0.0000589 0.0000453 0.0000213 0.0000076 0.0000020 0.0000004 0.0000001 0.0001635
1.4156225 0.0000239 0.0000531 0.0000419 0.0000204 0.0000072 0.0000020 0.0000004 0.0000001 0.0001492
1.4357028 0.0000206 0.0000478 0.0000393 0.0000202 0.0000074 0.0000021 0.0000004 0.0000001 0.0001379
1.4557831 0.0000177 0.0000430 0.0000359 0.0000189 0.0000073 0.0000021 0.0000004 0.0000001 0.0001254
1.4758633 0.0000152 0.0000384 0.0000330 0.0000172 0.0000065 0.0000021 0.0000005 0.0000001 0.0001130
1.4959437 0.0000131 0.0000344 0.0000307 0.0000166 0.0000064 0.0000019 0.0000005 0.0000001 0.0001038
1.5160240 0.0000112 0.0000310 0.0000280 0.0000155 0.0000062 0.0000020 0.0000006 0.0000001 0.0000946
1.5361043 0.0000097 0.0000281 0.0000259 0.0000145 0.0000060 0.0000018 0.0000004 0.0000001 0.0000864
1.5561846 0.0000083 0.0000251 0.0000239 0.0000140 0.0000056 0.0000017 0.0000005 0.0000002 0.0000794
1.5762650 0.0000072 0.0000226 0.0000220 0.0000128 0.0000054 0.0000017 0.0000005 0.0000001 0.0000723
1.5963453 0.0000061 0.0000204 0.0000203 0.0000121 0.0000052 0.0000018 0.0000005 0.0000001 0.0000665
1.6164256 0.0000053 0.0000185 0.0000189 0.0000114 0.0000049 0.0000015 0.0000004 0.0000001 0.0000611
1.6365060 0.0000045 0.0000167 0.0000174 0.0000107 0.0000047 0.0000016 0.0000005 0.0000001 0.0000563
1.6565863 0.0000039 0.0000152 0.0000161 0.0000102 0.0000045 0.0000016 0.0000004 0.0000001 0.0000520
1.6766666 0.0000034 0.0000136 0.0000148 0.0000095 0.0000043 0.0000014 0.0000003 0.0000001 0.0000475
1.6967469 0.0000029 0.0000122 0.0000137 0.0000090 0.0000042 0.0000015 0.0000004 0.0000001 0.0000439
1.7168273 0.0000025 0.0000111 0.0000126 0.0000084 0.0000039 0.0000014 0.0000004 0.0000001 0.0000404
1.7369076 0.0000021 0.0000099 0.0000115 0.0000077 0.0000037 0.0000013 0.0000004 0.0000001 0.0000368
1.7569879 0.0000018 0.0000091 0.0000108 0.0000073 0.0000035 0.0000013 0.0000004 0.0000001 0.0000344
1.7770681 0.0000016 0.0000082 0.0000098 0.0000068 0.0000033 0.0000012 0.0000003 0.0000001 0.0000313
1.7971485 0.0000014 0.0000074 0.0000092 0.0000065 0.0000033 0.0000012 0.0000004 0.0000001 0.0000295
1.8172288 0.0000012 0.0000068 0.0000085 0.0000062 0.0000031 0.0000013 0.0000004 0.0000001 0.0000275
1.8373091 0.0000010 0.0000061 0.0000078 0.0000057 0.0000029 0.0000012 0.0000004 0.0000001 0.0000252
1.8573895 0.0000009 0.0000056 0.0000072 0.0000053 0.0000028 0.0000011 0.0000004 0.0000001 0.0000233
1.8774698 0.0000007 0.0000050 0.0000067 0.0000049 0.0000026 0.0000010 0.0000003 0.0000001 0.0000213
1.8975501 0.0000006 0.0000046 0.0000062 0.0000048 0.0000025 0.0000010 0.0000003 0.0000001 0.0000201
1.9176304 0.0000005 0.0000041 0.0000057 0.0000043 0.0000022 0.0000010 0.0000003 0.0000001 0.0000182
1.9377108 0.0000005 0.0000037 0.0000052 0.0000042 0.0000023 0.0000010 0.0000004 0.0000001 0.0000174
1.9577911 0.0000004 0.0000035 0.0000049 0.0000040 0.0000022 0.0000009 0.0000003 0.0000001 0.0000163
1.9778714 0.0000003 0.0000031 0.0000045 0.0000037 0.0000020 0.0000008 0.0000003 0.0000001 0.0000149
1.9979517 0.0000003 0.0000028 0.0000041 0.0000034 0.0000019 0.0000008 0.0000003 0.0000001 0.0000136
2.0180321 0.0000003 0.0000025 0.0000038 0.0000032 0.0000018 0.0000008 0.0000002 0.0000001 0.0000127
2.0381124 0.0000002 0.0000024 0.0000037 0.0000031 0.0000018 0.0000008 0.0000003 0.0000001 0.0000124
2.0581927 0.0000002 0.0000022 0.0000034 0.0000029 0.0000017 0.0000008 0.0000003 0.0000001 0.0000115
2.0782731 0.0000002 0.0000020 0.0000031 0.0000027 0.0000016 0.0000007 0.0000003 0.0000001 0.0000106
2.0983534 0.0000001 0.0000018 0.0000027 0.0000024 0.0000014 0.0000006 0.0000002 0.0000001 0.0000094
2.1184337 0.0000001 0.0000016 0.0000026 0.0000024 0.0000015 0.0000007 0.0000003 0.0000001 0.0000093
2.1385140 0.0000001 0.0000015 0.0000025 0.0000022 0.0000014 0.0000007 0.0000003 0.0000001 0.0000086
2.1585944 0.0000001 0.0000014 0.0000023 0.0000020 0.0000013 0.0000006 0.0000002 0.0000001 0.0000079
2.1786747 0.0000001 0.0000012 0.0000021 0.0000019 0.0000012 0.0000006 0.0000002 0.0000001 0.0000074
2.1987550 0.0000001 0.0000011 0.0000020 0.0000018 0.0000012 0.0000006 0.0000002 0.0000001 0.0000070
2.2188354 0.0000001 0.0000010 0.0000018 0.0000017 0.0000011 0.0000005 0.0000002 0.0000001 0.0000064
2.2389157 0.0000000 0.0000009 0.0000017 0.0000016 0.0000010 0.0000005 0.0000002 0.0000001 0.0000062
2.2589958 0.0000000 0.0000009 0.0000016 0.0000015 0.0000010 0.0000005 0.0000002 0.0000001 0.0000058
2.2790761 0.0000000 0.0000008 0.0000014 0.0000014 0.0000009 0.0000005 0.0000002 0.0000001 0.0000053
2.2991564 0.0000000 0.0000007 0.0000013 0.0000013 0.0000009 0.0000004 0.0000002 0.0000001 0.0000049
2.3192368 0.0000000 0.0000007 0.0000012 0.0000012 0.0000008 0.0000004 0.0000002 0.0000001 0.0000047
2.3393171 0.0000000 0.0000006 0.0000012 0.0000012 0.0000008 0.0000005 0.0000002 0.0000001 0.0000045
2.3593974 0.0000000 0.0000006 0.0000011 0.0000011 0.0000008 0.0000004 0.0000002 0.0000001 0.0000043
2.3794777 0.0000000 0.0000005 0.0000010 0.0000010 0.0000007 0.0000004 0.0000002 0.0000001 0.0000038
2.3995581 0.0000000 0.0000005 0.0000009 0.0000010 0.0000007 0.0000004 0.0000002 0.0000001 0.0000037
2.4196384 0.0000000 0.0000004 0.0000009 0.0000009 0.0000006 0.0000004 0.0000002 0.0000001 0.0000034
2.4397187 0.0000000 0.0000004 0.0000008 0.0000008 0.0000006 0.0000003 0.0000002 0.0000001 0.0000031
2.4597991 0.0000000 0.0000004 0.0000007 0.0000008 0.0000006 0.0000003 0.0000002 0.0000001 0.0000030
2.4798794 0.0000000 0.0000003 0.0000007 0.0000007 0.0000005 0.0000003 0.0000001 0.0000001 0.0000028
2.4999597 0.0000000 0.0000003 0.0000006 0.0000007 0.0000005 0.0000003 0.0000001 0.0000000 0.0000025
2.5200400 0.0000000 0.0000003 0.0000006 0.0000007 0.0000005 0.0000003 0.0000001 0.0000001 0.0000026
2.5401204 0.0000000 0.0000003 0.0000006 0.0000006 0.0000005 0.0000003 0.0000001 0.0000000 0.0000023
2.5602007 0.0000000 0.0000002 0.0000005 0.0000006 0.0000005 0.0000003 0.0000001 0.0000001 0.0000022
2.5802810 0.0000000 0.0000002 0.0000005 0.0000005 0.0000004 0.0000002 0.0000001 0.0000000 0.0000019
2.6003613 0.0000000 0.0000002 0.0000004 0.0000005 0.0000004 0.0000002 0.0000001 0.0000000 0.0000019
2.6204417 0.0000000 0.0000002 0.0000004 0.0000005 0.0000004 0.0000002 0.0000001 0.0000000 0.0000018
2.6405220 0.0000000 0.0000002 0.0000004 0.0000004 0.0000003 0.0000002 0.0000001 0.0000000 0.0000016
2.6606023 0.0000000 0.0000002 0.0000004 0.0000004 0.0000003 0.0000002 0.0000001 0.0000000 0.0000016
2.6806827 0.0000000 0.0000001 0.0000003 0.0000004 0.0000003 0.0000002 0.0000001 0.0000000 0.0000015
2.7007630 0.0000000 0.0000001 0.0000003 0.0000003 0.0000003 0.0000002 0.0000001 0.0000000 0.0000013
2.7208433 0.0000000 0.0000001 0.0000003 0.0000003 0.0000003 0.0000002 0.0000001 0.0000000 0.0000013
2.7409236 0.0000000 0.0000001 0.0000002 0.0000003 0.0000002 0.0000001 0.0000001 0.0000000 0.0000011
2.7610040 0.0000000 0.0000001 0.0000002 0.0000003 0.0000002 0.0000001 0.0000001 0.0000000 0.0000010
2.7810843 0.0000000 0.0000001 0.0000002 0.0000003 0.0000003 0.0000002 0.0000001 0.0000000 0.0000012
2.8011646 0.0000000 0.0000001 0.0000002 0.0000003 0.0000002 0.0000001 0.0000001 0.0000000 0.0000010
2.8212450 0.0000000 0.0000001 0.0000002 0.0000003 0.0000002 0.0000001 0.0000001 0.0000000 0.0000010
2.8413253 0.0000000 0.0000001 0.0000002 0.0000002 0.0000002 0.0000001 0.0000001 0.0000000 0.0000008
