-------- p=3.478 a=1.000 mu=-2.200 N=20000000 time=2017-02-23 08:00:39 --------
0.0100000 0.9208193 0.0007148 0.0000000 0.0000000 0.0000000 0.0000000 0.0000000 0.0000000 0.9215341
0.0300803 0.7802530 0.0030372 0.0000051 0.0000000 0.0000000 0.0000000 0.0000000 0.0000000 0.7832954
0.0501606 0.6611447 0.0056268 0.0000532 0.0000000 0.0000000 0.0000000 0.0000000 0.0000000 0.6668247
0.0702410 0.5602186 0.0079803 0.0000648 0.0000000 0.0000000 0.0000000 0.0000000 0.0000000 0.5682637
0.0903213 0.4746993 0.0099041 0.0001014 0.0000012 0.0000000 0.0000000 0.0000000 0.0000000 0.4847061
0.1104016 0.4022348 0.0114516 0.0001323 0.0000012 0.0000000 0.0000000 0.0000000 0.0000000 0.4138198
0.1304819 0.3408322 0.0123277 0.0002247 0.0000005 0.0000000 0.0000000 0.0000000 0.0000000 0.3533851
0.1505622 0.2888030 0.0130749 0.0002973 0.0000086 0.0000000 0.0000000 0.0000000 0.0000000 0.3021839
0.1706426 0.2447162 0.0134502 0.0003411 0.0000041 0.0000000 0.0000000 0.0000000 0.0000000 0.2585117
0.1907229 0.2073594 0.0136441 0.0004832 0.0000100 0.0000000 0.0000000 0.0000000 0.0000000 0.2214968
0.2108032 0.1757053 0.0134846 0.0005163 0.0000217 0.0000002 0.0000000 0.0000000 0.0000000 0.1897280
0.2308835 0.1488833 0.0130864 0.0006166 0.0000127 0.0000006 0.0000000 0.0000000 0.0000000 0.1625995
0.2509638 0.1261557 0.0126511 0.0006316 0.0000185 0.0000000 0.0000000 0.0000000 0.0000000 0.1394570
0.2710442 0.1068976 0.0120426 0.0007059 0.0000172 0.0000003 0.0000000 0.0000000 0.0000000 0.1196637
0.2911245 0.0905793 0.0114354 0.0007401 0.0000370 0.0000012 0.0000000 0.0000000 0.0000000 0.1027930
0.3112048 0.0767521 0.0107468 0.0007678 0.0000291 0.0000005 0.0000000 0.0000000 0.0000000 0.0882963
0.3312851 0.0650356 0.0100091 0.0008199 0.0000543 0.0000028 0.0000000 0.0000000 0.0000000 0.0759217
0.3513654 0.0551077 0.0092880 0.0007691 0.0000441 0.0000009 0.0000000 0.0000000 0.0000000 0.0652098
0.3714458 0.0466953 0.0085785 0.0008364 0.0000479 0.0000029 0.0000000 0.0000000 0.0000000 0.0561610
0.3915261 0.0395671 0.0078625 0.0007684 0.0000412 0.0000012 0.0000000 0.0000000 0.0000000 0.0482405
0.4116064 0.0335271 0.0071988 0.0007967 0.0000529 0.0000016 0.0000000 0.0000000 0.0000000 0.0415769
0.4316867 0.0284090 0.0065729 0.0007721 0.0000594 0.0000035 0.0000000 0.0000000 0.0000000 0.0358170
0.4517670 0.0240723 0.0059929 0.0007563 0.0000626 0.0000042 0.0000000 0.0000000 0.0000000 0.0308884
0.4718474 0.0203976 0.0054163 0.0007713 0.0000800 0.0000054 0.0000001 0.0000000 0.0000000 0.0266707
0.4919277 0.0172838 0.0049003 0.0007214 0.0000686 0.0000027 0.0000000 0.0000000 0.0000000 0.0229768
0.5120080 0.0146454 0.0044194 0.0006914 0.0000762 0.0000050 0.0000011 0.0000000 0.0000000 0.0198385
0.5320883 0.0124097 0.0039887 0.0006678 0.0000807 0.0000042 0.0000001 0.0000000 0.0000000 0.0171511
0.5521687 0.0105153 0.0035870 0.0006352 0.0000693 0.0000064 0.0000000 0.0000000 0.0000000 0.0148132
0.5722489 0.0089101 0.0032291 0.0006006 0.0000693 0.0000060 0.0000000 0.0000000 0.0000000 0.0128152
0.5923293 0.0075500 0.0028905 0.0005693 0.0000786 0.0000105 0.0000013 0.0000000 0.0000000 0.0111001
0.6124096 0.0063974 0.0025859 0.0005236 0.0000721 0.0000073 0.0000003 0.0000000 0.0000000 0.0095867
0.6324899 0.0054208 0.0023115 0.0005065 0.0000704 0.0000076 0.0000005 0.0000000 0.0000000 0.0083174
0.6525702 0.0045933 0.0020653 0.0004763 0.0000755 0.0000068 0.0000004 0.0000000 0.0000000 0.0072176
0.6726506 0.0038921 0.0018510 0.0004442 0.0000725 0.0000077 0.0000009 0.0000000 0.0000000 0.0062685
0.6927309 0.0032980 0.0016454 0.0004101 0.0000681 0.0000086 0.0000013 0.0000002 0.0000000 0.0054318
0.7128112 0.0027945 0.0014754 0.0003857 0.0000701 0.0000097 0.0000011 0.0000000 0.0000000 0.0047366
0.7328916 0.0023679 0.0013120 0.0003650 0.0000652 0.0000086 0.0000008 0.0000000 0.0000000 0.0041195
0.7529718 0.0020065 0.0011678 0.0003363 0.0000634 0.0000099 0.0000014 0.0000001 0.0000000 0.0035853
0.7730522 0.0017002 0.0010391 0.0003066 0.0000621 0.0000092 0.0000015 0.0000006 0.0000000 0.0031192
0.7931325 0.0014406 0.0009270 0.0002868 0.0000626 0.0000106 0.0000012 0.0000003 0.0000001 0.0027290
0.8132128 0.0012207 0.0008240 0.0002702 0.0000583 0.0000091 0.0000008 0.0000001 0.0000000 0.0023832
0.8332931 0.0010344 0.0007331 0.0002483 0.0000570 0.0000104 0.0000015 0.0000000 0.0000000 0.0020848
0.8533735 0.0008765 0.0006513 0.0002281 0.0000555 0.0000095 0.0000008 0.0000000 0.0000000 0.0018218
0.8734538 0.0007427 0.0005770 0.0002084 0.0000505 0.0000084 0.0000011 0.0000001 0.0000000 0.0015881
0.8935341 0.0006293 0.0005147 0.0001983 0.0000519 0.0000088 0.0000011 0.0000003 0.0000000 0.0014043
0.9136144 0.0005332 0.0004580 0.0001794 0.0000466 0.0000099 0.0000013 0.0000001 0.0000000 0.0012285
0.9336947 0.0004518 0.0004038 0.0001647 0.0000446 0.0000086 0.0000012 0.0000003 0.0000001 0.0010752
0.9537750 0.0003829 0.0003604 0.0001543 0.0000435 0.0000088 0.0000010 0.0000001 0.0000000 0.0009509
0.9738554 0.0003244 0.0003222 0.0001429 0.0000408 0.0000092 0.0000013 0.0000002 0.0000002 0.0008413
0.9939357 0.0002749 0.0002842 0.0001306 0.0000388 0.0000084 0.0000016 0.0000002 0.0000000 0.0007387
1.0140160 0.0002329 0.0002536 0.0001204 0.0000386 0.0000085 0.0000014 0.0000003 0.0000000 0.0006557
1.0340964 0.0001974 0.0002253 0.0001111 0.0000356 0.0000086 0.0000017 0.0000002 0.0000000 0.0005799
1.0541767 0.0001672 0.0002000 0.0001028 0.0000335 0.0000073 0.0000013 0.0000002 0.0000000 0.0005124
1.0742570 0.0001417 0.0001780 0.0000928 0.0000321 0.0000082 0.0000018 0.0000004 0.0000001 0.0004549
1.0943373 0.0001201 0.0001590 0.0000868 0.0000298 0.0000074 0.0000013 0.0000002 0.0000000 0.0004044
1.1144177 0.0001017 0.0001413 0.0000804 0.0000291 0.0000076 0.0000017 0.0000003 0.0000000 0.0003622
1.1344979 0.0000862 0.0001258 0.0000732 0.0000270 0.0000072 0.0000014 0.0000002 0.0000000 0.0003211
1.1545782 0.0000731 0.0001118 0.0000668 0.0000252 0.0000068 0.0000013 0.0000002 0.0000000 0.0002852
1.1746585 0.0000619 0.0001001 0.0000617 0.0000240 0.0000067 0.0000016 0.0000003 0.0000000 0.0002563
1.1947389 0.0000525 0.0000891 0.0000571 0.0000225 0.0000066 0.0000014 0.0000004 0.0000000 0.0002296
1.2148192 0.0000444 0.0000797 0.0000526 0.0000211 0.0000061 0.0000013 0.0000003 0.0000000 0.0002055
1.2348995 0.0000377 0.0000707 0.0000477 0.0000199 0.0000061 0.0000012 0.0000003 0.0000000 0.0001836
1.2549798 0.0000319 0.0000633 0.0000439 0.0000189 0.0000059 0.0000014 0.0000003 0.0000000 0.0001657
1.2750602 0.0000270 0.0000564 0.0000410 0.0000185 0.0000060 0.0000013 0.0000003 0.0000000 0.0001507
1.2951405 0.0000229 0.0000503 0.0000373 0.0000171 0.0000055 0.0000013 0.0000003 0.0000001 0.0001348
1.3152208 0.0000194 0.0000451 0.0000342 0.0000160 0.0000054 0.0000013 0.0000003 0.0000000 0.0001218
1.3353012 0.0000165 0.0000405 0.0000320 0.0000150 0.0000049 0.0000013 0.0000003 0.0000000 0.0001104
1.3553815 0.0000139 0.0000363 0.0000290 0.0000139 0.0000045 0.0000012 0.0000003 0.0000000 0.0000991
1.3754618 0.0000118 0.0000322 0.0000268 0.0000132 0.0000045 0.0000013 0.0000003 0.0000000 0.0000902
1.3955421 0.0000100 0.0000290 0.0000245 0.0000121 0.0000043 0.0000011 0.0000003 0.0000000 0.0000812
1.4156225 0.0000085 0.0000259 0.0000224 0.0000113 0.0000039 0.0000010 0.0000003 0.0000000 0.0000733
1.4357028 0.0000072 0.0000234 0.0000210 0.0000111 0.0000041 0.0000012 0.0000003 0.0000000 0.0000684
1.4557831 0.0000061 0.0000210 0.0000195 0.0000107 0.0000041 0.0000012 0.0000003 0.0000001 0.0000629
1.4758633 0.0000052 0.0000187 0.0000177 0.0000096 0.0000036 0.0000010 0.0000003 0.0000001 0.0000562
1.4959437 0.0000044 0.0000170 0.0000164 0.0000093 0.0000037 0.0000011 0.0000003 0.0000001 0.0000522
1.5160240 0.0000037 0.0000151 0.0000149 0.0000084 0.0000034 0.0000011 0.0000003 0.0000000 0.0000470
1.5361043 0.0000031 0.0000137 0.0000140 0.0000083 0.0000034 0.0000011 0.0000002 0.0000001 0.0000438
1.5561846 0.0000027 0.0000124 0.0000129 0.0000077 0.0000033 0.0000011 0.0000003 0.0000001 0.0000404
1.5762650 0.0000023 0.0000110 0.0000115 0.0000070 0.0000030 0.0000009 0.0000002 0.0000000 0.0000360
1.5963453 0.0000019 0.0000101 0.0000110 0.0000069 0.0000029 0.0000010 0.0000003 0.0000001 0.0000343
1.6164256 0.0000016 0.0000090 0.0000100 0.0000062 0.0000028 0.0000010 0.0000003 0.0000001 0.0000310
1.6365060 0.0000014 0.0000082 0.0000094 0.0000060 0.0000027 0.0000010 0.0000003 0.0000001 0.0000289
1.6565863 0.0000012 0.0000074 0.0000086 0.0000055 0.0000025 0.0000009 0.0000003 0.0000001 0.0000264
1.6766666 0.0000010 0.0000067 0.0000080 0.0000053 0.0000025 0.0000009 0.0000002 0.0000000 0.0000247
1.6967469 0.0000008 0.0000060 0.0000073 0.0000049 0.0000023 0.0000009 0.0000002 0.0000000 0.0000225
1.7168273 0.0000007 0.0000055 0.0000067 0.0000045 0.0000021 0.0000007 0.0000002 0.0000001 0.0000205
1.7369076 0.0000006 0.0000050 0.0000062 0.0000043 0.0000020 0.0000008 0.0000002 0.0000001 0.0000193
1.7569879 0.0000005 0.0000045 0.0000058 0.0000042 0.0000020 0.0000008 0.0000002 0.0000000 0.0000181
1.7770681 0.0000004 0.0000041 0.0000053 0.0000038 0.0000019 0.0000007 0.0000003 0.0000001 0.0000165
1.7971485 0.0000004 0.0000037 0.0000050 0.0000036 0.0000018 0.0000007 0.0000002 0.0000001 0.0000154
1.8172288 0.0000003 0.0000034 0.0000046 0.0000034 0.0000017 0.0000007 0.0000002 0.0000001 0.0000144
1.8373091 0.0000003 0.0000031 0.0000042 0.0000031 0.0000016 0.0000006 0.0000002 0.0000000 0.0000131
1.8573895 0.0000002 0.0000028 0.0000039 0.0000031 0.0000016 0.0000006 0.0000002 0.0000001 0.0000125
1.8774698 0.0000002 0.0000025 0.0000036 0.0000028 0.0000015 0.0000006 0.0000002 0.0000001 0.0000115
1.8975501 0.0000002 0.0000023 0.0000034 0.0000026 0.0000014 0.0000005 0.0000002 0.0000001 0.0000106
1.9176304 0.0000001 0.0000021 0.0000030 0.0000024 0.0000013 0.0000006 0.0000002 0.0000001 0.0000099
1.9377108 0.0000001 0.0000019 0.0000028 0.0000023 0.0000013 0.0000005 0.0000002 0.0000000 0.0000092
1.9577911 0.0000001 0.0000017 0.0000027 0.0000022 0.0000012 0.0000005 0.0000002 0.0000000 0.0000088
1.9778714 0.0000001 0.0000016 0.0000025 0.0000020 0.0000012 0.0000005 0.0000002 0.0000000 0.0000080
1.9979517 0.0000001 0.0000015 0.0000023 0.0000019 0.0000011 0.0000005 0.0000002 0.0000001 0.0000076
2.0180321 0.0000001 0.0000013 0.0000021 0.0000018 0.0000010 0.0000005 0.0000002 0.0000001 0.0000070
2.0381124 0.0000000 0.0000012 0.0000019 0.0000016 0.0000010 0.0000004 0.0000002 0.0000001 0.0000064
2.0581927 0.0000000 0.0000011 0.0000018 0.0000015 0.0000009 0.0000004 0.0000001 0.0000000 0.0000059
2.0782731 0.0000000 0.0000010 0.0000017 0.0000015 0.0000009 0.0000004 0.0000002 0.0000001 0.0000059
2.0983534 0.0000000 0.0000009 0.0000016 0.0000014 0.0000008 0.0000004 0.0000001 0.0000000 0.0000053
2.1184337 0.0000000 0.0000009 0.0000015 0.0000014 0.0000009 0.0000004 0.0000001 0.0000000 0.0000052
2.1385140 0.0000000 0.0000008 0.0000014 0.0000013 0.0000008 0.0000004 0.0000002 0.0000001 0.0000050
2.1585944 0.0000000 0.0000007 0.0000012 0.0000011 0.0000007 0.0000004 0.0000002 0.0000001 0.0000044
2.1786747 0.0000000 0.0000006 0.0000012 0.0000011 0.0000007 0.0000003 0.0000001 0.0000000 0.0000041
2.1987550 0.0000000 0.0000006 0.0000011 0.0000010 0.0000007 0.0000003 0.0000001 0.0000001 0.0000039
2.2188354 0.0000000 0.0000006 0.0000010 0.0000010 0.0000006 0.0000003 0.0000001 0.0000000 0.0000037
2.2389157 0.0000000 0.0000005 0.0000009 0.0000009 0.0000006 0.0000003 0.0000001 0.0000000 0.0000032
2.2589958 0.0000000 0.0000005 0.0000009 0.0000008 0.0000006 0.0000003 0.0000001 0.0000000 0.0000032
2.2790761 0.0000000 0.0000004 0.0000008 0.0000008 0.0000005 0.0000003 0.0000001 0.0000000 0.0000031
2.2991564 0.0000000 0.0000004 0.0000007 0.0000007 0.0000005 0.0000003 0.0000001 0.0000000 0.0000027
2.3192368 0.0000000 0.0000003 0.0000006 0.0000006 0.0000004 0.0000002 0.0000001 0.0000000 0.0000023
2.3393171 0.0000000 0.0000003 0.0000006 0.0000006 0.0000004 0.0000002 0.0000001 0.0000000 0.0000024
2.3593974 0.0000000 0.0000003 0.0000006 0.0000006 0.0000004 0.0000002 0.0000001 0.0000000 0.0000022
2.3794777 0.0000000 0.0000003 0.0000005 0.0000006 0.0000004 0.0000002 0.0000001 0.0000000 0.0000021
2.3995581 0.0000000 0.0000003 0.0000005 0.0000005 0.0000004 0.0000002 0.0000001 0.0000000 0.0000021
2.4196384 0.0000000 0.0000002 0.0000005 0.0000005 0.0000004 0.0000002 0.0000001 0.0000000 0.0000020
2.4397187 0.0000000 0.0000002 0.0000004 0.0000005 0.0000003 0.0000002 0.0000001 0.0000000 0.0000018
2.4597991 0.0000000 0.0000002 0.0000004 0.0000004 0.0000003 0.0000002 0.0000001 0.0000000 0.0000016
2.4798794 0.0000000 0.0000002 0.0000004 0.0000004 0.0000003 0.0000002 0.0000001 0.0000000 0.0000015
2.4999597 0.0000000 0.0000002 0.0000003 0.0000004 0.0000003 0.0000002 0.0000001 0.0000000 0.0000014
2.5200400 0.0000000 0.0000001 0.0000003 0.0000004 0.0000003 0.0000002 0.0000001 0.0000000 0.0000013
2.5401204 0.0000000 0.0000001 0.0000003 0.0000003 0.0000003 0.0000002 0.0000001 0.0000000 0.0000013
2.5602007 0.0000000 0.0000001 0.0000003 0.0000003 0.0000003 0.0000001 0.0000001 0.0000000 0.0000012
2.5802810 0.0000000 0.0000001 0.0000003 0.0000003 0.0000002 0.0000001 0.0000001 0.0000000 0.0000012
2.6003613 0.0000000 0.0000001 0.0000002 0.0000003 0.0000002 0.0000001 0.0000001 0.0000000 0.0000010
2.6204417 0.0000000 0.0000001 0.0000002 0.0000002 0.0000002 0.0000001 0.0000001 0.0000000 0.0000009
2.6405220 0.0000000 0.0000001 0.0000002 0.0000002 0.0000002 0.0000001 0.0000001 0.0000000 0.0000009
2.6606023 0.0000000 0.0000001 0.0000002 0.0000002 0.0000002 0.0000001 0.0000001 0.0000000 0.0000008
2.6806827 0.0000000 0.0000001 0.0000002 0.0000002 0.0000001 0.0000001 0.0000000 0.0000000 0.0000007
2.7007630 0.0000000 0.0000001 0.0000002 0.0000002 0.0000002 0.0000001 0.0000001 0.0000000 0.0000007
2.7208433 0.0000000 0.0000001 0.0000002 0.0000002 0.0000002 0.0000001 0.0000000 0.0000000 0.0000007
2.7409236 0.0000000 0.0000000 0.0000001 0.0000001 0.0000001 0.0000001 0.0000000 0.0000000 0.0000005
2.7610040 0.0000000 0.0000000 0.0000001 0.0000001 0.0000001 0.0000001 0.0000000 0.0000000 0.0000005
2.7810843 0.0000000 0.0000001 0.0000002 0.0000002 0.0000002 0.0000001 0.0000001 0.0000000 0.0000008
2.8011646 0.0000000 0.0000000 0.0000001 0.0000001 0.0000001 0.0000001 0.0000000 0.0000000 0.0000005
