-------- p=3.261 a=2.000 mu=-2.200 N=20000000 time=2017-02-23 07:05:08 --------
0.0100000 0.9275892 0.0013836 0.0000000 0.0000000 0.0000000 0.0000000 0.0000000 0.0000000 0.9289727
0.0300803 0.7976361 0.0062436 0.0000081 0.0000000 0.0000000 0.0000000 0.0000000 0.0000000 0.8038878
0.0501606 0.6858892 0.0117813 0.0001032 0.0000001 0.0000000 0.0000000 0.0000000 0.0000000 0.6977738
0.0702410 0.5897977 0.0167889 0.0002225 0.0000005 0.0000000 0.0000000 0.0000000 0.0000000 0.6068096
0.0903213 0.5071684 0.0209314 0.0004455 0.0000080 0.0000000 0.0000000 0.0000000 0.0000000 0.5285534
0.1104016 0.4361153 0.0245414 0.0006806 0.0000131 0.0000000 0.0000000 0.0000000 0.0000000 0.4613505
0.1304819 0.3750166 0.0271207 0.0010114 0.0000128 0.0000001 0.0000000 0.0000000 0.0000000 0.4031616
0.1505622 0.3224777 0.0290135 0.0013011 0.0000322 0.0000002 0.0000000 0.0000000 0.0000000 0.3528248
0.1706426 0.2772993 0.0302593 0.0016399 0.0000492 0.0000000 0.0000000 0.0000000 0.0000000 0.3092478
0.1907229 0.2384503 0.0307767 0.0019692 0.0000825 0.0000160 0.0000000 0.0000000 0.0000000 0.2712948
0.2108032 0.2050440 0.0308817 0.0023680 0.0001242 0.0000043 0.0000000 0.0000000 0.0000000 0.2384221
0.2308835 0.1763178 0.0303982 0.0025942 0.0001322 0.0000070 0.0000001 0.0000000 0.0000000 0.2094494
0.2509638 0.1516161 0.0296861 0.0029744 0.0001781 0.0000050 0.0000000 0.0000000 0.0000000 0.1844596
0.2710442 0.1303750 0.0287389 0.0032839 0.0002014 0.0000135 0.0000000 0.0000000 0.0000000 0.1626127
0.2911245 0.1121098 0.0274555 0.0035142 0.0002731 0.0000338 0.0000023 0.0000000 0.0000000 0.1433887
0.3112048 0.0964035 0.0260838 0.0036227 0.0003467 0.0000130 0.0000000 0.0000000 0.0000000 0.1264697
0.3312851 0.0828976 0.0246925 0.0038625 0.0004111 0.0000285 0.0000002 0.0000000 0.0000000 0.1118924
0.3513654 0.0712838 0.0231084 0.0038440 0.0004654 0.0000417 0.0000007 0.0000000 0.0000000 0.0987442
0.3714458 0.0612971 0.0216450 0.0039193 0.0004653 0.0000318 0.0000015 0.0000000 0.0000000 0.0873600
0.3915261 0.0527095 0.0201270 0.0039998 0.0005763 0.0000529 0.0000029 0.0000000 0.0000000 0.0774685
0.4116064 0.0453251 0.0187302 0.0039763 0.0005665 0.0000471 0.0000018 0.0000002 0.0000000 0.0686472
0.4316867 0.0389751 0.0173003 0.0039793 0.0005865 0.0000689 0.0000038 0.0000001 0.0000000 0.0609141
0.4517670 0.0335148 0.0159249 0.0038025 0.0006379 0.0000722 0.0000062 0.0000001 0.0000000 0.0539585
0.4718474 0.0288195 0.0146738 0.0038193 0.0006632 0.0000984 0.0000060 0.0000004 0.0000000 0.0480806
0.4919277 0.0247819 0.0134740 0.0037716 0.0007073 0.0000977 0.0000095 0.0000000 0.0000000 0.0428420
0.5120080 0.0213100 0.0123251 0.0036279 0.0007298 0.0001055 0.0000184 0.0000008 0.0000000 0.0381176
0.5320883 0.0183245 0.0112385 0.0034705 0.0007764 0.0001136 0.0000261 0.0000040 0.0000000 0.0339537
0.5521687 0.0157573 0.0102855 0.0034684 0.0007685 0.0001326 0.0000248 0.0000056 0.0000000 0.0304428
0.5722489 0.0135498 0.0093718 0.0031732 0.0007460 0.0001542 0.0000209 0.0000023 0.0000000 0.0270181
0.5923293 0.0116515 0.0085390 0.0031596 0.0008022 0.0001642 0.0000232 0.0000024 0.0000000 0.0243420
0.6124096 0.0100191 0.0077439 0.0030038 0.0007980 0.0001653 0.0000260 0.0000013 0.0000000 0.0217573
0.6324899 0.0086155 0.0070294 0.0028707 0.0008167 0.0001799 0.0000278 0.0000035 0.0000004 0.0195438
0.6525702 0.0074085 0.0063928 0.0027475 0.0008072 0.0001722 0.0000358 0.0000026 0.0000000 0.0175666
0.6726506 0.0063706 0.0057681 0.0026441 0.0008197 0.0001710 0.0000464 0.0000094 0.0000001 0.0158294
0.6927309 0.0054781 0.0052315 0.0024775 0.0007985 0.0001790 0.0000344 0.0000040 0.0000012 0.0142042
0.7128112 0.0047106 0.0047237 0.0023273 0.0008009 0.0001971 0.0000288 0.0000058 0.0000026 0.0127968
0.7328916 0.0040506 0.0042681 0.0021803 0.0007626 0.0001966 0.0000437 0.0000097 0.0000011 0.0115127
0.7529718 0.0034832 0.0038480 0.0020866 0.0007402 0.0002217 0.0000532 0.0000096 0.0000017 0.0104441
0.7730522 0.0029952 0.0034781 0.0019537 0.0007681 0.0002297 0.0000457 0.0000068 0.0000019 0.0094792
0.7931325 0.0025756 0.0031475 0.0018316 0.0007265 0.0002173 0.0000496 0.0000133 0.0000033 0.0085646
0.8132128 0.0022147 0.0028290 0.0017177 0.0007054 0.0002072 0.0000490 0.0000073 0.0000013 0.0077316
0.8332931 0.0019045 0.0025426 0.0015947 0.0006814 0.0002198 0.0000567 0.0000113 0.0000021 0.0070130
0.8533735 0.0016376 0.0022911 0.0014997 0.0006576 0.0002229 0.0000654 0.0000164 0.0000021 0.0063928
0.8734538 0.0014082 0.0020603 0.0013983 0.0006427 0.0002176 0.0000493 0.0000081 0.0000020 0.0057864
0.8935341 0.0012109 0.0018589 0.0012979 0.0006222 0.0002236 0.0000556 0.0000125 0.0000024 0.0052839
0.9136144 0.0010413 0.0016736 0.0012253 0.0006153 0.0002227 0.0000632 0.0000165 0.0000032 0.0048611
0.9336947 0.0008954 0.0014978 0.0011351 0.0005808 0.0002248 0.0000709 0.0000170 0.0000038 0.0044256
0.9537750 0.0007700 0.0013493 0.0010607 0.0005582 0.0002166 0.0000671 0.0000163 0.0000035 0.0040416
0.9738554 0.0006621 0.0012121 0.0009876 0.0005313 0.0002113 0.0000695 0.0000174 0.0000029 0.0036942
0.9939357 0.0005693 0.0010864 0.0009121 0.0005058 0.0002211 0.0000722 0.0000182 0.0000054 0.0033905
1.0140160 0.0004896 0.0009716 0.0008429 0.0004935 0.0002091 0.0000730 0.0000202 0.0000062 0.0031060
1.0340964 0.0004210 0.0008762 0.0007944 0.0004784 0.0002131 0.0000726 0.0000201 0.0000043 0.0028802
1.0541767 0.0003620 0.0007818 0.0007305 0.0004510 0.0002100 0.0000763 0.0000204 0.0000053 0.0026372
1.0742570 0.0003113 0.0007016 0.0006747 0.0004314 0.0002030 0.0000774 0.0000243 0.0000060 0.0024297
1.0943373 0.0002677 0.0006373 0.0006438 0.0004279 0.0002038 0.0000721 0.0000265 0.0000071 0.0022862
1.1144177 0.0002302 0.0005685 0.0005820 0.0003896 0.0001975 0.0000770 0.0000272 0.0000075 0.0020794
1.1344979 0.0001979 0.0005105 0.0005428 0.0003718 0.0001946 0.0000760 0.0000244 0.0000068 0.0019248
1.1545782 0.0001702 0.0004586 0.0005030 0.0003602 0.0001849 0.0000747 0.0000248 0.0000068 0.0017832
1.1746585 0.0001464 0.0004068 0.0004642 0.0003427 0.0001843 0.0000788 0.0000259 0.0000072 0.0016562
1.1947389 0.0001259 0.0003647 0.0004251 0.0003199 0.0001754 0.0000791 0.0000303 0.0000095 0.0015298
1.2148192 0.0001082 0.0003291 0.0004002 0.0003059 0.0001713 0.0000755 0.0000264 0.0000083 0.0014248
1.2348995 0.0000931 0.0002983 0.0003701 0.0002905 0.0001634 0.0000735 0.0000284 0.0000086 0.0013259
1.2549798 0.0000800 0.0002654 0.0003426 0.0002774 0.0001641 0.0000807 0.0000305 0.0000093 0.0012501
1.2750602 0.0000688 0.0002391 0.0003120 0.0002583 0.0001531 0.0000755 0.0000332 0.0000100 0.0011499
1.2951405 0.0000592 0.0002144 0.0002877 0.0002437 0.0001511 0.0000716 0.0000283 0.0000101 0.0010660
1.3152208 0.0000509 0.0001915 0.0002657 0.0002354 0.0001474 0.0000718 0.0000290 0.0000103 0.0010019
1.3353012 0.0000438 0.0001744 0.0002495 0.0002215 0.0001396 0.0000697 0.0000296 0.0000105 0.0009386
1.3553815 0.0000376 0.0001551 0.0002291 0.0002099 0.0001346 0.0000693 0.0000296 0.0000102 0.0008754
1.3754618 0.0000324 0.0001397 0.0002099 0.0001989 0.0001317 0.0000687 0.0000286 0.0000106 0.0008204
1.3955421 0.0000278 0.0001257 0.0001923 0.0001827 0.0001242 0.0000657 0.0000268 0.0000099 0.0007552
1.4156225 0.0000239 0.0001124 0.0001795 0.0001731 0.0001203 0.0000641 0.0000285 0.0000115 0.0007133
1.4357028 0.0000206 0.0001017 0.0001651 0.0001638 0.0001181 0.0000648 0.0000315 0.0000116 0.0006772
1.4557831 0.0000177 0.0000927 0.0001559 0.0001588 0.0001165 0.0000676 0.0000312 0.0000126 0.0006529
1.4758633 0.0000152 0.0000833 0.0001433 0.0001505 0.0001125 0.0000647 0.0000319 0.0000133 0.0006146
1.4959437 0.0000131 0.0000741 0.0001293 0.0001389 0.0001053 0.0000611 0.0000293 0.0000125 0.0005635
1.5160240 0.0000112 0.0000666 0.0001212 0.0001325 0.0001001 0.0000610 0.0000310 0.0000140 0.0005377
1.5361043 0.0000097 0.0000603 0.0001108 0.0001216 0.0000958 0.0000569 0.0000278 0.0000119 0.0004947
1.5561846 0.0000083 0.0000543 0.0001044 0.0001176 0.0000967 0.0000606 0.0000303 0.0000119 0.0004841
1.5762650 0.0000072 0.0000490 0.0000942 0.0001099 0.0000886 0.0000562 0.0000279 0.0000121 0.0004451
1.5963453 0.0000061 0.0000440 0.0000880 0.0001042 0.0000866 0.0000532 0.0000305 0.0000141 0.0004266
1.6164256 0.0000053 0.0000393 0.0000796 0.0000947 0.0000812 0.0000535 0.0000293 0.0000136 0.0003965
1.6365060 0.0000045 0.0000359 0.0000749 0.0000912 0.0000783 0.0000536 0.0000289 0.0000140 0.0003813
1.6565863 0.0000039 0.0000324 0.0000690 0.0000847 0.0000748 0.0000504 0.0000271 0.0000130 0.0003554
1.6766666 0.0000034 0.0000288 0.0000636 0.0000802 0.0000710 0.0000486 0.0000273 0.0000126 0.0003355
1.6967469 0.0000029 0.0000263 0.0000581 0.0000748 0.0000680 0.0000490 0.0000278 0.0000131 0.0003199
1.7168273 0.0000025 0.0000237 0.0000537 0.0000705 0.0000642 0.0000468 0.0000279 0.0000118 0.0003011
1.7369076 0.0000021 0.0000214 0.0000496 0.0000657 0.0000617 0.0000436 0.0000248 0.0000126 0.0002817
1.7569879 0.0000018 0.0000191 0.0000462 0.0000630 0.0000602 0.0000446 0.0000272 0.0000132 0.0002755
1.7770681 0.0000016 0.0000179 0.0000435 0.0000590 0.0000561 0.0000413 0.0000238 0.0000118 0.0002550
1.7971485 0.0000014 0.0000157 0.0000391 0.0000548 0.0000531 0.0000395 0.0000237 0.0000126 0.0002399
1.8172288 0.0000012 0.0000146 0.0000370 0.0000532 0.0000516 0.0000378 0.0000220 0.0000114 0.0002287
1.8373091 0.0000010 0.0000132 0.0000337 0.0000492 0.0000490 0.0000380 0.0000250 0.0000125 0.0002215
1.8573895 0.0000009 0.0000119 0.0000310 0.0000451 0.0000459 0.0000363 0.0000231 0.0000113 0.0002053
1.8774698 0.0000007 0.0000109 0.0000294 0.0000441 0.0000458 0.0000363 0.0000231 0.0000125 0.0002028
1.8975501 0.0000006 0.0000096 0.0000265 0.0000407 0.0000438 0.0000359 0.0000226 0.0000123 0.0001921
1.9176304 0.0000005 0.0000088 0.0000241 0.0000373 0.0000403 0.0000317 0.0000207 0.0000120 0.0001753
1.9377108 0.0000005 0.0000080 0.0000227 0.0000360 0.0000393 0.0000324 0.0000217 0.0000125 0.0001730
1.9577911 0.0000004 0.0000076 0.0000219 0.0000340 0.0000374 0.0000310 0.0000212 0.0000121 0.0001657
1.9778714 0.0000003 0.0000067 0.0000200 0.0000319 0.0000361 0.0000308 0.0000218 0.0000125 0.0001602
1.9979517 0.0000003 0.0000061 0.0000184 0.0000299 0.0000337 0.0000300 0.0000222 0.0000134 0.0001540
2.0180321 0.0000003 0.0000055 0.0000166 0.0000277 0.0000320 0.0000274 0.0000195 0.0000116 0.0001404
2.0381124 0.0000002 0.0000049 0.0000153 0.0000259 0.0000295 0.0000257 0.0000186 0.0000114 0.0001314
2.0581927 0.0000002 0.0000046 0.0000143 0.0000241 0.0000275 0.0000242 0.0000173 0.0000099 0.0001221
2.0782731 0.0000002 0.0000041 0.0000130 0.0000222 0.0000266 0.0000242 0.0000176 0.0000117 0.0001194
2.0983534 0.0000001 0.0000040 0.0000133 0.0000233 0.0000284 0.0000262 0.0000192 0.0000115 0.0001260
2.1184337 0.0000001 0.0000036 0.0000118 0.0000213 0.0000257 0.0000233 0.0000166 0.0000103 0.0001128
2.1385140 0.0000001 0.0000030 0.0000102 0.0000183 0.0000229 0.0000217 0.0000167 0.0000105 0.0001035
2.1585944 0.0000001 0.0000027 0.0000092 0.0000167 0.0000214 0.0000204 0.0000156 0.0000103 0.0000963
2.1786747 0.0000001 0.0000024 0.0000084 0.0000156 0.0000202 0.0000199 0.0000156 0.0000107 0.0000929
2.1987550 0.0000001 0.0000024 0.0000086 0.0000164 0.0000211 0.0000211 0.0000163 0.0000112 0.0000972
2.2188354 0.0000001 0.0000021 0.0000073 0.0000139 0.0000182 0.0000183 0.0000147 0.0000100 0.0000845
2.2389157 0.0000000 0.0000021 0.0000074 0.0000139 0.0000184 0.0000182 0.0000157 0.0000114 0.0000872
2.2589958 0.0000000 0.0000019 0.0000069 0.0000135 0.0000183 0.0000187 0.0000158 0.0000115 0.0000866
2.2790761 0.0000000 0.0000017 0.0000065 0.0000128 0.0000172 0.0000178 0.0000148 0.0000105 0.0000814
2.2991564 0.0000000 0.0000016 0.0000058 0.0000113 0.0000152 0.0000157 0.0000131 0.0000095 0.0000723
2.3192368 0.0000000 0.0000014 0.0000053 0.0000106 0.0000142 0.0000150 0.0000129 0.0000094 0.0000688
2.3393171 0.0000000 0.0000013 0.0000049 0.0000096 0.0000135 0.0000144 0.0000121 0.0000089 0.0000646
2.3593974 0.0000000 0.0000012 0.0000045 0.0000093 0.0000131 0.0000141 0.0000120 0.0000085 0.0000627
2.3794777 0.0000000 0.0000013 0.0000049 0.0000099 0.0000139 0.0000154 0.0000137 0.0000107 0.0000698
2.3995581 0.0000000 0.0000011 0.0000043 0.0000086 0.0000121 0.0000130 0.0000116 0.0000088 0.0000594
2.4196384 0.0000000 0.0000010 0.0000038 0.0000083 0.0000123 0.0000137 0.0000125 0.0000093 0.0000608
2.4397187 0.0000000 0.0000009 0.0000037 0.0000079 0.0000117 0.0000126 0.0000113 0.0000084 0.0000565
2.4597991 0.0000000 0.0000008 0.0000032 0.0000071 0.0000102 0.0000115 0.0000109 0.0000084 0.0000521
2.4798794 0.0000000 0.0000007 0.0000031 0.0000066 0.0000098 0.0000109 0.0000103 0.0000080 0.0000494
2.4999597 0.0000000 0.0000006 0.0000027 0.0000061 0.0000092 0.0000106 0.0000098 0.0000078 0.0000468
2.5200400 0.0000000 0.0000006 0.0000024 0.0000053 0.0000081 0.0000094 0.0000091 0.0000076 0.0000425
2.5401204 0.0000000 0.0000005 0.0000022 0.0000051 0.0000078 0.0000092 0.0000090 0.0000073 0.0000412
2.5602007 0.0000000 0.0000005 0.0000023 0.0000052 0.0000078 0.0000093 0.0000089 0.0000069 0.0000410
2.5802810 0.0000000 0.0000005 0.0000020 0.0000045 0.0000070 0.0000083 0.0000079 0.0000060 0.0000363
2.6003613 0.0000000 0.0000005 0.0000020 0.0000047 0.0000075 0.0000089 0.0000085 0.0000065 0.0000387
2.6204417 0.0000000 0.0000003 0.0000013 0.0000030 0.0000048 0.0000059 0.0000060 0.0000051 0.0000264
2.6405220 0.0000000 0.0000003 0.0000013 0.0000030 0.0000048 0.0000059 0.0000058 0.0000049 0.0000260
2.6606023 0.0000000 0.0000003 0.0000015 0.0000035 0.0000057 0.0000071 0.0000070 0.0000058 0.0000311
2.6806827 0.0000000 0.0000003 0.0000012 0.0000031 0.0000050 0.0000062 0.0000061 0.0000051 0.0000269
2.7007630 0.0000000 0.0000003 0.0000012 0.0000029 0.0000048 0.0000060 0.0000060 0.0000052 0.0000263
2.7208433 0.0000000 0.0000002 0.0000011 0.0000027 0.0000044 0.0000055 0.0000058 0.0000050 0.0000247
2.7409236 0.0000000 0.0000002 0.0000011 0.0000026 0.0000043 0.0000055 0.0000056 0.0000049 0.0000243
2.7610040 0.0000000 0.0000002 0.0000010 0.0000023 0.0000039 0.0000051 0.0000054 0.0000048 0.0000229
2.7810843 0.0000000 0.0000002 0.0000008 0.0000021 0.0000035 0.0000045 0.0000046 0.0000040 0.0000196
2.8011646 0.0000000 0.0000002 0.0000010 0.0000026 0.0000046 0.0000062 0.0000068 0.0000061 0.0000276
2.8212450 0.0000000 0.0000002 0.0000011 0.0000029 0.0000049 0.0000065 0.0000069 0.0000061 0.0000287
2.8413253 0.0000000 0.0000001 0.0000007 0.0000018 0.0000032 0.0000042 0.0000046 0.0000042 0.0000189
2.8614056 0.0000000 0.0000001 0.0000007 0.0000018 0.0000031 0.0000042 0.0000044 0.0000040 0.0000183
2.8814859 0.0000000 0.0000001 0.0000006 0.0000015 0.0000026 0.0000035 0.0000038 0.0000035 0.0000157
2.9015663 0.0000000 0.0000002 0.0000008 0.0000021 0.0000039 0.0000051 0.0000058 0.0000056 0.0000235
2.9216464 0.0000000 0.0000001 0.0000005 0.0000014 0.0000025 0.0000034 0.0000037 0.0000035 0.0000151
2.9417267 0.0000000 0.0000001 0.0000007 0.0000019 0.0000035 0.0000049 0.0000056 0.0000054 0.0000221
2.9618070 0.0000000 0.0000001 0.0000007 0.0000021 0.0000038 0.0000053 0.0000061 0.0000058 0.0000240
2.9818873 0.0000000 0.0000001 0.0000004 0.0000012 0.0000022 0.0000032 0.0000037 0.0000037 0.0000144
3.0019677 0.0000000 0.0000001 0.0000004 0.0000010 0.0000019 0.0000027 0.0000032 0.0000032 0.0000124
3.0220480 0.0000000 0.0000001 0.0000004 0.0000010 0.0000019 0.0000027 0.0000031 0.0000030 0.0000123
3.0421283 0.0000000 0.0000001 0.0000004 0.0000012 0.0000023 0.0000032 0.0000036 0.0000036 0.0000144
3.0622087 0.0000000 0.0000000 0.0000002 0.0000005 0.0000010 0.0000014 0.0000016 0.0000016 0.0000064
3.0822890 0.0000000 0.0000000 0.0000003 0.0000007 0.0000013 0.0000019 0.0000023 0.0000022 0.0000086
3.1023693 0.0000000 0.0000000 0.0000003 0.0000007 0.0000014 0.0000022 0.0000025 0.0000024 0.0000096
3.1224496 0.0000000 0.0000001 0.0000003 0.0000008 0.0000017 0.0000025 0.0000030 0.0000030 0.0000113
3.1425300 0.0000000 0.0000000 0.0000002 0.0000005 0.0000010 0.0000015 0.0000018 0.0000019 0.0000070
3.1626103 0.0000000 0.0000000 0.0000002 0.0000005 0.0000010 0.0000015 0.0000018 0.0000018 0.0000068
3.1826906 0.0000000 0.0000000 0.0000001 0.0000003 0.0000007 0.0000010 0.0000012 0.0000013 0.0000047
3.2027709 0.0000000 0.0000000 0.0000001 0.0000003 0.0000005 0.0000008 0.0000009 0.0000010 0.0000037
3.2228513 0.0000000 0.0000000 0.0000003 0.0000007 0.0000015 0.0000023 0.0000027 0.0000027 0.0000102
3.2429316 0.0000000 0.0000000 0.0000001 0.0000003 0.0000006 0.0000008 0.0000010 0.0000011 0.0000039
3.2630119 0.0000000 0.0000000 0.0000002 0.0000007 0.0000014 0.0000023 0.0000029 0.0000031 0.0000106
3.2830923 0.0000000 0.0000001 0.0000003 0.0000010 0.0000020 0.0000031 0.0000039 0.0000043 0.0000147
3.3031726 0.0000000 0.0000000 0.0000001 0.0000004 0.0000007 0.0000011 0.0000015 0.0000015 0.0000054
3.3232529 0.0000000 0.0000000 0.0000001 0.0000004 0.0000009 0.0000014 0.0000017 0.0000018 0.0000064
3.3433332 0.0000000 0.0000000 0.0000001 0.0000002 0.0000003 0.0000005 0.0000007 0.0000007 0.0000025
3.3634136 0.0000000 0.0000000 0.0000001 0.0000002 0.0000004 0.0000007 0.0000008 0.0000009 0.0000030
3.3834939 0.0000000 0.0000000 0.0000001 0.0000004 0.0000007 0.0000011 0.0000015 0.0000016 0.0000055
3.4035742 0.0000000 0.0000000 0.0000000 0.0000001 0.0000003 0.0000005 0.0000006 0.0000007 0.0000024
3.4236546 0.0000000 0.0000000 0.0000001 0.0000002 0.0000004 0.0000007 0.0000010 0.0000011 0.0000036
3.4437349 0.0000000 0.0000000 0.0000000 0.0000001 0.0000003 0.0000005 0.0000007 0.0000008 0.0000024
3.4638152 0.0000000 0.0000000 0.0000000 0.0000001 0.0000002 0.0000003 0.0000003 0.0000004 0.0000012
3.4838955 0.0000000 0.0000000 0.0000000 0.0000001 0.0000002 0.0000003 0.0000004 0.0000004 0.0000013
3.5039759 0.0000000 0.0000000 0.0000000 0.0000001 0.0000003 0.0000005 0.0000007 0.0000008 0.0000025
3.5240562 -nan inf inf inf inf inf inf inf inf
3.5441363 0.0000000 0.0000001 0.0000003 0.0000011 0.0000024 0.0000038 0.0000050 0.0000054 0.0000180
3.5642166 0.0000000 0.0000000 0.0000000 0.0000001 0.0000002 0.0000003 0.0000005 0.0000005 0.0000017
3.5842969 0.0000000 0.0000000 0.0000000 0.0000001 0.0000002 0.0000003 0.0000004 0.0000005 0.0000015
3.6043773 0.0000000 0.0000000 0.0000000 0.0000001 0.0000002 0.0000004 0.0000005 0.0000006 0.0000019
3.6244576 0.0000000 0.0000000 0.0000001 0.0000002 0.0000004 0.0000007 0.0000011 0.0000012 0.0000037
3.6445379 -nan inf inf inf inf inf inf inf inf
3.6646183 0.0000000 0.0000000 0.0000001 0.0000003 0.0000008 0.0000014 0.0000021 0.0000025 0.0000073
3.6846986 0.0000000 0.0000000 0.0000000 0.0000001 0.0000003 0.0000005 0.0000007 0.0000008 0.0000023
3.7047789 -nan inf inf inf inf inf inf inf inf
3.7248592 0.0000000 0.0000000 0.0000000 0.0000000 0.0000000 0.0000001 0.0000001 0.0000001 0.0000004
3.7449396 -nan inf inf inf inf inf inf inf inf
3.7650199 -nan inf inf inf inf inf inf inf inf
3.7851002 0.0000000 0.0000000 0.0000000 0.0000000 0.0000001 0.0000001 0.0000001 0.0000001 0.0000004
3.8051805 -nan inf inf inf inf inf inf inf inf
3.8252609 -nan inf inf inf inf inf inf inf inf
3.8453412 -nan inf inf inf inf inf inf inf inf
3.8654215 0.0000000 0.0000000 0.0000000 0.0000001 0.0000001 0.0000002 0.0000003 0.0000004 0.0000012
3.8855019 -nan inf inf inf inf inf inf inf inf
3.9055822 -nan inf inf inf inf inf inf inf inf
3.9256625 0.0000000 0.0000000 0.0000000 0.0000000 0.0000001 0.0000001 0.0000002 0.0000003 0.0000008
3.9457428 0.0000000 0.0000000 0.0000000 0.0000000 0.0000001 0.0000002 0.0000003 0.0000003 0.0000009
3.9658232 0.0000000 0.0000000 0.0000000 0.0000000 0.0000001 0.0000002 0.0000003 0.0000004 0.0000011
3.9859035 -nan inf inf inf inf inf inf inf inf
4.0059838 -nan inf inf inf inf inf inf inf inf
4.0260644 -nan inf inf inf inf inf inf inf inf
4.0461445 -nan inf inf inf inf inf inf inf inf
4.0662251 -nan inf inf inf inf inf inf inf inf
4.0863051 -nan inf inf inf inf inf inf inf inf
4.1063857 -nan inf inf inf inf inf inf inf inf
4.1264658 -nan inf inf inf inf inf inf inf inf
4.1465464 -nan inf inf inf inf inf inf inf inf
4.1666265 -nan inf inf inf inf inf inf inf inf
4.1867070 -nan inf inf inf inf inf inf inf inf
4.2067871 -nan inf inf inf inf inf inf inf inf
4.2268677 -nan inf inf inf inf inf inf inf inf
4.2469478 -nan inf inf inf inf inf inf inf inf
4.2670283 -nan inf inf inf inf inf inf inf inf
4.2871084 -nan inf inf inf inf inf inf inf inf
4.3071890 -nan inf inf inf inf inf inf inf inf
4.3272691 -nan inf inf inf inf inf inf inf inf
4.3473496 -nan inf inf inf inf inf inf inf inf
4.3674297 -nan inf inf inf inf inf inf inf inf
4.3875103 -nan inf inf inf inf inf inf inf inf
4.4075904 -nan inf inf inf inf inf inf inf inf
4.4276710 -nan inf inf inf inf inf inf inf inf
4.4477510 -nan inf inf inf inf inf inf inf inf
4.4678316 -nan inf inf inf inf inf inf inf inf
4.4879117 -nan inf inf inf inf inf inf inf inf
4.5079918 -nan inf inf inf inf inf inf inf inf
4.5280724 -nan inf inf inf inf inf inf inf inf
4.5481524 0.0000000 0.0000000 0.0000000 0.0000000 0.0000000 0.0000000 0.0000000 0.0000000 0.0000000
4.5682330 -nan inf inf inf inf inf inf inf inf
4.5883131 -nan inf inf inf inf inf inf inf inf
4.6083937 -nan inf inf inf inf inf inf inf inf
4.6284738 -nan inf inf inf inf inf inf inf inf
4.6485543 -nan inf inf inf inf inf inf inf inf
4.6686344 -nan inf inf inf inf inf inf inf inf
4.6887150 0.0000000 0.0000000 0.0000000 0.0000000 0.0000000 0.0000000 0.0000000 0.0000000 0.0000000
4.7087951 -nan inf inf inf inf inf inf inf inf
4.7288756 -nan inf inf inf inf inf inf inf inf
4.7489557 -nan inf inf inf inf inf inf inf inf
4.7690363 -nan inf inf inf inf inf inf inf inf
4.7891164 -nan inf inf inf inf inf inf inf inf
4.8091969 -nan inf inf inf inf inf inf inf inf
4.8292770 -nan inf inf inf inf inf inf inf inf
4.8493576 -nan inf inf inf inf inf inf inf inf
4.8694377 -nan inf inf inf inf inf inf inf inf
4.8895183 -nan inf inf inf inf inf inf inf inf
4.9095984 -nan inf inf inf inf inf inf inf inf
4.9296789 -nan inf inf inf inf inf inf inf inf
4.9497590 -nan inf inf inf inf inf inf inf inf
4.9698396 -nan inf inf inf inf inf inf inf inf
4.9899197 -nan inf inf inf inf inf inf inf inf
5.0100002 -nan inf inf inf inf inf inf inf inf
