-------- p=3.333 a=2.000 mu=-2.200 N=10000000 time=2017-02-22 01:09:51 --------
3.333 2.000 m-2.200 10000000 2017-02-22 01:09:51
0.0100000 0.9253756 0.0013824 0.0000000 0.0000000 0.0000000 0.0000000 0.0000000 0.0000000 0.9267580
0.0300803 0.7919242 0.0062612 0.0000152 0.0000000 0.0000000 0.0000000 0.0000000 0.0000000 0.7982006
0.0501606 0.6777183 0.0114147 0.0000824 0.0000007 0.0000000 0.0000000 0.0000000 0.0000000 0.6892161
0.0702410 0.5799823 0.0163170 0.0003032 0.0000000 0.0000000 0.0000000 0.0000000 0.0000000 0.5966025
0.0903213 0.4963412 0.0205101 0.0005121 0.0000069 0.0000000 0.0000000 0.0000000 0.0000000 0.5173704
0.1104016 0.4247622 0.0237941 0.0005627 0.0000122 0.0000000 0.0000000 0.0000000 0.0000000 0.4491312
0.1304819 0.3635059 0.0262675 0.0008393 0.0000064 0.0000000 0.0000000 0.0000000 0.0000000 0.3906191
0.1505622 0.3110835 0.0280885 0.0011734 0.0000248 0.0000000 0.0000000 0.0000000 0.0000000 0.3403702
0.1706426 0.2662212 0.0290550 0.0016361 0.0000441 0.0000004 0.0000000 0.0000000 0.0000000 0.2969568
0.1907229 0.2278285 0.0295003 0.0017506 0.0000646 0.0000018 0.0000000 0.0000000 0.0000000 0.2591458
0.2108032 0.1949727 0.0294251 0.0022600 0.0001212 0.0000049 0.0000000 0.0000000 0.0000000 0.2267838
0.2308835 0.1668550 0.0288879 0.0026860 0.0001737 0.0000023 0.0000000 0.0000000 0.0000000 0.1986048
0.2509638 0.1427923 0.0281437 0.0028323 0.0002138 0.0000015 0.0000000 0.0000000 0.0000000 0.1739836
0.2710442 0.1221998 0.0268768 0.0029551 0.0002087 0.0000088 0.0000000 0.0000000 0.0000000 0.1522491
0.2911245 0.1045770 0.0257695 0.0032619 0.0002411 0.0000183 0.0000000 0.0000000 0.0000000 0.1338678
0.3112048 0.0894956 0.0243797 0.0034778 0.0003329 0.0000358 0.0000005 0.0000001 0.0000000 0.1177223
0.3312851 0.0765891 0.0228468 0.0034861 0.0003493 0.0000411 0.0000004 0.0000000 0.0000000 0.1033128
0.3513654 0.0655440 0.0214480 0.0035092 0.0004303 0.0000337 0.0000002 0.0000000 0.0000000 0.0909653
0.3714458 0.0560917 0.0199220 0.0035815 0.0004631 0.0000400 0.0000045 0.0000000 0.0000000 0.0801027
0.3915261 0.0480025 0.0184190 0.0035799 0.0004818 0.0000392 0.0000004 0.0000000 0.0000000 0.0705229
0.4116064 0.0410799 0.0170435 0.0035574 0.0005738 0.0000785 0.0000030 0.0000000 0.0000000 0.0623362
0.4316867 0.0351556 0.0157133 0.0035393 0.0005479 0.0000772 0.0000038 0.0000000 0.0000000 0.0550372
0.4517670 0.0300857 0.0143980 0.0034500 0.0005820 0.0000510 0.0000016 0.0000000 0.0000000 0.0485684
0.4718474 0.0257470 0.0132011 0.0035192 0.0006386 0.0000769 0.0000116 0.0000000 0.0000000 0.0431943
0.4919277 0.0220339 0.0120205 0.0033641 0.0006319 0.0000774 0.0000085 0.0000000 0.0000000 0.0381364
0.5120080 0.0188563 0.0110316 0.0033352 0.0006601 0.0000933 0.0000214 0.0000049 0.0000000 0.0340029
0.5320883 0.0161370 0.0100930 0.0031359 0.0006539 0.0001004 0.0000051 0.0000001 0.0000000 0.0301253
0.5521687 0.0138098 0.0091103 0.0030837 0.0007261 0.0001361 0.0000153 0.0000001 0.0000000 0.0268816
0.5722489 0.0118183 0.0082893 0.0029379 0.0006902 0.0001352 0.0000176 0.0000005 0.0000000 0.0238889
0.5923293 0.0101139 0.0074831 0.0027931 0.0007246 0.0001270 0.0000188 0.0000014 0.0000000 0.0212620
0.6124096 0.0086554 0.0067847 0.0026408 0.0006747 0.0001242 0.0000156 0.0000030 0.0000002 0.0188985
0.6324899 0.0074071 0.0061616 0.0025254 0.0007315 0.0001474 0.0000266 0.0000040 0.0000001 0.0170037
0.6525702 0.0063389 0.0055837 0.0024103 0.0007443 0.0001773 0.0000434 0.0000055 0.0000000 0.0153035
0.6726506 0.0054248 0.0050137 0.0022221 0.0006875 0.0001569 0.0000220 0.0000011 0.0000000 0.0135281
0.6927309 0.0046425 0.0045201 0.0021453 0.0006882 0.0001588 0.0000333 0.0000053 0.0000003 0.0121937
0.7128112 0.0039729 0.0040742 0.0020401 0.0006872 0.0001774 0.0000467 0.0000198 0.0000019 0.0110203
0.7328916 0.0034000 0.0036594 0.0019064 0.0006622 0.0001791 0.0000410 0.0000112 0.0000047 0.0098639
0.7529718 0.0029097 0.0032966 0.0017850 0.0006352 0.0001773 0.0000291 0.0000038 0.0000001 0.0088368
0.7730522 0.0024901 0.0029537 0.0016750 0.0006467 0.0002049 0.0000489 0.0000106 0.0000006 0.0080304
0.7931325 0.0021310 0.0026420 0.0015782 0.0006006 0.0001790 0.0000349 0.0000109 0.0000009 0.0071775
0.8132128 0.0018236 0.0023838 0.0014698 0.0006465 0.0001989 0.0000481 0.0000082 0.0000029 0.0065819
0.8332931 0.0015607 0.0021288 0.0013743 0.0006011 0.0002097 0.0000536 0.0000087 0.0000015 0.0059384
0.8533735 0.0013356 0.0019136 0.0012863 0.0005841 0.0001965 0.0000537 0.0000107 0.0000007 0.0053812
0.8734538 0.0011430 0.0017266 0.0012054 0.0005653 0.0001904 0.0000529 0.0000139 0.0000024 0.0048997
0.8935341 0.0009781 0.0015442 0.0011238 0.0005479 0.0002058 0.0000609 0.0000169 0.0000040 0.0044816
0.9136144 0.0008371 0.0013828 0.0010156 0.0005058 0.0001922 0.0000579 0.0000100 0.0000023 0.0040038
0.9336947 0.0007164 0.0012315 0.0009571 0.0004923 0.0001855 0.0000602 0.0000167 0.0000030 0.0036626
0.9537750 0.0006131 0.0011067 0.0008807 0.0004745 0.0001938 0.0000639 0.0000140 0.0000024 0.0033489
0.9738554 0.0005246 0.0010026 0.0008303 0.0004660 0.0001780 0.0000588 0.0000174 0.0000030 0.0030808
0.9939357 0.0004490 0.0008940 0.0007793 0.0004426 0.0001861 0.0000622 0.0000167 0.0000039 0.0028339
1.0140160 0.0003842 0.0007942 0.0007080 0.0004117 0.0001815 0.0000615 0.0000210 0.0000052 0.0025674
1.0340964 0.0003288 0.0007138 0.0006630 0.0004099 0.0001872 0.0000653 0.0000216 0.0000067 0.0023963
1.0541767 0.0002814 0.0006365 0.0006203 0.0003909 0.0001835 0.0000651 0.0000191 0.0000042 0.0022011
1.0742570 0.0002408 0.0005728 0.0005632 0.0003624 0.0001758 0.0000623 0.0000183 0.0000031 0.0019987
1.0943373 0.0002061 0.0005138 0.0005194 0.0003398 0.0001689 0.0000669 0.0000219 0.0000074 0.0018443
1.1144177 0.0001764 0.0004625 0.0004846 0.0003243 0.0001539 0.0000610 0.0000194 0.0000066 0.0016887
1.1344979 0.0001509 0.0004126 0.0004527 0.0003224 0.0001556 0.0000587 0.0000175 0.0000047 0.0015751
1.1545782 0.0001292 0.0003710 0.0004214 0.0003061 0.0001631 0.0000672 0.0000215 0.0000054 0.0014848
1.1746585 0.0001105 0.0003249 0.0003787 0.0002776 0.0001505 0.0000669 0.0000231 0.0000081 0.0013403
1.1947389 0.0000946 0.0002940 0.0003517 0.0002726 0.0001495 0.0000667 0.0000208 0.0000070 0.0012568
1.2148192 0.0000810 0.0002642 0.0003258 0.0002523 0.0001439 0.0000660 0.0000251 0.0000066 0.0011647
1.2348995 0.0000693 0.0002364 0.0003029 0.0002437 0.0001420 0.0000623 0.0000210 0.0000060 0.0010836
1.2549798 0.0000593 0.0002114 0.0002750 0.0002321 0.0001365 0.0000659 0.0000275 0.0000085 0.0010163
1.2750602 0.0000507 0.0001896 0.0002555 0.0002121 0.0001298 0.0000623 0.0000241 0.0000090 0.0009332
1.2951405 0.0000434 0.0001689 0.0002353 0.0002017 0.0001275 0.0000642 0.0000253 0.0000084 0.0008747
1.3152208 0.0000372 0.0001518 0.0002179 0.0001911 0.0001199 0.0000604 0.0000264 0.0000081 0.0008128
1.3353012 0.0000318 0.0001365 0.0002029 0.0001827 0.0001239 0.0000656 0.0000281 0.0000114 0.0007829
1.3553815 0.0000272 0.0001206 0.0001808 0.0001681 0.0001103 0.0000578 0.0000248 0.0000078 0.0006975
1.3754618 0.0000233 0.0001099 0.0001714 0.0001647 0.0001091 0.0000539 0.0000227 0.0000090 0.0006641
1.3955421 0.0000199 0.0001004 0.0001600 0.0001526 0.0001052 0.0000552 0.0000252 0.0000085 0.0006271
1.4156225 0.0000171 0.0000884 0.0001459 0.0001428 0.0001050 0.0000558 0.0000265 0.0000099 0.0005915
1.4357028 0.0000146 0.0000794 0.0001356 0.0001404 0.0001029 0.0000536 0.0000250 0.0000092 0.0005607
1.4557831 0.0000125 0.0000712 0.0001231 0.0001271 0.0000923 0.0000532 0.0000263 0.0000133 0.0005189
1.4758633 0.0000107 0.0000646 0.0001138 0.0001197 0.0000877 0.0000490 0.0000231 0.0000099 0.0004784
1.4959437 0.0000091 0.0000575 0.0001083 0.0001183 0.0000912 0.0000547 0.0000252 0.0000093 0.0004736
1.5160240 0.0000078 0.0000516 0.0000951 0.0001051 0.0000804 0.0000486 0.0000244 0.0000100 0.0004231
1.5361043 0.0000067 0.0000475 0.0000900 0.0001030 0.0000801 0.0000485 0.0000237 0.0000090 0.0004086
1.5561846 0.0000057 0.0000415 0.0000806 0.0000913 0.0000740 0.0000475 0.0000267 0.0000122 0.0003796
1.5762650 0.0000049 0.0000385 0.0000764 0.0000883 0.0000712 0.0000456 0.0000230 0.0000110 0.0003590
1.5963453 0.0000042 0.0000337 0.0000699 0.0000828 0.0000704 0.0000455 0.0000244 0.0000107 0.0003416
1.6164256 0.0000036 0.0000314 0.0000642 0.0000785 0.0000679 0.0000442 0.0000254 0.0000098 0.0003251
1.6365060 0.0000031 0.0000292 0.0000627 0.0000762 0.0000671 0.0000446 0.0000256 0.0000118 0.0003201
1.6565863 0.0000026 0.0000252 0.0000553 0.0000694 0.0000600 0.0000409 0.0000227 0.0000113 0.0002873
1.6766666 0.0000023 0.0000226 0.0000514 0.0000661 0.0000588 0.0000408 0.0000229 0.0000092 0.0002741
1.6967469 0.0000019 0.0000205 0.0000478 0.0000618 0.0000570 0.0000403 0.0000215 0.0000108 0.0002616
1.7168273 0.0000016 0.0000189 0.0000444 0.0000584 0.0000545 0.0000382 0.0000225 0.0000111 0.0002497
1.7369076 0.0000014 0.0000170 0.0000412 0.0000565 0.0000555 0.0000403 0.0000236 0.0000110 0.0002465
1.7569879 0.0000012 0.0000153 0.0000372 0.0000520 0.0000492 0.0000345 0.0000188 0.0000090 0.0002173
1.7770681 0.0000010 0.0000136 0.0000347 0.0000480 0.0000473 0.0000353 0.0000222 0.0000119 0.0002141
1.7971485 0.0000009 0.0000127 0.0000327 0.0000467 0.0000456 0.0000340 0.0000209 0.0000116 0.0002051
1.8172288 0.0000008 0.0000118 0.0000304 0.0000427 0.0000414 0.0000308 0.0000175 0.0000085 0.0001838
1.8373091 0.0000006 0.0000102 0.0000267 0.0000389 0.0000402 0.0000309 0.0000203 0.0000114 0.0001792
1.8573895 0.0000006 0.0000093 0.0000255 0.0000391 0.0000403 0.0000328 0.0000215 0.0000124 0.0001814
1.8774698 0.0000005 0.0000080 0.0000229 0.0000350 0.0000368 0.0000301 0.0000191 0.0000104 0.0001629
1.8975501 0.0000004 0.0000074 0.0000201 0.0000304 0.0000325 0.0000275 0.0000180 0.0000106 0.0001469
1.9176304 0.0000003 0.0000070 0.0000203 0.0000318 0.0000341 0.0000279 0.0000187 0.0000098 0.0001500
1.9377108 0.0000003 0.0000066 0.0000194 0.0000301 0.0000316 0.0000271 0.0000179 0.0000102 0.0001432
1.9577911 0.0000003 0.0000058 0.0000169 0.0000272 0.0000293 0.0000249 0.0000176 0.0000095 0.0001316
1.9778714 0.0000002 0.0000054 0.0000168 0.0000281 0.0000321 0.0000263 0.0000186 0.0000109 0.0001385
1.9979517 0.0000002 0.0000047 0.0000140 0.0000225 0.0000250 0.0000212 0.0000149 0.0000092 0.0001117
2.0180321 0.0000002 0.0000043 0.0000137 0.0000229 0.0000260 0.0000223 0.0000159 0.0000087 0.0001140
2.0381124 0.0000001 0.0000040 0.0000125 0.0000216 0.0000256 0.0000226 0.0000161 0.0000096 0.0001121
2.0581927 0.0000001 0.0000035 0.0000112 0.0000192 0.0000223 0.0000206 0.0000162 0.0000102 0.0001034
2.0782731 0.0000001 0.0000034 0.0000115 0.0000210 0.0000255 0.0000240 0.0000177 0.0000110 0.0001143
2.0983534 0.0000001 0.0000030 0.0000099 0.0000172 0.0000209 0.0000194 0.0000148 0.0000094 0.0000945
2.1184337 0.0000001 0.0000025 0.0000086 0.0000153 0.0000185 0.0000161 0.0000122 0.0000080 0.0000813
2.1385140 0.0000001 0.0000025 0.0000086 0.0000156 0.0000201 0.0000194 0.0000157 0.0000109 0.0000929
2.1585944 0.0000001 0.0000023 0.0000080 0.0000145 0.0000190 0.0000189 0.0000151 0.0000096 0.0000876
2.1786747 0.0000000 0.0000020 0.0000068 0.0000126 0.0000160 0.0000156 0.0000118 0.0000082 0.0000731
2.1987550 0.0000000 0.0000020 0.0000069 0.0000127 0.0000161 0.0000155 0.0000129 0.0000091 0.0000752
2.2188354 0.0000000 0.0000019 0.0000067 0.0000126 0.0000163 0.0000162 0.0000135 0.0000090 0.0000762
2.2389157 0.0000000 0.0000015 0.0000053 0.0000104 0.0000133 0.0000130 0.0000104 0.0000073 0.0000612
2.2589958 0.0000000 0.0000016 0.0000055 0.0000106 0.0000139 0.0000140 0.0000115 0.0000084 0.0000655
2.2790761 0.0000000 0.0000011 0.0000041 0.0000080 0.0000108 0.0000110 0.0000091 0.0000063 0.0000503
2.2991564 0.0000000 0.0000011 0.0000041 0.0000081 0.0000118 0.0000129 0.0000111 0.0000081 0.0000572
2.3192368 0.0000000 0.0000012 0.0000044 0.0000087 0.0000115 0.0000113 0.0000093 0.0000065 0.0000528
2.3393171 0.0000000 0.0000012 0.0000046 0.0000096 0.0000132 0.0000134 0.0000113 0.0000085 0.0000618
2.3593974 0.0000000 0.0000010 0.0000041 0.0000087 0.0000125 0.0000133 0.0000115 0.0000083 0.0000594
2.3794777 0.0000000 0.0000011 0.0000044 0.0000095 0.0000138 0.0000144 0.0000123 0.0000092 0.0000647
2.3995581 0.0000000 0.0000008 0.0000034 0.0000073 0.0000103 0.0000111 0.0000096 0.0000067 0.0000494
2.4196384 0.0000000 0.0000006 0.0000025 0.0000053 0.0000075 0.0000087 0.0000078 0.0000061 0.0000384
2.4397187 0.0000000 0.0000007 0.0000030 0.0000065 0.0000092 0.0000103 0.0000100 0.0000082 0.0000480
2.4597991 0.0000000 0.0000005 0.0000022 0.0000048 0.0000072 0.0000084 0.0000083 0.0000065 0.0000379
2.4798794 0.0000000 0.0000005 0.0000021 0.0000046 0.0000067 0.0000075 0.0000067 0.0000052 0.0000332
2.4999597 0.0000000 0.0000005 0.0000022 0.0000050 0.0000076 0.0000088 0.0000080 0.0000062 0.0000382
2.5200400 0.0000000 0.0000005 0.0000021 0.0000047 0.0000069 0.0000077 0.0000072 0.0000052 0.0000344
2.5401204 0.0000000 0.0000004 0.0000019 0.0000041 0.0000062 0.0000071 0.0000070 0.0000060 0.0000328
2.5602007 0.0000000 0.0000004 0.0000017 0.0000038 0.0000059 0.0000069 0.0000064 0.0000051 0.0000302
2.5802810 0.0000000 0.0000004 0.0000017 0.0000039 0.0000060 0.0000072 0.0000069 0.0000056 0.0000316
2.6003613 0.0000000 0.0000004 0.0000015 0.0000034 0.0000054 0.0000064 0.0000062 0.0000050 0.0000283
2.6204417 0.0000000 0.0000003 0.0000016 0.0000039 0.0000062 0.0000076 0.0000075 0.0000063 0.0000335
2.6405220 0.0000000 0.0000002 0.0000011 0.0000026 0.0000044 0.0000054 0.0000055 0.0000048 0.0000240
2.6606023 0.0000000 0.0000003 0.0000015 0.0000035 0.0000059 0.0000073 0.0000073 0.0000062 0.0000320
2.6806827 0.0000000 0.0000002 0.0000008 0.0000019 0.0000031 0.0000038 0.0000038 0.0000032 0.0000168
2.7007630 0.0000000 0.0000002 0.0000009 0.0000024 0.0000044 0.0000057 0.0000058 0.0000052 0.0000245
2.7208433 0.0000000 0.0000002 0.0000008 0.0000020 0.0000032 0.0000039 0.0000038 0.0000035 0.0000175
2.7409236 0.0000000 0.0000002 0.0000008 0.0000020 0.0000033 0.0000040 0.0000041 0.0000035 0.0000179
2.7610040 0.0000000 0.0000001 0.0000005 0.0000012 0.0000020 0.0000026 0.0000028 0.0000024 0.0000116
2.7810843 0.0000000 0.0000001 0.0000006 0.0000016 0.0000027 0.0000035 0.0000037 0.0000032 0.0000154
2.8011646 0.0000000 0.0000001 0.0000004 0.0000011 0.0000020 0.0000026 0.0000029 0.0000026 0.0000118
2.8212450 0.0000000 0.0000003 0.0000014 0.0000038 0.0000067 0.0000088 0.0000092 0.0000077 0.0000379
2.8413253 0.0000000 0.0000002 0.0000007 0.0000018 0.0000032 0.0000041 0.0000046 0.0000043 0.0000189
2.8614056 0.0000000 0.0000001 0.0000005 0.0000013 0.0000023 0.0000032 0.0000034 0.0000029 0.0000137
2.8814859 0.0000000 0.0000001 0.0000002 0.0000006 0.0000011 0.0000016 0.0000017 0.0000016 0.0000070
2.9015663 0.0000000 0.0000001 0.0000005 0.0000014 0.0000025 0.0000033 0.0000038 0.0000035 0.0000151
2.9216464 0.0000000 0.0000002 0.0000009 0.0000021 0.0000037 0.0000049 0.0000053 0.0000048 0.0000219
2.9417267 0.0000000 0.0000001 0.0000003 0.0000008 0.0000015 0.0000022 0.0000024 0.0000022 0.0000096
2.9618070 0.0000000 0.0000001 0.0000004 0.0000011 0.0000019 0.0000026 0.0000031 0.0000030 0.0000121
2.9818873 0.0000000 0.0000002 0.0000010 0.0000027 0.0000052 0.0000075 0.0000081 0.0000077 0.0000323
3.0019677 0.0000000 0.0000000 0.0000002 0.0000007 0.0000012 0.0000017 0.0000019 0.0000018 0.0000077
3.0220480 0.0000000 0.0000001 0.0000003 0.0000008 0.0000013 0.0000018 0.0000021 0.0000021 0.0000084
3.0421283 0.0000000 0.0000000 0.0000002 0.0000005 0.0000009 0.0000013 0.0000017 0.0000016 0.0000062
3.0622087 0.0000000 0.0000000 0.0000002 0.0000007 0.0000013 0.0000017 0.0000019 0.0000019 0.0000078
3.0822890 0.0000000 0.0000000 0.0000002 0.0000005 0.0000010 0.0000015 0.0000017 0.0000018 0.0000068
3.1023693 0.0000000 0.0000000 0.0000001 0.0000004 0.0000007 0.0000011 0.0000012 0.0000012 0.0000047
3.1224496 0.0000000 0.0000002 0.0000009 0.0000025 0.0000049 0.0000076 0.0000091 0.0000087 0.0000338
3.1425300 0.0000000 0.0000000 0.0000001 0.0000002 0.0000004 0.0000005 0.0000006 0.0000006 0.0000024
3.1626103 0.0000000 0.0000001 0.0000003 0.0000009 0.0000016 0.0000024 0.0000029 0.0000029 0.0000111
3.1826906 0.0000000 0.0000001 0.0000004 0.0000011 0.0000021 0.0000032 0.0000039 0.0000039 0.0000147
3.2027709 0.0000000 0.0000000 0.0000001 0.0000004 0.0000008 0.0000011 0.0000014 0.0000014 0.0000053
3.2228513 0.0000000 0.0000000 0.0000001 0.0000002 0.0000003 0.0000005 0.0000006 0.0000006 0.0000021
3.2429316 0.0000000 0.0000000 0.0000000 0.0000001 0.0000002 0.0000002 0.0000003 0.0000003 0.0000011
3.2630119 0.0000000 0.0000000 0.0000001 0.0000002 0.0000004 0.0000006 0.0000008 0.0000008 0.0000028
3.2830923 0.0000000 0.0000000 0.0000003 0.0000008 0.0000017 0.0000027 0.0000034 0.0000036 0.0000125
3.3031726 0.0000000 0.0000000 0.0000002 0.0000006 0.0000014 0.0000021 0.0000025 0.0000026 0.0000094
3.3232529 0.0000000 0.0000000 0.0000001 0.0000002 0.0000004 0.0000006 0.0000007 0.0000008 0.0000027
3.3433332 0.0000000 0.0000000 0.0000000 0.0000001 0.0000002 0.0000003 0.0000004 0.0000005 0.0000016
3.3634136 nan inf inf inf inf inf inf inf inf
3.3834939 nan inf inf inf inf inf inf inf inf
3.4035742 nan inf inf inf inf inf inf inf inf
3.4236546 0.0000000 0.0000000 0.0000001 0.0000004 0.0000009 0.0000015 0.0000020 0.0000023 0.0000074
3.4437349 nan inf inf inf inf inf inf inf inf
3.4638152 0.0000000 0.0000000 0.0000001 0.0000002 0.0000004 0.0000007 0.0000008 0.0000009 0.0000031
3.4838955 0.0000000 0.0000000 0.0000000 0.0000000 0.0000001 0.0000002 0.0000002 0.0000003 0.0000009
3.5039759 0.0000000 0.0000000 0.0000000 0.0000000 0.0000001 0.0000001 0.0000002 0.0000002 0.0000006
3.5240562 nan inf inf inf inf inf inf inf inf
3.5441363 0.0000000 0.0000000 0.0000000 0.0000001 0.0000002 0.0000004 0.0000005 0.0000006 0.0000019
3.5642166 nan inf inf inf inf inf inf inf inf
3.5842969 nan inf inf inf inf inf inf inf inf
3.6043773 0.0000000 0.0000000 0.0000000 0.0000001 0.0000003 0.0000005 0.0000007 0.0000008 0.0000024
3.6244576 nan inf inf inf inf inf inf inf inf
3.6445379 0.0000000 0.0000000 0.0000000 0.0000001 0.0000002 0.0000004 0.0000005 0.0000006 0.0000018
3.6646183 nan inf inf inf inf inf inf inf inf
3.6846986 nan inf inf inf inf inf inf inf inf
3.7047789 0.0000000 0.0000000 0.0000000 0.0000000 0.0000000 0.0000000 0.0000000 0.0000000 0.0000001
3.7248592 0.0000000 0.0000000 0.0000000 0.0000000 0.0000000 0.0000001 0.0000001 0.0000001 0.0000004
3.7449396 nan inf inf inf inf inf inf inf inf
3.7650199 0.0000000 0.0000000 0.0000000 0.0000000 0.0000000 0.0000001 0.0000001 0.0000001 0.0000003
3.7851002 nan inf inf inf inf inf inf inf inf
3.8051805 0.0000000 0.0000000 0.0000000 0.0000000 0.0000000 0.0000001 0.0000001 0.0000001 0.0000004
3.8252609 nan inf inf inf inf inf inf inf inf
3.8453412 nan inf inf inf inf inf inf inf inf
3.8654215 0.0000000 0.0000000 0.0000000 0.0000000 0.0000000 0.0000000 0.0000000 0.0000000 0.0000001
3.8855019 nan inf inf inf inf inf inf inf inf
3.9055822 nan inf inf inf inf inf inf inf inf
3.9256625 nan inf inf inf inf inf inf inf inf
3.9457428 nan inf inf inf inf inf inf inf inf
3.9658232 nan inf inf inf inf inf inf inf inf
3.9859035 nan inf inf inf inf inf inf inf inf
4.0059838 nan inf inf inf inf inf inf inf inf
4.0260644 nan inf inf inf inf inf inf inf inf
4.0461445 nan inf inf inf inf inf inf inf inf
4.0662251 nan inf inf inf inf inf inf inf inf
4.0863051 0.0000000 0.0000000 0.0000000 0.0000000 0.0000000 0.0000000 0.0000000 0.0000000 0.0000000
4.1063857 nan inf inf inf inf inf inf inf inf
4.1264658 nan inf inf inf inf inf inf inf inf
4.1465464 nan inf inf inf inf inf inf inf inf
4.1666265 nan inf inf inf inf inf inf inf inf
4.1867070 0.0000000 0.0000000 0.0000000 0.0000000 0.0000000 0.0000000 0.0000000 0.0000000 0.0000000
4.2067871 nan inf inf inf inf inf inf inf inf
4.2268677 nan inf inf inf inf inf inf inf inf
4.2469478 nan inf inf inf inf inf inf inf inf
4.2670283 nan inf inf inf inf inf inf inf inf
4.2871084 0.0000000 0.0000000 0.0000000 0.0000000 0.0000000 0.0000000 0.0000000 0.0000000 0.0000000
4.3071890 nan inf inf inf inf inf inf inf inf
4.3272691 nan inf inf inf inf inf inf inf inf
4.3473496 nan inf inf inf inf inf inf inf inf
4.3674297 nan inf inf inf inf inf inf inf inf
4.3875103 nan inf inf inf inf inf inf inf inf
4.4075904 nan inf inf inf inf inf inf inf inf
4.4276710 nan inf inf inf inf inf inf inf inf
4.4477510 nan inf inf inf inf inf inf inf inf
4.4678316 nan inf inf inf inf inf inf inf inf
4.4879117 nan inf inf inf inf inf inf inf inf
4.5079918 nan inf inf inf inf inf inf inf inf
4.5280724 nan inf inf inf inf inf inf inf inf
4.5481524 nan inf inf inf inf inf inf inf inf
4.5682330 nan inf inf inf inf inf inf inf inf
4.5883131 nan inf inf inf inf inf inf inf inf
4.6083937 nan inf inf inf inf inf inf inf inf
4.6284738 nan inf inf inf inf inf inf inf inf
4.6485543 0.0000000 0.0000000 0.0000000 0.0000000 0.0000000 0.0000000 0.0000000 0.0000000 0.0000000
4.6686344 nan inf inf inf inf inf inf inf inf
4.6887150 nan inf inf inf inf inf inf inf inf
4.7087951 nan inf inf inf inf inf inf inf inf
4.7288756 nan inf inf inf inf inf inf inf inf