-------- p=4.565 a=1.000 mu=-2.200 N=20000000 time=2017-02-23 08:00:39 --------
0.0100000 0.8814332 0.0006405 0.0000000 0.0000000 0.0000000 0.0000000 0.0000000 0.0000000 0.8820737
0.0300803 0.6841132 0.0027524 0.0000110 0.0000000 0.0000000 0.0000000 0.0000000 0.0000000 0.6868766
0.0501606 0.5309658 0.0046340 0.0000393 0.0000000 0.0000000 0.0000000 0.0000000 0.0000000 0.5356391
0.0702410 0.4121024 0.0060417 0.0000524 0.0000000 0.0000000 0.0000000 0.0000000 0.0000000 0.4181966
0.0903213 0.3198481 0.0068925 0.0000775 0.0000000 0.0000000 0.0000000 0.0000000 0.0000000 0.3268181
0.1104016 0.2482460 0.0072588 0.0001177 0.0000023 0.0000000 0.0000000 0.0000000 0.0000000 0.2556247
0.1304819 0.1926730 0.0073745 0.0001263 0.0000003 0.0000000 0.0000000 0.0000000 0.0000000 0.2001741
0.1505622 0.1495407 0.0071713 0.0001621 0.0000024 0.0000000 0.0000000 0.0000000 0.0000000 0.1568765
0.1706426 0.1160641 0.0067707 0.0002164 0.0000063 0.0000000 0.0000000 0.0000000 0.0000000 0.1230576
0.1907229 0.0900817 0.0063120 0.0002202 0.0000101 0.0000000 0.0000000 0.0000000 0.0000000 0.0966239
0.2108032 0.0699158 0.0057556 0.0002282 0.0000059 0.0000000 0.0000000 0.0000000 0.0000000 0.0759055
0.2308835 0.0542642 0.0051626 0.0002761 0.0000125 0.0000000 0.0000000 0.0000000 0.0000000 0.0597154
0.2509638 0.0421165 0.0045855 0.0002575 0.0000105 0.0000000 0.0000000 0.0000000 0.0000000 0.0469700
0.2710442 0.0326882 0.0040366 0.0002455 0.0000094 0.0000006 0.0000000 0.0000000 0.0000000 0.0369803
0.2911245 0.0253705 0.0035264 0.0002465 0.0000118 0.0000005 0.0000000 0.0000000 0.0000000 0.0291557
0.3112048 0.0196910 0.0030673 0.0002351 0.0000134 0.0000006 0.0000000 0.0000000 0.0000000 0.0230075
0.3312851 0.0152829 0.0026429 0.0002240 0.0000132 0.0000002 0.0000000 0.0000000 0.0000000 0.0181631
0.3513654 0.0118617 0.0022565 0.0002172 0.0000129 0.0000007 0.0000000 0.0000000 0.0000000 0.0143490
0.3714458 0.0092063 0.0019319 0.0002044 0.0000157 0.0000010 0.0000000 0.0000000 0.0000000 0.0113593
0.3915261 0.0071453 0.0016489 0.0001937 0.0000164 0.0000012 0.0000000 0.0000000 0.0000000 0.0090056
0.4116064 0.0055458 0.0014054 0.0001750 0.0000142 0.0000006 0.0000000 0.0000000 0.0000000 0.0071409
0.4316867 0.0043043 0.0011924 0.0001666 0.0000170 0.0000010 0.0000000 0.0000000 0.0000000 0.0056813
0.4517670 0.0033407 0.0010049 0.0001465 0.0000140 0.0000008 0.0000000 0.0000000 0.0000000 0.0045069
0.4718474 0.0025928 0.0008533 0.0001365 0.0000134 0.0000010 0.0000000 0.0000000 0.0000000 0.0035972
0.4919277 0.0020124 0.0007173 0.0001256 0.0000153 0.0000015 0.0000002 0.0000000 0.0000000 0.0028722
0.5120080 0.0015619 0.0006066 0.0001138 0.0000140 0.0000015 0.0000002 0.0000000 0.0000000 0.0022981
0.5320883 0.0012123 0.0005149 0.0001029 0.0000132 0.0000011 0.0000001 0.0000000 0.0000000 0.0018446
0.5521687 0.0009409 0.0004350 0.0000923 0.0000119 0.0000013 0.0000001 0.0000000 0.0000000 0.0014815
0.5722489 0.0007302 0.0003687 0.0000831 0.0000126 0.0000011 0.0000001 0.0000000 0.0000000 0.0011959
0.5923293 0.0005668 0.0003125 0.0000744 0.0000121 0.0000013 0.0000000 0.0000000 0.0000000 0.0009670
0.6124096 0.0004399 0.0002647 0.0000687 0.0000118 0.0000014 0.0000002 0.0000000 0.0000000 0.0007867
0.6324899 0.0003414 0.0002230 0.0000606 0.0000105 0.0000012 0.0000001 0.0000000 0.0000000 0.0006369
0.6525702 0.0002650 0.0001905 0.0000561 0.0000098 0.0000011 0.0000001 0.0000000 0.0000000 0.0005226
0.6726506 0.0002057 0.0001631 0.0000510 0.0000098 0.0000014 0.0000001 0.0000000 0.0000000 0.0004311
0.6927309 0.0001596 0.0001389 0.0000450 0.0000093 0.0000013 0.0000001 0.0000000 0.0000001 0.0003544
0.7128112 0.0001239 0.0001186 0.0000405 0.0000088 0.0000014 0.0000002 0.0000000 0.0000000 0.0002934
0.7328916 0.0000962 0.0001021 0.0000371 0.0000083 0.0000010 0.0000001 0.0000000 0.0000000 0.0002448
0.7529718 0.0000746 0.0000875 0.0000335 0.0000078 0.0000011 0.0000002 0.0000000 0.0000000 0.0002048
0.7730522 0.0000579 0.0000755 0.0000304 0.0000074 0.0000014 0.0000003 0.0000001 0.0000000 0.0001731
0.7931325 0.0000450 0.0000654 0.0000274 0.0000066 0.0000012 0.0000001 0.0000000 0.0000000 0.0001458
0.8132128 0.0000349 0.0000570 0.0000255 0.0000065 0.0000012 0.0000002 0.0000000 0.0000000 0.0001254
0.8332931 0.0000271 0.0000488 0.0000226 0.0000062 0.0000012 0.0000002 0.0000000 0.0000000 0.0001060
0.8533735 0.0000210 0.0000426 0.0000208 0.0000060 0.0000012 0.0000002 0.0000000 0.0000000 0.0000918
0.8734538 0.0000163 0.0000369 0.0000186 0.0000054 0.0000011 0.0000002 0.0000000 0.0000000 0.0000785
0.8935341 0.0000127 0.0000323 0.0000173 0.0000051 0.0000011 0.0000002 0.0000000 0.0000000 0.0000687
0.9136144 0.0000098 0.0000288 0.0000158 0.0000048 0.0000010 0.0000001 0.0000000 0.0000000 0.0000604
0.9336947 0.0000076 0.0000251 0.0000144 0.0000046 0.0000010 0.0000001 0.0000000 0.0000000 0.0000529
0.9537750 0.0000059 0.0000222 0.0000130 0.0000043 0.0000009 0.0000001 0.0000000 0.0000000 0.0000466
0.9738554 0.0000046 0.0000198 0.0000121 0.0000041 0.0000010 0.0000002 0.0000000 0.0000000 0.0000417
0.9939357 0.0000036 0.0000176 0.0000111 0.0000039 0.0000010 0.0000002 0.0000000 0.0000000 0.0000374
1.0140160 0.0000028 0.0000154 0.0000102 0.0000036 0.0000009 0.0000002 0.0000000 0.0000000 0.0000331
1.0340964 0.0000021 0.0000136 0.0000093 0.0000035 0.0000009 0.0000002 0.0000000 0.0000000 0.0000296
1.0541767 0.0000017 0.0000122 0.0000085 0.0000032 0.0000008 0.0000001 0.0000000 0.0000000 0.0000265
1.0742570 0.0000013 0.0000109 0.0000078 0.0000030 0.0000008 0.0000002 0.0000000 0.0000000 0.0000240
1.0943373 0.0000010 0.0000098 0.0000072 0.0000029 0.0000009 0.0000002 0.0000000 0.0000000 0.0000220
1.1144177 0.0000008 0.0000088 0.0000067 0.0000028 0.0000008 0.0000001 0.0000000 0.0000000 0.0000200
1.1344979 0.0000006 0.0000079 0.0000061 0.0000026 0.0000007 0.0000001 0.0000000 0.0000000 0.0000181
1.1545782 0.0000005 0.0000071 0.0000057 0.0000024 0.0000008 0.0000002 0.0000000 0.0000000 0.0000167
1.1746585 0.0000004 0.0000062 0.0000051 0.0000022 0.0000007 0.0000002 0.0000000 0.0000000 0.0000148
1.1947389 0.0000003 0.0000057 0.0000049 0.0000022 0.0000007 0.0000001 0.0000000 0.0000000 0.0000141
1.2148192 0.0000002 0.0000052 0.0000045 0.0000021 0.0000006 0.0000001 0.0000000 0.0000000 0.0000128
1.2348995 0.0000002 0.0000046 0.0000041 0.0000019 0.0000006 0.0000001 0.0000000 0.0000000 0.0000116
1.2549798 0.0000001 0.0000042 0.0000038 0.0000018 0.0000006 0.0000001 0.0000000 0.0000000 0.0000107
1.2750602 0.0000001 0.0000037 0.0000035 0.0000017 0.0000006 0.0000002 0.0000000 0.0000000 0.0000097
1.2951405 0.0000001 0.0000034 0.0000032 0.0000016 0.0000005 0.0000001 0.0000000 0.0000000 0.0000089
1.3152208 0.0000001 0.0000031 0.0000030 0.0000015 0.0000006 0.0000002 0.0000000 0.0000000 0.0000085
1.3353012 0.0000000 0.0000028 0.0000027 0.0000014 0.0000005 0.0000001 0.0000000 0.0000000 0.0000077
1.3553815 0.0000000 0.0000026 0.0000026 0.0000014 0.0000005 0.0000001 0.0000000 0.0000000 0.0000073
1.3754618 0.0000000 0.0000024 0.0000024 0.0000013 0.0000005 0.0000001 0.0000000 0.0000000 0.0000068
1.3955421 0.0000000 0.0000021 0.0000022 0.0000012 0.0000005 0.0000001 0.0000000 0.0000000 0.0000062
1.4156225 0.0000000 0.0000018 0.0000020 0.0000011 0.0000004 0.0000001 0.0000000 0.0000000 0.0000054
1.4357028 0.0000000 0.0000017 0.0000019 0.0000011 0.0000004 0.0000001 0.0000000 0.0000000 0.0000052
1.4557831 0.0000000 0.0000016 0.0000018 0.0000010 0.0000004 0.0000001 0.0000000 0.0000000 0.0000049
1.4758633 0.0000000 0.0000014 0.0000016 0.0000009 0.0000004 0.0000001 0.0000000 0.0000000 0.0000044
1.4959437 0.0000000 0.0000013 0.0000014 0.0000009 0.0000004 0.0000001 0.0000000 0.0000000 0.0000041
1.5160240 0.0000000 0.0000011 0.0000013 0.0000008 0.0000003 0.0000001 0.0000000 0.0000000 0.0000037
1.5361043 0.0000000 0.0000010 0.0000012 0.0000007 0.0000003 0.0000001 0.0000000 0.0000000 0.0000034
1.5561846 0.0000000 0.0000009 0.0000011 0.0000007 0.0000003 0.0000001 0.0000000 0.0000000 0.0000032
1.5762650 0.0000000 0.0000009 0.0000011 0.0000007 0.0000003 0.0000001 0.0000000 0.0000000 0.0000031
1.5963453 0.0000000 0.0000008 0.0000010 0.0000006 0.0000003 0.0000001 0.0000000 0.0000000 0.0000028
1.6164256 0.0000000 0.0000007 0.0000009 0.0000006 0.0000003 0.0000001 0.0000000 0.0000000 0.0000025
1.6365060 0.0000000 0.0000006 0.0000008 0.0000005 0.0000002 0.0000001 0.0000000 0.0000000 0.0000023
1.6565863 0.0000000 0.0000006 0.0000008 0.0000005 0.0000002 0.0000001 0.0000000 0.0000000 0.0000022
1.6766666 0.0000000 0.0000005 0.0000006 0.0000004 0.0000002 0.0000001 0.0000000 0.0000000 0.0000018
1.6967469 0.0000000 0.0000004 0.0000006 0.0000004 0.0000002 0.0000001 0.0000000 0.0000000 0.0000017
1.7168273 0.0000000 0.0000004 0.0000005 0.0000004 0.0000002 0.0000001 0.0000000 0.0000000 0.0000015
1.7369076 0.0000000 0.0000004 0.0000005 0.0000004 0.0000002 0.0000001 0.0000000 0.0000000 0.0000015
1.7569879 0.0000000 0.0000003 0.0000004 0.0000003 0.0000001 0.0000001 0.0000000 0.0000000 0.0000012
1.7770681 0.0000000 0.0000003 0.0000004 0.0000003 0.0000002 0.0000001 0.0000000 0.0000000 0.0000013
1.7971485 0.0000000 0.0000003 0.0000004 0.0000003 0.0000001 0.0000001 0.0000000 0.0000000 0.0000011
1.8172288 0.0000000 0.0000002 0.0000003 0.0000002 0.0000001 0.0000000 0.0000000 0.0000000 0.0000008
1.8373091 0.0000000 0.0000002 0.0000003 0.0000002 0.0000001 0.0000001 0.0000000 0.0000000 0.0000009
1.8573895 0.0000000 0.0000002 0.0000003 0.0000002 0.0000001 0.0000000 0.0000000 0.0000000 0.0000009
1.8774698 0.0000000 0.0000001 0.0000002 0.0000002 0.0000001 0.0000000 0.0000000 0.0000000 0.0000007
1.8975501 0.0000000 0.0000001 0.0000002 0.0000001 0.0000001 0.0000000 0.0000000 0.0000000 0.0000006
1.9176304 0.0000000 0.0000002 0.0000002 0.0000002 0.0000001 0.0000000 0.0000000 0.0000000 0.0000008
1.9377108 0.0000000 0.0000001 0.0000001 0.0000001 0.0000000 0.0000000 0.0000000 0.0000000 0.0000004
1.9577911 0.0000000 0.0000001 0.0000001 0.0000001 0.0000001 0.0000000 0.0000000 0.0000000 0.0000004
1.9778714 0.0000000 0.0000001 0.0000001 0.0000001 0.0000001 0.0000000 0.0000000 0.0000000 0.0000005
1.9979517 0.0000000 0.0000000 0.0000001 0.0000001 0.0000000 0.0000000 0.0000000 0.0000000 0.0000002
2.0180321 0.0000000 0.0000000 0.0000001 0.0000001 0.0000000 0.0000000 0.0000000 0.0000000 0.0000002
2.0381124 0.0000000 0.0000001 0.0000001 0.0000001 0.0000000 0.0000000 0.0000000 0.0000000 0.0000003
2.0581927 0.0000000 0.0000000 0.0000001 0.0000000 0.0000000 0.0000000 0.0000000 0.0000000 0.0000002
2.0782731 0.0000000 0.0000000 0.0000000 0.0000000 0.0000000 0.0000000 0.0000000 0.0000000 0.0000001
2.0983534 0.0000000 0.0000000 0.0000000 0.0000000 0.0000000 0.0000000 0.0000000 0.0000000 0.0000001
2.1184337 0.0000000 0.0000000 0.0000000 0.0000000 0.0000000 0.0000000 0.0000000 0.0000000 0.0000001
2.1385140 0.0000000 0.0000000 0.0000000 0.0000000 0.0000000 0.0000000 0.0000000 0.0000000 0.0000001
2.1585944 0.0000000 0.0000000 0.0000000 0.0000000 0.0000000 0.0000000 0.0000000 0.0000000 0.0000001
2.1786747 0.0000000 0.0000000 0.0000000 0.0000000 0.0000000 0.0000000 0.0000000 0.0000000 0.0000001
2.1987550 0.0000000 0.0000000 0.0000000 0.0000000 0.0000000 0.0000000 0.0000000 0.0000000 0.0000000
2.2188354 0.0000000 0.0000000 0.0000000 0.0000000 0.0000000 0.0000000 0.0000000 0.0000000 0.0000001
2.2389157 0.0000000 0.0000000 0.0000000 0.0000000 0.0000000 0.0000000 0.0000000 0.0000000 0.0000001
2.2589958 0.0000000 0.0000000 0.0000000 0.0000000 0.0000000 0.0000000 0.0000000 0.0000000 0.0000000
2.2790761 0.0000000 0.0000000 0.0000000 0.0000000 0.0000000 0.0000000 0.0000000 0.0000000 0.0000000
2.2991564 0.0000000 0.0000000 0.0000000 0.0000000 0.0000000 0.0000000 0.0000000 0.0000000 0.0000000
2.3192368 0.0000000 0.0000000 0.0000000 0.0000000 0.0000000 0.0000000 0.0000000 0.0000000 0.0000000
2.3393171 0.0000000 0.0000000 0.0000000 0.0000000 0.0000000 0.0000000 0.0000000 0.0000000 0.0000000
2.3593974 0.0000000 0.0000000 0.0000000 0.0000000 0.0000000 0.0000000 0.0000000 0.0000000 0.0000000
2.3794777 0.0000000 0.0000000 0.0000000 0.0000000 0.0000000 0.0000000 0.0000000 0.0000000 0.0000000
2.3995581 0.0000000 0.0000000 0.0000000 0.0000000 0.0000000 0.0000000 0.0000000 0.0000000 0.0000000
2.4196384 0.0000000 0.0000000 0.0000000 0.0000000 0.0000000 0.0000000 0.0000000 0.0000000 0.0000000
2.4397187 0.0000000 0.0000000 0.0000000 0.0000000 0.0000000 0.0000000 0.0000000 0.0000000 0.0000000
2.4597991 0.0000000 0.0000000 0.0000000 0.0000000 0.0000000 0.0000000 0.0000000 0.0000000 0.0000000
2.4798794 0.0000000 0.0000000 0.0000000 0.0000000 0.0000000 0.0000000 0.0000000 0.0000000 0.0000000
2.4999597 0.0000000 0.0000000 0.0000000 0.0000000 0.0000000 0.0000000 0.0000000 0.0000000 0.0000000
2.5200400 0.0000000 0.0000000 0.0000000 0.0000000 0.0000000 0.0000000 0.0000000 0.0000000 0.0000000
2.5401204 0.0000000 0.0000000 0.0000000 0.0000000 0.0000000 0.0000000 0.0000000 0.0000000 0.0000000
2.5602007 0.0000000 0.0000000 0.0000000 0.0000000 0.0000000 0.0000000 0.0000000 0.0000000 0.0000000
2.5802810 0.0000000 0.0000000 0.0000000 0.0000000 0.0000000 0.0000000 0.0000000 0.0000000 0.0000000
2.6003613 0.0000000 0.0000000 0.0000000 0.0000000 0.0000000 0.0000000 0.0000000 0.0000000 0.0000000
2.6204417 0.0000000 0.0000000 0.0000000 0.0000000 0.0000000 0.0000000 0.0000000 0.0000000 0.0000000
2.6405220 0.0000000 0.0000000 0.0000000 0.0000000 0.0000000 0.0000000 0.0000000 0.0000000 0.0000000
2.6606023 0.0000000 0.0000000 0.0000000 0.0000000 0.0000000 0.0000000 0.0000000 0.0000000 0.0000000
2.6806827 0.0000000 0.0000000 0.0000000 0.0000000 0.0000000 0.0000000 0.0000000 0.0000000 0.0000000
