-------- p=4.348 a=1.000 mu=-2.200 N=20000000 time=2017-02-23 08:00:39 --------
0.0100000 0.8900141 0.0006784 0.0000017 0.0000000 0.0000000 0.0000000 0.0000000 0.0000000 0.8906943
0.0300803 0.7043431 0.0028001 0.0000026 0.0000000 0.0000000 0.0000000 0.0000000 0.0000000 0.7071457
0.0501606 0.5574059 0.0047639 0.0000353 0.0000000 0.0000000 0.0000000 0.0000000 0.0000000 0.5622051
0.0702410 0.4411222 0.0063906 0.0000239 0.0000000 0.0000000 0.0000000 0.0000000 0.0000000 0.4475366
0.0903213 0.3490971 0.0073997 0.0000819 0.0000036 0.0000000 0.0000000 0.0000000 0.0000000 0.3565823
0.1104016 0.2762699 0.0080236 0.0001128 0.0000003 0.0000000 0.0000000 0.0000000 0.0000000 0.2844067
0.1304819 0.2186356 0.0082700 0.0001770 0.0000018 0.0000000 0.0000000 0.0000000 0.0000000 0.2270845
0.1505622 0.1730248 0.0082092 0.0001984 0.0000015 0.0000000 0.0000000 0.0000000 0.0000000 0.1814340
0.1706426 0.1369290 0.0079589 0.0002210 0.0000169 0.0000000 0.0000000 0.0000000 0.0000000 0.1451258
0.1907229 0.1083635 0.0075021 0.0002973 0.0000049 0.0000000 0.0000000 0.0000000 0.0000000 0.1161678
0.2108032 0.0857571 0.0069472 0.0002712 0.0000056 0.0000000 0.0000000 0.0000000 0.0000000 0.0929811
0.2308835 0.0678668 0.0063599 0.0003082 0.0000048 0.0000000 0.0000000 0.0000000 0.0000000 0.0745397
0.2509638 0.0537087 0.0057215 0.0003291 0.0000117 0.0000000 0.0000000 0.0000000 0.0000000 0.0597710
0.2710442 0.0425042 0.0051564 0.0003140 0.0000069 0.0000000 0.0000000 0.0000000 0.0000000 0.0479815
0.2911245 0.0336372 0.0045651 0.0003195 0.0000109 0.0000002 0.0000000 0.0000000 0.0000000 0.0385328
0.3112048 0.0266199 0.0040346 0.0003303 0.0000207 0.0000006 0.0000000 0.0000000 0.0000000 0.0310061
0.3312851 0.0210666 0.0035242 0.0003031 0.0000169 0.0000006 0.0000000 0.0000000 0.0000000 0.0249114
0.3513654 0.0166718 0.0030906 0.0002890 0.0000159 0.0000007 0.0000000 0.0000000 0.0000000 0.0200678
0.3714458 0.0131938 0.0026786 0.0002735 0.0000190 0.0000025 0.0000000 0.0000000 0.0000000 0.0161674
0.3915261 0.0104413 0.0023119 0.0002598 0.0000177 0.0000010 0.0000000 0.0000000 0.0000000 0.0130318
0.4116064 0.0082631 0.0020071 0.0002539 0.0000203 0.0000014 0.0000001 0.0000000 0.0000000 0.0105460
0.4316867 0.0065393 0.0017194 0.0002298 0.0000231 0.0000025 0.0000001 0.0000000 0.0000000 0.0085141
0.4517670 0.0051751 0.0014777 0.0002120 0.0000215 0.0000014 0.0000000 0.0000000 0.0000000 0.0068878
0.4718474 0.0040955 0.0012650 0.0001950 0.0000218 0.0000019 0.0000001 0.0000000 0.0000000 0.0055793
0.4919277 0.0032411 0.0010868 0.0001800 0.0000199 0.0000019 0.0000001 0.0000000 0.0000000 0.0045298
0.5120080 0.0025650 0.0009278 0.0001646 0.0000189 0.0000023 0.0000002 0.0000000 0.0000000 0.0036789
0.5320883 0.0020299 0.0007931 0.0001519 0.0000196 0.0000019 0.0000001 0.0000000 0.0000000 0.0029965
0.5521687 0.0016064 0.0006781 0.0001356 0.0000171 0.0000014 0.0000001 0.0000000 0.0000000 0.0024387
0.5722489 0.0012713 0.0005810 0.0001278 0.0000187 0.0000015 0.0000000 0.0000000 0.0000000 0.0020003
0.5923293 0.0010061 0.0004961 0.0001144 0.0000173 0.0000017 0.0000000 0.0000000 0.0000000 0.0016356
0.6124096 0.0007962 0.0004246 0.0001035 0.0000157 0.0000012 0.0000003 0.0000000 0.0000000 0.0013415
0.6324899 0.0006301 0.0003631 0.0000953 0.0000158 0.0000016 0.0000003 0.0000000 0.0000000 0.0011063
0.6525702 0.0004986 0.0003110 0.0000861 0.0000164 0.0000023 0.0000002 0.0000000 0.0000000 0.0009148
0.6726506 0.0003946 0.0002674 0.0000785 0.0000145 0.0000018 0.0000001 0.0000000 0.0000000 0.0007570
0.6927309 0.0003123 0.0002293 0.0000705 0.0000134 0.0000016 0.0000001 0.0000000 0.0000000 0.0006271
0.7128112 0.0002471 0.0001963 0.0000632 0.0000132 0.0000018 0.0000002 0.0000000 0.0000000 0.0005219
0.7328916 0.0001956 0.0001690 0.0000582 0.0000124 0.0000020 0.0000002 0.0000000 0.0000000 0.0004374
0.7529718 0.0001548 0.0001450 0.0000510 0.0000118 0.0000018 0.0000002 0.0000000 0.0000000 0.0003647
0.7730522 0.0001225 0.0001259 0.0000470 0.0000108 0.0000016 0.0000002 0.0000000 0.0000000 0.0003080
0.7931325 0.0000969 0.0001085 0.0000433 0.0000105 0.0000019 0.0000002 0.0000001 0.0000000 0.0002614
0.8132128 0.0000767 0.0000944 0.0000396 0.0000103 0.0000019 0.0000003 0.0000000 0.0000000 0.0002233
0.8332931 0.0000607 0.0000820 0.0000356 0.0000092 0.0000017 0.0000002 0.0000000 0.0000000 0.0001895
0.8533735 0.0000480 0.0000709 0.0000324 0.0000089 0.0000016 0.0000002 0.0000000 0.0000000 0.0001621
0.8734538 0.0000380 0.0000617 0.0000290 0.0000082 0.0000016 0.0000003 0.0000000 0.0000000 0.0001389
0.8935341 0.0000301 0.0000537 0.0000266 0.0000078 0.0000017 0.0000003 0.0000000 0.0000000 0.0001202
0.9136144 0.0000238 0.0000470 0.0000244 0.0000076 0.0000016 0.0000002 0.0000000 0.0000000 0.0001046
0.9336947 0.0000188 0.0000413 0.0000224 0.0000068 0.0000015 0.0000003 0.0000000 0.0000000 0.0000912
0.9537750 0.0000149 0.0000361 0.0000201 0.0000064 0.0000015 0.0000002 0.0000001 0.0000000 0.0000792
0.9738554 0.0000118 0.0000320 0.0000186 0.0000063 0.0000014 0.0000002 0.0000000 0.0000000 0.0000703
0.9939357 0.0000093 0.0000281 0.0000169 0.0000059 0.0000014 0.0000002 0.0000000 0.0000000 0.0000619
1.0140160 0.0000074 0.0000249 0.0000157 0.0000055 0.0000014 0.0000003 0.0000000 0.0000000 0.0000552
1.0340964 0.0000058 0.0000220 0.0000142 0.0000052 0.0000014 0.0000003 0.0000000 0.0000000 0.0000490
1.0541767 0.0000046 0.0000194 0.0000132 0.0000049 0.0000013 0.0000003 0.0000000 0.0000000 0.0000438
1.0742570 0.0000037 0.0000174 0.0000120 0.0000047 0.0000012 0.0000003 0.0000000 0.0000000 0.0000394
1.0943373 0.0000029 0.0000154 0.0000108 0.0000042 0.0000012 0.0000003 0.0000000 0.0000000 0.0000348
1.1144177 0.0000023 0.0000137 0.0000101 0.0000041 0.0000011 0.0000003 0.0000000 0.0000000 0.0000317
1.1344979 0.0000018 0.0000124 0.0000095 0.0000039 0.0000011 0.0000002 0.0000000 0.0000000 0.0000290
1.1545782 0.0000014 0.0000111 0.0000087 0.0000037 0.0000011 0.0000003 0.0000000 0.0000000 0.0000264
1.1746585 0.0000011 0.0000098 0.0000079 0.0000035 0.0000010 0.0000002 0.0000000 0.0000000 0.0000236
1.1947389 0.0000009 0.0000090 0.0000074 0.0000034 0.0000010 0.0000002 0.0000000 0.0000000 0.0000220
1.2148192 0.0000007 0.0000079 0.0000067 0.0000030 0.0000010 0.0000002 0.0000000 0.0000000 0.0000196
1.2348995 0.0000006 0.0000072 0.0000063 0.0000029 0.0000009 0.0000002 0.0000000 0.0000000 0.0000181
1.2549798 0.0000004 0.0000065 0.0000058 0.0000028 0.0000010 0.0000002 0.0000000 0.0000000 0.0000167
1.2750602 0.0000004 0.0000059 0.0000053 0.0000025 0.0000009 0.0000002 0.0000000 0.0000000 0.0000152
1.2951405 0.0000003 0.0000052 0.0000048 0.0000024 0.0000008 0.0000002 0.0000001 0.0000000 0.0000137
1.3152208 0.0000002 0.0000048 0.0000046 0.0000023 0.0000008 0.0000002 0.0000000 0.0000000 0.0000131
1.3353012 0.0000002 0.0000043 0.0000042 0.0000022 0.0000008 0.0000002 0.0000001 0.0000000 0.0000119
1.3553815 0.0000001 0.0000038 0.0000038 0.0000021 0.0000008 0.0000002 0.0000000 0.0000000 0.0000108
1.3754618 0.0000001 0.0000035 0.0000036 0.0000019 0.0000007 0.0000002 0.0000000 0.0000000 0.0000101
1.3955421 0.0000001 0.0000032 0.0000033 0.0000018 0.0000007 0.0000002 0.0000000 0.0000000 0.0000093
1.4156225 0.0000001 0.0000028 0.0000030 0.0000017 0.0000007 0.0000002 0.0000000 0.0000000 0.0000085
1.4357028 0.0000001 0.0000026 0.0000028 0.0000016 0.0000006 0.0000002 0.0000000 0.0000000 0.0000079
1.4557831 0.0000000 0.0000024 0.0000027 0.0000015 0.0000006 0.0000002 0.0000000 0.0000000 0.0000075
1.4758633 0.0000000 0.0000021 0.0000023 0.0000014 0.0000006 0.0000002 0.0000000 0.0000000 0.0000066
1.4959437 0.0000000 0.0000019 0.0000022 0.0000013 0.0000005 0.0000002 0.0000000 0.0000000 0.0000061
1.5160240 0.0000000 0.0000019 0.0000022 0.0000013 0.0000006 0.0000002 0.0000000 0.0000000 0.0000062
1.5361043 0.0000000 0.0000016 0.0000019 0.0000011 0.0000005 0.0000001 0.0000000 0.0000000 0.0000052
1.5561846 0.0000000 0.0000015 0.0000018 0.0000011 0.0000005 0.0000001 0.0000000 0.0000000 0.0000051
1.5762650 0.0000000 0.0000014 0.0000017 0.0000011 0.0000005 0.0000001 0.0000000 0.0000000 0.0000048
1.5963453 0.0000000 0.0000012 0.0000015 0.0000010 0.0000004 0.0000001 0.0000000 0.0000000 0.0000043
1.6164256 0.0000000 0.0000011 0.0000014 0.0000009 0.0000004 0.0000001 0.0000000 0.0000000 0.0000040
1.6365060 0.0000000 0.0000010 0.0000013 0.0000008 0.0000004 0.0000001 0.0000000 0.0000000 0.0000037
1.6565863 0.0000000 0.0000009 0.0000012 0.0000008 0.0000004 0.0000001 0.0000000 0.0000000 0.0000034
1.6766666 0.0000000 0.0000008 0.0000011 0.0000007 0.0000003 0.0000001 0.0000000 0.0000000 0.0000031
1.6967469 0.0000000 0.0000008 0.0000010 0.0000007 0.0000003 0.0000001 0.0000000 0.0000000 0.0000030
1.7168273 0.0000000 0.0000006 0.0000008 0.0000006 0.0000003 0.0000001 0.0000000 0.0000000 0.0000024
1.7369076 0.0000000 0.0000007 0.0000009 0.0000007 0.0000003 0.0000001 0.0000000 0.0000000 0.0000028
1.7569879 0.0000000 0.0000005 0.0000007 0.0000005 0.0000003 0.0000001 0.0000000 0.0000000 0.0000022
1.7770681 0.0000000 0.0000005 0.0000007 0.0000005 0.0000002 0.0000001 0.0000000 0.0000000 0.0000021
1.7971485 0.0000000 0.0000004 0.0000006 0.0000005 0.0000002 0.0000001 0.0000000 0.0000000 0.0000019
1.8172288 0.0000000 0.0000004 0.0000005 0.0000004 0.0000002 0.0000001 0.0000000 0.0000000 0.0000017
1.8373091 0.0000000 0.0000004 0.0000005 0.0000004 0.0000002 0.0000001 0.0000000 0.0000000 0.0000016
1.8573895 0.0000000 0.0000003 0.0000004 0.0000003 0.0000002 0.0000001 0.0000000 0.0000000 0.0000014
1.8774698 0.0000000 0.0000003 0.0000004 0.0000003 0.0000002 0.0000001 0.0000000 0.0000000 0.0000014
1.8975501 0.0000000 0.0000003 0.0000005 0.0000004 0.0000002 0.0000001 0.0000000 0.0000000 0.0000017
1.9176304 0.0000000 0.0000002 0.0000003 0.0000003 0.0000001 0.0000001 0.0000000 0.0000000 0.0000010
1.9377108 0.0000000 0.0000002 0.0000003 0.0000003 0.0000001 0.0000001 0.0000000 0.0000000 0.0000010
1.9577911 0.0000000 0.0000002 0.0000003 0.0000002 0.0000001 0.0000001 0.0000000 0.0000000 0.0000009
1.9778714 0.0000000 0.0000002 0.0000003 0.0000002 0.0000001 0.0000001 0.0000000 0.0000000 0.0000010
1.9979517 0.0000000 0.0000002 0.0000003 0.0000002 0.0000001 0.0000001 0.0000000 0.0000000 0.0000008
2.0180321 0.0000000 0.0000001 0.0000002 0.0000002 0.0000001 0.0000000 0.0000000 0.0000000 0.0000006
2.0381124 0.0000000 0.0000001 0.0000002 0.0000001 0.0000001 0.0000000 0.0000000 0.0000000 0.0000006
2.0581927 0.0000000 0.0000001 0.0000002 0.0000002 0.0000001 0.0000001 0.0000000 0.0000000 0.0000008
2.0782731 0.0000000 0.0000001 0.0000001 0.0000001 0.0000001 0.0000000 0.0000000 0.0000000 0.0000005
2.0983534 0.0000000 0.0000001 0.0000001 0.0000001 0.0000001 0.0000000 0.0000000 0.0000000 0.0000004
2.1184337 0.0000000 0.0000001 0.0000001 0.0000001 0.0000001 0.0000000 0.0000000 0.0000000 0.0000004
2.1385140 0.0000000 0.0000000 0.0000001 0.0000001 0.0000000 0.0000000 0.0000000 0.0000000 0.0000002
2.1585944 0.0000000 0.0000001 0.0000001 0.0000001 0.0000001 0.0000000 0.0000000 0.0000000 0.0000004
2.1786747 0.0000000 0.0000000 0.0000001 0.0000001 0.0000000 0.0000000 0.0000000 0.0000000 0.0000002
2.1987550 0.0000000 0.0000000 0.0000001 0.0000001 0.0000000 0.0000000 0.0000000 0.0000000 0.0000002
2.2188354 0.0000000 0.0000000 0.0000000 0.0000000 0.0000000 0.0000000 0.0000000 0.0000000 0.0000002
2.2389157 0.0000000 0.0000000 0.0000001 0.0000001 0.0000000 0.0000000 0.0000000 0.0000000 0.0000003
2.2589958 0.0000000 0.0000000 0.0000000 0.0000000 0.0000000 0.0000000 0.0000000 0.0000000 0.0000002
2.2790761 0.0000000 0.0000000 0.0000000 0.0000000 0.0000000 0.0000000 0.0000000 0.0000000 0.0000001
2.2991564 0.0000000 0.0000000 0.0000000 0.0000000 0.0000000 0.0000000 0.0000000 0.0000000 0.0000001
2.3192368 0.0000000 0.0000000 0.0000000 0.0000000 0.0000000 0.0000000 0.0000000 0.0000000 0.0000001
2.3393171 0.0000000 0.0000000 0.0000001 0.0000001 0.0000001 0.0000000 0.0000000 0.0000000 0.0000003
2.3593974 0.0000000 0.0000000 0.0000000 0.0000000 0.0000000 0.0000000 0.0000000 0.0000000 0.0000001
2.3794777 0.0000000 0.0000000 0.0000000 0.0000000 0.0000000 0.0000000 0.0000000 0.0000000 0.0000001
2.3995581 0.0000000 0.0000000 0.0000000 0.0000000 0.0000000 0.0000000 0.0000000 0.0000000 0.0000000
2.4196384 0.0000000 0.0000000 0.0000000 0.0000000 0.0000000 0.0000000 0.0000000 0.0000000 0.0000001
2.4397187 0.0000000 0.0000000 0.0000000 0.0000000 0.0000000 0.0000000 0.0000000 0.0000000 0.0000000
2.4597991 0.0000000 0.0000000 0.0000000 0.0000000 0.0000000 0.0000000 0.0000000 0.0000000 0.0000001
2.4798794 0.0000000 0.0000000 0.0000000 0.0000000 0.0000000 0.0000000 0.0000000 0.0000000 0.0000000
2.4999597 0.0000000 0.0000000 0.0000000 0.0000000 0.0000000 0.0000000 0.0000000 0.0000000 0.0000000
2.5200400 0.0000000 0.0000000 0.0000000 0.0000000 0.0000000 0.0000000 0.0000000 0.0000000 0.0000000
2.5401204 0.0000000 0.0000000 0.0000000 0.0000000 0.0000000 0.0000000 0.0000000 0.0000000 0.0000000
2.5602007 0.0000000 0.0000000 0.0000000 0.0000000 0.0000000 0.0000000 0.0000000 0.0000000 0.0000000
2.5802810 0.0000000 0.0000000 0.0000000 0.0000000 0.0000000 0.0000000 0.0000000 0.0000000 0.0000000
2.6003613 0.0000000 0.0000000 0.0000000 0.0000000 0.0000000 0.0000000 0.0000000 0.0000000 0.0000000
2.6204417 0.0000000 0.0000000 0.0000000 0.0000000 0.0000000 0.0000000 0.0000000 0.0000000 0.0000000
2.6405220 0.0000000 0.0000000 0.0000000 0.0000000 0.0000000 0.0000000 0.0000000 0.0000000 0.0000000
2.6606023 0.0000000 0.0000000 0.0000000 0.0000000 0.0000000 0.0000000 0.0000000 0.0000000 0.0000000
2.6806827 0.0000000 0.0000000 0.0000000 0.0000000 0.0000000 0.0000000 0.0000000 0.0000000 0.0000000
2.7007630 0.0000000 0.0000000 0.0000000 0.0000000 0.0000000 0.0000000 0.0000000 0.0000000 0.0000000
