-------- p=4.130 a=1.000 mu=-2.200 N=20000000 time=2017-02-23 08:00:39 --------
0.0100000 0.8982540 0.0006901 0.0000002 0.0000000 0.0000000 0.0000000 0.0000000 0.0000000 0.8989442
0.0300803 0.7241409 0.0028939 0.0000055 0.0000000 0.0000000 0.0000000 0.0000000 0.0000000 0.7270403
0.0501606 0.5837771 0.0050544 0.0000336 0.0000000 0.0000000 0.0000000 0.0000000 0.0000000 0.5888651
0.0702410 0.4706207 0.0067750 0.0000279 0.0000000 0.0000000 0.0000000 0.0000000 0.0000000 0.4774236
0.0903213 0.3793980 0.0079788 0.0000737 0.0000000 0.0000000 0.0000000 0.0000000 0.0000000 0.3874505
0.1104016 0.3058574 0.0087852 0.0001279 0.0000001 0.0000000 0.0000000 0.0000000 0.0000000 0.3147706
0.1304819 0.2465715 0.0092144 0.0001764 0.0000001 0.0000000 0.0000000 0.0000000 0.0000000 0.2559624
0.1505622 0.1987774 0.0092699 0.0002354 0.0000217 0.0000000 0.0000000 0.0000000 0.0000000 0.2083043
0.1706426 0.1602474 0.0091472 0.0002904 0.0000028 0.0000000 0.0000000 0.0000000 0.0000000 0.1696878
0.1907229 0.1291858 0.0087748 0.0002988 0.0000081 0.0000000 0.0000000 0.0000000 0.0000000 0.1382674
0.2108032 0.1041451 0.0083250 0.0003169 0.0000120 0.0000002 0.0000000 0.0000000 0.0000000 0.1127992
0.2308835 0.0839581 0.0077375 0.0003435 0.0000117 0.0000000 0.0000000 0.0000000 0.0000000 0.0920509
0.2509638 0.0676841 0.0071078 0.0003970 0.0000167 0.0000001 0.0000000 0.0000000 0.0000000 0.0752057
0.2710442 0.0545646 0.0064612 0.0003970 0.0000233 0.0000010 0.0000000 0.0000000 0.0000000 0.0614471
0.2911245 0.0439881 0.0058269 0.0003601 0.0000169 0.0000000 0.0000000 0.0000000 0.0000000 0.0501920
0.3112048 0.0354616 0.0052319 0.0004064 0.0000227 0.0000000 0.0000000 0.0000000 0.0000000 0.0411227
0.3312851 0.0285879 0.0046887 0.0003910 0.0000190 0.0000003 0.0000000 0.0000000 0.0000000 0.0336869
0.3513654 0.0230466 0.0041268 0.0003804 0.0000177 0.0000008 0.0000000 0.0000000 0.0000000 0.0275723
0.3714458 0.0185794 0.0036536 0.0003634 0.0000238 0.0000001 0.0000000 0.0000000 0.0000000 0.0226203
0.3915261 0.0149780 0.0032107 0.0003420 0.0000289 0.0000025 0.0000004 0.0000000 0.0000000 0.0185625
0.4116064 0.0120748 0.0028151 0.0003288 0.0000217 0.0000008 0.0000001 0.0000000 0.0000000 0.0152412
0.4316867 0.0097342 0.0024575 0.0003164 0.0000256 0.0000010 0.0000000 0.0000000 0.0000000 0.0125348
0.4517670 0.0078474 0.0021476 0.0002958 0.0000275 0.0000016 0.0000000 0.0000000 0.0000000 0.0103200
0.4718474 0.0063263 0.0018703 0.0002816 0.0000282 0.0000025 0.0000000 0.0000000 0.0000000 0.0085090
0.4919277 0.0051001 0.0016192 0.0002603 0.0000279 0.0000026 0.0000003 0.0000000 0.0000000 0.0070103
0.5120080 0.0041115 0.0014029 0.0002389 0.0000267 0.0000023 0.0000001 0.0000000 0.0000000 0.0057823
0.5320883 0.0033145 0.0012164 0.0002228 0.0000269 0.0000026 0.0000003 0.0000000 0.0000000 0.0047834
0.5521687 0.0026721 0.0010529 0.0002060 0.0000291 0.0000029 0.0000004 0.0000000 0.0000000 0.0039634
0.5722489 0.0021541 0.0009098 0.0001885 0.0000249 0.0000018 0.0000002 0.0000000 0.0000000 0.0032794
0.5923293 0.0017366 0.0007860 0.0001734 0.0000234 0.0000035 0.0000004 0.0000000 0.0000000 0.0027232
0.6124096 0.0014000 0.0006792 0.0001575 0.0000236 0.0000028 0.0000001 0.0000000 0.0000000 0.0022631
0.6324899 0.0011286 0.0005864 0.0001428 0.0000241 0.0000025 0.0000000 0.0000000 0.0000000 0.0018845
0.6525702 0.0009098 0.0005095 0.0001326 0.0000234 0.0000028 0.0000002 0.0000000 0.0000000 0.0015785
0.6726506 0.0007335 0.0004397 0.0001214 0.0000221 0.0000027 0.0000005 0.0000000 0.0000000 0.0013198
0.6927309 0.0005913 0.0003796 0.0001110 0.0000220 0.0000027 0.0000002 0.0000000 0.0000000 0.0011068
0.7128112 0.0004767 0.0003287 0.0001011 0.0000189 0.0000033 0.0000004 0.0000000 0.0000000 0.0009291
0.7328916 0.0003843 0.0002834 0.0000922 0.0000182 0.0000029 0.0000003 0.0000000 0.0000000 0.0007813
0.7529718 0.0003098 0.0002450 0.0000830 0.0000188 0.0000029 0.0000003 0.0000000 0.0000000 0.0006597
0.7730522 0.0002498 0.0002125 0.0000751 0.0000174 0.0000031 0.0000006 0.0000000 0.0000000 0.0005585
0.7931325 0.0002013 0.0001847 0.0000691 0.0000168 0.0000026 0.0000003 0.0000000 0.0000000 0.0004748
0.8132128 0.0001623 0.0001597 0.0000625 0.0000158 0.0000029 0.0000003 0.0000000 0.0000000 0.0004036
0.8332931 0.0001309 0.0001388 0.0000562 0.0000143 0.0000026 0.0000003 0.0000000 0.0000000 0.0003430
0.8533735 0.0001055 0.0001213 0.0000523 0.0000135 0.0000025 0.0000004 0.0000000 0.0000000 0.0002955
0.8734538 0.0000850 0.0001051 0.0000467 0.0000130 0.0000026 0.0000004 0.0000001 0.0000000 0.0002530
0.8935341 0.0000686 0.0000923 0.0000427 0.0000118 0.0000023 0.0000003 0.0000001 0.0000000 0.0002181
0.9136144 0.0000553 0.0000807 0.0000390 0.0000116 0.0000027 0.0000005 0.0000000 0.0000000 0.0001898
0.9336947 0.0000446 0.0000710 0.0000358 0.0000112 0.0000024 0.0000005 0.0000001 0.0000000 0.0001656
0.9537750 0.0000359 0.0000618 0.0000322 0.0000104 0.0000022 0.0000004 0.0000001 0.0000000 0.0001431
0.9738554 0.0000290 0.0000545 0.0000294 0.0000095 0.0000022 0.0000005 0.0000001 0.0000000 0.0001250
0.9939357 0.0000233 0.0000481 0.0000273 0.0000090 0.0000021 0.0000003 0.0000000 0.0000000 0.0001103
1.0140160 0.0000188 0.0000421 0.0000248 0.0000084 0.0000020 0.0000004 0.0000001 0.0000000 0.0000965
1.0340964 0.0000152 0.0000370 0.0000224 0.0000080 0.0000020 0.0000003 0.0000000 0.0000000 0.0000849
1.0541767 0.0000122 0.0000330 0.0000208 0.0000078 0.0000019 0.0000004 0.0000001 0.0000000 0.0000762
1.0742570 0.0000099 0.0000292 0.0000191 0.0000071 0.0000019 0.0000004 0.0000001 0.0000000 0.0000676
1.0943373 0.0000079 0.0000259 0.0000175 0.0000067 0.0000018 0.0000004 0.0000001 0.0000000 0.0000603
1.1144177 0.0000064 0.0000229 0.0000162 0.0000064 0.0000018 0.0000004 0.0000001 0.0000000 0.0000542
1.1344979 0.0000052 0.0000202 0.0000147 0.0000062 0.0000018 0.0000004 0.0000001 0.0000000 0.0000485
1.1545782 0.0000042 0.0000180 0.0000135 0.0000056 0.0000015 0.0000003 0.0000000 0.0000000 0.0000431
1.1746585 0.0000034 0.0000164 0.0000127 0.0000053 0.0000016 0.0000003 0.0000001 0.0000000 0.0000398
1.1947389 0.0000027 0.0000144 0.0000115 0.0000050 0.0000015 0.0000003 0.0000001 0.0000000 0.0000356
1.2148192 0.0000022 0.0000130 0.0000104 0.0000047 0.0000015 0.0000004 0.0000001 0.0000000 0.0000323
1.2348995 0.0000018 0.0000116 0.0000097 0.0000045 0.0000015 0.0000004 0.0000001 0.0000000 0.0000294
1.2549798 0.0000014 0.0000104 0.0000090 0.0000042 0.0000014 0.0000003 0.0000001 0.0000000 0.0000268
1.2750602 0.0000011 0.0000094 0.0000084 0.0000041 0.0000013 0.0000003 0.0000001 0.0000000 0.0000248
1.2951405 0.0000009 0.0000083 0.0000076 0.0000037 0.0000012 0.0000004 0.0000001 0.0000000 0.0000223
1.3152208 0.0000007 0.0000075 0.0000070 0.0000035 0.0000013 0.0000004 0.0000001 0.0000000 0.0000205
1.3353012 0.0000006 0.0000069 0.0000065 0.0000033 0.0000012 0.0000003 0.0000001 0.0000000 0.0000189
1.3553815 0.0000005 0.0000061 0.0000060 0.0000032 0.0000012 0.0000003 0.0000001 0.0000000 0.0000175
1.3754618 0.0000004 0.0000055 0.0000055 0.0000029 0.0000011 0.0000003 0.0000001 0.0000000 0.0000158
1.3955421 0.0000003 0.0000049 0.0000050 0.0000027 0.0000010 0.0000003 0.0000001 0.0000000 0.0000144
1.4156225 0.0000003 0.0000045 0.0000047 0.0000026 0.0000010 0.0000003 0.0000000 0.0000000 0.0000135
1.4357028 0.0000002 0.0000041 0.0000044 0.0000025 0.0000010 0.0000003 0.0000001 0.0000000 0.0000126
1.4557831 0.0000002 0.0000037 0.0000040 0.0000023 0.0000009 0.0000003 0.0000001 0.0000000 0.0000115
1.4758633 0.0000001 0.0000034 0.0000037 0.0000021 0.0000009 0.0000003 0.0000001 0.0000000 0.0000106
1.4959437 0.0000001 0.0000031 0.0000034 0.0000020 0.0000008 0.0000003 0.0000001 0.0000000 0.0000098
1.5160240 0.0000001 0.0000028 0.0000032 0.0000019 0.0000008 0.0000002 0.0000001 0.0000000 0.0000092
1.5361043 0.0000001 0.0000026 0.0000030 0.0000019 0.0000008 0.0000003 0.0000001 0.0000000 0.0000087
1.5561846 0.0000001 0.0000023 0.0000027 0.0000017 0.0000007 0.0000003 0.0000001 0.0000000 0.0000078
1.5762650 0.0000000 0.0000021 0.0000025 0.0000016 0.0000007 0.0000002 0.0000001 0.0000000 0.0000073
1.5963453 0.0000000 0.0000019 0.0000024 0.0000016 0.0000007 0.0000003 0.0000001 0.0000000 0.0000070
1.6164256 0.0000000 0.0000017 0.0000021 0.0000014 0.0000006 0.0000002 0.0000001 0.0000000 0.0000062
1.6365060 0.0000000 0.0000016 0.0000020 0.0000013 0.0000006 0.0000002 0.0000001 0.0000000 0.0000058
1.6565863 0.0000000 0.0000014 0.0000018 0.0000012 0.0000006 0.0000002 0.0000001 0.0000000 0.0000053
1.6766666 0.0000000 0.0000013 0.0000017 0.0000012 0.0000006 0.0000002 0.0000001 0.0000000 0.0000050
1.6967469 0.0000000 0.0000012 0.0000016 0.0000011 0.0000005 0.0000002 0.0000001 0.0000000 0.0000047
1.7168273 0.0000000 0.0000011 0.0000015 0.0000010 0.0000005 0.0000002 0.0000000 0.0000000 0.0000043
1.7369076 0.0000000 0.0000010 0.0000013 0.0000010 0.0000005 0.0000002 0.0000001 0.0000000 0.0000040
1.7569879 0.0000000 0.0000009 0.0000012 0.0000009 0.0000005 0.0000002 0.0000001 0.0000000 0.0000037
1.7770681 0.0000000 0.0000008 0.0000012 0.0000009 0.0000004 0.0000002 0.0000001 0.0000000 0.0000035
1.7971485 0.0000000 0.0000007 0.0000011 0.0000008 0.0000004 0.0000002 0.0000001 0.0000000 0.0000032
1.8172288 0.0000000 0.0000007 0.0000011 0.0000008 0.0000004 0.0000002 0.0000001 0.0000000 0.0000033
1.8373091 0.0000000 0.0000007 0.0000010 0.0000007 0.0000004 0.0000002 0.0000000 0.0000000 0.0000030
1.8573895 0.0000000 0.0000005 0.0000008 0.0000006 0.0000003 0.0000001 0.0000000 0.0000000 0.0000025
1.8774698 0.0000000 0.0000005 0.0000007 0.0000006 0.0000003 0.0000001 0.0000000 0.0000000 0.0000023
1.8975501 0.0000000 0.0000004 0.0000006 0.0000005 0.0000003 0.0000001 0.0000000 0.0000000 0.0000020
1.9176304 0.0000000 0.0000004 0.0000006 0.0000005 0.0000003 0.0000001 0.0000000 0.0000000 0.0000021
1.9377108 0.0000000 0.0000004 0.0000006 0.0000005 0.0000003 0.0000001 0.0000000 0.0000000 0.0000020
1.9577911 0.0000000 0.0000004 0.0000006 0.0000005 0.0000003 0.0000001 0.0000000 0.0000000 0.0000020
1.9778714 0.0000000 0.0000003 0.0000005 0.0000004 0.0000002 0.0000001 0.0000000 0.0000000 0.0000016
1.9979517 0.0000000 0.0000003 0.0000004 0.0000004 0.0000002 0.0000001 0.0000000 0.0000000 0.0000014
2.0180321 0.0000000 0.0000002 0.0000004 0.0000003 0.0000002 0.0000001 0.0000000 0.0000000 0.0000013
2.0381124 0.0000000 0.0000002 0.0000004 0.0000003 0.0000002 0.0000001 0.0000000 0.0000000 0.0000013
2.0581927 0.0000000 0.0000002 0.0000004 0.0000003 0.0000002 0.0000001 0.0000000 0.0000000 0.0000012
2.0782731 0.0000000 0.0000002 0.0000003 0.0000003 0.0000002 0.0000001 0.0000000 0.0000000 0.0000011
2.0983534 0.0000000 0.0000002 0.0000003 0.0000003 0.0000002 0.0000001 0.0000000 0.0000000 0.0000010
2.1184337 0.0000000 0.0000002 0.0000003 0.0000003 0.0000002 0.0000001 0.0000000 0.0000000 0.0000010
2.1385140 0.0000000 0.0000002 0.0000003 0.0000003 0.0000002 0.0000001 0.0000000 0.0000000 0.0000011
2.1585944 0.0000000 0.0000001 0.0000002 0.0000002 0.0000001 0.0000001 0.0000000 0.0000000 0.0000009
2.1786747 0.0000000 0.0000001 0.0000002 0.0000002 0.0000001 0.0000001 0.0000000 0.0000000 0.0000007
2.1987550 0.0000000 0.0000001 0.0000002 0.0000002 0.0000001 0.0000001 0.0000000 0.0000000 0.0000006
2.2188354 0.0000000 0.0000001 0.0000001 0.0000001 0.0000001 0.0000000 0.0000000 0.0000000 0.0000005
2.2389157 0.0000000 0.0000001 0.0000002 0.0000002 0.0000001 0.0000000 0.0000000 0.0000000 0.0000006
2.2589958 0.0000000 0.0000001 0.0000002 0.0000002 0.0000001 0.0000001 0.0000000 0.0000000 0.0000007
2.2790761 0.0000000 0.0000001 0.0000001 0.0000001 0.0000001 0.0000000 0.0000000 0.0000000 0.0000005
2.2991564 0.0000000 0.0000001 0.0000001 0.0000001 0.0000001 0.0000000 0.0000000 0.0000000 0.0000004
2.3192368 0.0000000 0.0000000 0.0000001 0.0000001 0.0000001 0.0000000 0.0000000 0.0000000 0.0000003
2.3393171 0.0000000 0.0000000 0.0000001 0.0000001 0.0000001 0.0000000 0.0000000 0.0000000 0.0000003
2.3593974 0.0000000 0.0000000 0.0000001 0.0000001 0.0000000 0.0000000 0.0000000 0.0000000 0.0000002
2.3794777 0.0000000 0.0000000 0.0000001 0.0000001 0.0000001 0.0000000 0.0000000 0.0000000 0.0000004
2.3995581 0.0000000 0.0000000 0.0000000 0.0000000 0.0000000 0.0000000 0.0000000 0.0000000 0.0000002
2.4196384 0.0000000 0.0000000 0.0000001 0.0000001 0.0000000 0.0000000 0.0000000 0.0000000 0.0000002
2.4397187 0.0000000 0.0000000 0.0000000 0.0000001 0.0000000 0.0000000 0.0000000 0.0000000 0.0000002
2.4597991 0.0000000 0.0000000 0.0000000 0.0000000 0.0000000 0.0000000 0.0000000 0.0000000 0.0000001
2.4798794 0.0000000 0.0000000 0.0000000 0.0000000 0.0000000 0.0000000 0.0000000 0.0000000 0.0000001
2.4999597 0.0000000 0.0000000 0.0000000 0.0000000 0.0000000 0.0000000 0.0000000 0.0000000 0.0000002
2.5200400 0.0000000 0.0000000 0.0000000 0.0000000 0.0000000 0.0000000 0.0000000 0.0000000 0.0000001
2.5401204 0.0000000 0.0000000 0.0000000 0.0000000 0.0000000 0.0000000 0.0000000 0.0000000 0.0000001
2.5602007 0.0000000 0.0000000 0.0000000 0.0000000 0.0000000 0.0000000 0.0000000 0.0000000 0.0000001
2.5802810 0.0000000 0.0000000 0.0000000 0.0000000 0.0000000 0.0000000 0.0000000 0.0000000 0.0000001
2.6003613 0.0000000 0.0000000 0.0000000 0.0000000 0.0000000 0.0000000 0.0000000 0.0000000 0.0000001
2.6204417 0.0000000 0.0000000 0.0000000 0.0000000 0.0000000 0.0000000 0.0000000 0.0000000 0.0000001
2.6405220 0.0000000 0.0000000 0.0000000 0.0000000 0.0000000 0.0000000 0.0000000 0.0000000 0.0000000
2.6606023 0.0000000 0.0000000 0.0000000 0.0000000 0.0000000 0.0000000 0.0000000 0.0000000 0.0000000
2.6806827 0.0000000 0.0000000 0.0000000 0.0000000 0.0000000 0.0000000 0.0000000 0.0000000 0.0000000
2.7007630 0.0000000 0.0000000 0.0000000 0.0000000 0.0000000 0.0000000 0.0000000 0.0000000 0.0000000
2.7208433 0.0000000 0.0000000 0.0000000 0.0000000 0.0000000 0.0000000 0.0000000 0.0000000 0.0000000
