-------- p=5.000 a=1.000 mu=-2.200 N=20000000 time=2017-02-23 08:00:39 --------
0.0100000 0.8632940 0.0006815 0.0000000 0.0000000 0.0000000 0.0000000 0.0000000 0.0000000 0.8639755
0.0300803 0.6426335 0.0025562 0.0000080 0.0000000 0.0000000 0.0000000 0.0000000 0.0000000 0.6451976
0.0501606 0.4783745 0.0040830 0.0000190 0.0000000 0.0000000 0.0000000 0.0000000 0.0000000 0.4824765
0.0702410 0.3561006 0.0052795 0.0000423 0.0000000 0.0000000 0.0000000 0.0000000 0.0000000 0.3614224
0.0903213 0.2650802 0.0057313 0.0000574 0.0000000 0.0000000 0.0000000 0.0000000 0.0000000 0.2708689
0.1104016 0.1973249 0.0058631 0.0000828 0.0000042 0.0000000 0.0000000 0.0000000 0.0000000 0.2032750
0.1304819 0.1468881 0.0057333 0.0000984 0.0000009 0.0000000 0.0000000 0.0000000 0.0000000 0.1527207
0.1505622 0.1093431 0.0053883 0.0001644 0.0000008 0.0000000 0.0000000 0.0000000 0.0000000 0.1148966
0.1706426 0.0813946 0.0048949 0.0001422 0.0000018 0.0000000 0.0000000 0.0000000 0.0000000 0.0864335
0.1907229 0.0605899 0.0043818 0.0001607 0.0000042 0.0000000 0.0000000 0.0000000 0.0000000 0.0651365
0.2108032 0.0451030 0.0038410 0.0001553 0.0000048 0.0000000 0.0000000 0.0000000 0.0000000 0.0491041
0.2308835 0.0335745 0.0033245 0.0001671 0.0000042 0.0000000 0.0000000 0.0000000 0.0000000 0.0370704
0.2509638 0.0249928 0.0028442 0.0001691 0.0000046 0.0000001 0.0000000 0.0000000 0.0000000 0.0280108
0.2710442 0.0186045 0.0024162 0.0001648 0.0000093 0.0000001 0.0000000 0.0000000 0.0000000 0.0211949
0.2911245 0.0138492 0.0020389 0.0001506 0.0000084 0.0000001 0.0000000 0.0000000 0.0000000 0.0160472
0.3112048 0.0103093 0.0017075 0.0001457 0.0000082 0.0000001 0.0000000 0.0000000 0.0000000 0.0121708
0.3312851 0.0076742 0.0014215 0.0001319 0.0000073 0.0000002 0.0000000 0.0000000 0.0000000 0.0092351
0.3513654 0.0057127 0.0011801 0.0001286 0.0000098 0.0000007 0.0000001 0.0000000 0.0000000 0.0070320
0.3714458 0.0042525 0.0009782 0.0001071 0.0000074 0.0000002 0.0000000 0.0000000 0.0000000 0.0053453
0.3915261 0.0031655 0.0008068 0.0001005 0.0000080 0.0000004 0.0000003 0.0000000 0.0000000 0.0040816
0.4116064 0.0023564 0.0006672 0.0000925 0.0000076 0.0000006 0.0000000 0.0000000 0.0000000 0.0031244
0.4316867 0.0017541 0.0005488 0.0000816 0.0000087 0.0000011 0.0000000 0.0000000 0.0000000 0.0023943
0.4517670 0.0013058 0.0004551 0.0000736 0.0000077 0.0000004 0.0000000 0.0000000 0.0000000 0.0018427
0.4718474 0.0009720 0.0003747 0.0000680 0.0000074 0.0000006 0.0000001 0.0000000 0.0000000 0.0014228
0.4919277 0.0007236 0.0003098 0.0000588 0.0000069 0.0000004 0.0000000 0.0000000 0.0000000 0.0010995
0.5120080 0.0005386 0.0002569 0.0000528 0.0000067 0.0000008 0.0000001 0.0000000 0.0000000 0.0008559
0.5320883 0.0004009 0.0002134 0.0000470 0.0000065 0.0000007 0.0000000 0.0000000 0.0000000 0.0006685
0.5521687 0.0002985 0.0001788 0.0000429 0.0000065 0.0000006 0.0000000 0.0000000 0.0000000 0.0005273
0.5722489 0.0002222 0.0001483 0.0000375 0.0000059 0.0000006 0.0000000 0.0000000 0.0000000 0.0004145
0.5923293 0.0001654 0.0001242 0.0000334 0.0000057 0.0000006 0.0000001 0.0000000 0.0000000 0.0003294
0.6124096 0.0001231 0.0001044 0.0000302 0.0000054 0.0000006 0.0000001 0.0000000 0.0000000 0.0002637
0.6324899 0.0000916 0.0000881 0.0000268 0.0000047 0.0000005 0.0000000 0.0000000 0.0000000 0.0002119
0.6525702 0.0000682 0.0000746 0.0000241 0.0000048 0.0000006 0.0000001 0.0000000 0.0000000 0.0001724
0.6726506 0.0000508 0.0000629 0.0000218 0.0000045 0.0000007 0.0000001 0.0000000 0.0000000 0.0001408
0.6927309 0.0000378 0.0000542 0.0000198 0.0000043 0.0000006 0.0000000 0.0000000 0.0000000 0.0001166
0.7128112 0.0000281 0.0000466 0.0000181 0.0000040 0.0000006 0.0000001 0.0000000 0.0000000 0.0000975
0.7328916 0.0000209 0.0000395 0.0000162 0.0000038 0.0000006 0.0000001 0.0000000 0.0000000 0.0000812
0.7529718 0.0000156 0.0000346 0.0000151 0.0000037 0.0000006 0.0000000 0.0000000 0.0000000 0.0000697
0.7730522 0.0000116 0.0000298 0.0000132 0.0000034 0.0000006 0.0000001 0.0000000 0.0000000 0.0000587
0.7931325 0.0000086 0.0000260 0.0000122 0.0000032 0.0000006 0.0000001 0.0000000 0.0000000 0.0000508
0.8132128 0.0000064 0.0000230 0.0000113 0.0000030 0.0000006 0.0000001 0.0000000 0.0000000 0.0000444
0.8332931 0.0000048 0.0000203 0.0000103 0.0000028 0.0000006 0.0000001 0.0000000 0.0000000 0.0000389
0.8533735 0.0000036 0.0000176 0.0000094 0.0000028 0.0000005 0.0000001 0.0000000 0.0000000 0.0000340
0.8734538 0.0000027 0.0000155 0.0000085 0.0000026 0.0000005 0.0000001 0.0000000 0.0000000 0.0000298
0.8935341 0.0000020 0.0000138 0.0000079 0.0000024 0.0000005 0.0000001 0.0000000 0.0000000 0.0000267
0.9136144 0.0000015 0.0000120 0.0000072 0.0000022 0.0000005 0.0000001 0.0000000 0.0000000 0.0000236
0.9336947 0.0000011 0.0000106 0.0000065 0.0000022 0.0000005 0.0000001 0.0000000 0.0000000 0.0000210
0.9537750 0.0000008 0.0000097 0.0000061 0.0000021 0.0000005 0.0000001 0.0000000 0.0000000 0.0000192
0.9738554 0.0000006 0.0000087 0.0000056 0.0000019 0.0000004 0.0000001 0.0000000 0.0000000 0.0000173
0.9939357 0.0000005 0.0000077 0.0000052 0.0000018 0.0000004 0.0000001 0.0000000 0.0000000 0.0000157
1.0140160 0.0000003 0.0000068 0.0000047 0.0000017 0.0000004 0.0000001 0.0000000 0.0000000 0.0000140
1.0340964 0.0000003 0.0000061 0.0000044 0.0000016 0.0000004 0.0000001 0.0000000 0.0000000 0.0000129
1.0541767 0.0000002 0.0000057 0.0000042 0.0000017 0.0000004 0.0000001 0.0000000 0.0000000 0.0000123
1.0742570 0.0000001 0.0000051 0.0000039 0.0000015 0.0000004 0.0000001 0.0000000 0.0000000 0.0000113
1.0943373 0.0000001 0.0000046 0.0000036 0.0000014 0.0000004 0.0000001 0.0000000 0.0000000 0.0000102
1.1144177 0.0000001 0.0000041 0.0000032 0.0000013 0.0000004 0.0000001 0.0000000 0.0000000 0.0000091
1.1344979 0.0000001 0.0000037 0.0000030 0.0000013 0.0000004 0.0000001 0.0000000 0.0000000 0.0000084
1.1545782 0.0000000 0.0000031 0.0000026 0.0000011 0.0000003 0.0000001 0.0000000 0.0000000 0.0000074
1.1746585 0.0000000 0.0000028 0.0000024 0.0000011 0.0000003 0.0000001 0.0000000 0.0000000 0.0000066
1.1947389 0.0000000 0.0000024 0.0000021 0.0000010 0.0000003 0.0000001 0.0000000 0.0000000 0.0000059
1.2148192 0.0000000 0.0000022 0.0000020 0.0000009 0.0000003 0.0000001 0.0000000 0.0000000 0.0000056
1.2348995 0.0000000 0.0000021 0.0000019 0.0000009 0.0000003 0.0000001 0.0000000 0.0000000 0.0000054
1.2549798 0.0000000 0.0000018 0.0000016 0.0000008 0.0000002 0.0000001 0.0000000 0.0000000 0.0000045
1.2750602 0.0000000 0.0000019 0.0000018 0.0000009 0.0000003 0.0000001 0.0000000 0.0000000 0.0000049
1.2951405 0.0000000 0.0000016 0.0000015 0.0000007 0.0000003 0.0000001 0.0000000 0.0000000 0.0000041
1.3152208 0.0000000 0.0000013 0.0000013 0.0000007 0.0000002 0.0000001 0.0000000 0.0000000 0.0000036
1.3353012 0.0000000 0.0000013 0.0000013 0.0000006 0.0000002 0.0000001 0.0000000 0.0000000 0.0000035
1.3553815 0.0000000 0.0000012 0.0000012 0.0000006 0.0000002 0.0000001 0.0000000 0.0000000 0.0000033
1.3754618 0.0000000 0.0000010 0.0000010 0.0000006 0.0000002 0.0000001 0.0000000 0.0000000 0.0000029
1.3955421 0.0000000 0.0000009 0.0000009 0.0000005 0.0000002 0.0000001 0.0000000 0.0000000 0.0000027
1.4156225 0.0000000 0.0000007 0.0000007 0.0000004 0.0000002 0.0000001 0.0000000 0.0000000 0.0000020
1.4357028 0.0000000 0.0000006 0.0000007 0.0000004 0.0000002 0.0000000 0.0000000 0.0000000 0.0000020
1.4557831 0.0000000 0.0000006 0.0000006 0.0000004 0.0000001 0.0000000 0.0000000 0.0000000 0.0000018
1.4758633 0.0000000 0.0000005 0.0000006 0.0000004 0.0000001 0.0000000 0.0000000 0.0000000 0.0000017
1.4959437 0.0000000 0.0000004 0.0000004 0.0000003 0.0000001 0.0000000 0.0000000 0.0000000 0.0000012
1.5160240 0.0000000 0.0000004 0.0000005 0.0000003 0.0000001 0.0000000 0.0000000 0.0000000 0.0000013
1.5361043 0.0000000 0.0000003 0.0000004 0.0000002 0.0000001 0.0000000 0.0000000 0.0000000 0.0000011
1.5561846 0.0000000 0.0000004 0.0000005 0.0000003 0.0000001 0.0000000 0.0000000 0.0000000 0.0000013
1.5762650 0.0000000 0.0000002 0.0000003 0.0000002 0.0000001 0.0000000 0.0000000 0.0000000 0.0000007
1.5963453 0.0000000 0.0000002 0.0000003 0.0000002 0.0000001 0.0000000 0.0000000 0.0000000 0.0000007
1.6164256 0.0000000 0.0000002 0.0000002 0.0000002 0.0000001 0.0000000 0.0000000 0.0000000 0.0000007
1.6365060 0.0000000 0.0000002 0.0000003 0.0000002 0.0000001 0.0000000 0.0000000 0.0000000 0.0000009
1.6565863 0.0000000 0.0000001 0.0000002 0.0000001 0.0000001 0.0000000 0.0000000 0.0000000 0.0000005
1.6766666 0.0000000 0.0000002 0.0000002 0.0000001 0.0000001 0.0000000 0.0000000 0.0000000 0.0000006
1.6967469 0.0000000 0.0000001 0.0000002 0.0000001 0.0000001 0.0000000 0.0000000 0.0000000 0.0000005
1.7168273 0.0000000 0.0000001 0.0000001 0.0000001 0.0000000 0.0000000 0.0000000 0.0000000 0.0000003
1.7369076 0.0000000 0.0000001 0.0000001 0.0000001 0.0000000 0.0000000 0.0000000 0.0000000 0.0000003
1.7569879 0.0000000 0.0000000 0.0000001 0.0000000 0.0000000 0.0000000 0.0000000 0.0000000 0.0000002
1.7770681 0.0000000 0.0000001 0.0000001 0.0000001 0.0000000 0.0000000 0.0000000 0.0000000 0.0000002
1.7971485 0.0000000 0.0000000 0.0000000 0.0000000 0.0000000 0.0000000 0.0000000 0.0000000 0.0000001
1.8172288 0.0000000 0.0000001 0.0000001 0.0000001 0.0000000 0.0000000 0.0000000 0.0000000 0.0000003
1.8373091 0.0000000 0.0000000 0.0000000 0.0000000 0.0000000 0.0000000 0.0000000 0.0000000 0.0000001
1.8573895 0.0000000 0.0000000 0.0000000 0.0000000 0.0000000 0.0000000 0.0000000 0.0000000 0.0000000
1.8774698 0.0000000 0.0000000 0.0000000 0.0000000 0.0000000 0.0000000 0.0000000 0.0000000 0.0000001
1.8975501 0.0000000 0.0000000 0.0000000 0.0000000 0.0000000 0.0000000 0.0000000 0.0000000 0.0000000
1.9176304 0.0000000 0.0000000 0.0000000 0.0000000 0.0000000 0.0000000 0.0000000 0.0000000 0.0000000
1.9377108 0.0000000 0.0000000 0.0000000 0.0000000 0.0000000 0.0000000 0.0000000 0.0000000 0.0000000
1.9577911 0.0000000 0.0000000 0.0000000 0.0000000 0.0000000 0.0000000 0.0000000 0.0000000 0.0000000
1.9778714 0.0000000 0.0000000 0.0000000 0.0000000 0.0000000 0.0000000 0.0000000 0.0000000 0.0000000
1.9979517 0.0000000 0.0000000 0.0000000 0.0000000 0.0000000 0.0000000 0.0000000 0.0000000 0.0000000
2.0180321 0.0000000 0.0000000 0.0000000 0.0000000 0.0000000 0.0000000 0.0000000 0.0000000 0.0000000
2.0381124 0.0000000 0.0000000 0.0000000 0.0000000 0.0000000 0.0000000 0.0000000 0.0000000 0.0000000
2.0581927 0.0000000 0.0000000 0.0000000 0.0000000 0.0000000 0.0000000 0.0000000 0.0000000 0.0000000
2.0782731 0.0000000 0.0000000 0.0000000 0.0000000 0.0000000 0.0000000 0.0000000 0.0000000 0.0000000
2.0983534 0.0000000 0.0000000 0.0000000 0.0000000 0.0000000 0.0000000 0.0000000 0.0000000 0.0000000
2.1184337 0.0000000 0.0000000 0.0000000 0.0000000 0.0000000 0.0000000 0.0000000 0.0000000 0.0000000
2.1385140 0.0000000 0.0000000 0.0000000 0.0000000 0.0000000 0.0000000 0.0000000 0.0000000 0.0000000
2.1585944 0.0000000 0.0000000 0.0000000 0.0000000 0.0000000 0.0000000 0.0000000 0.0000000 0.0000000
2.1786747 0.0000000 0.0000000 0.0000000 0.0000000 0.0000000 0.0000000 0.0000000 0.0000000 0.0000000
2.1987550 0.0000000 0.0000000 0.0000000 0.0000000 0.0000000 0.0000000 0.0000000 0.0000000 0.0000000
2.2188354 0.0000000 0.0000000 0.0000000 0.0000000 0.0000000 0.0000000 0.0000000 0.0000000 0.0000000
2.2389157 0.0000000 0.0000000 0.0000000 0.0000000 0.0000000 0.0000000 0.0000000 0.0000000 0.0000000
2.2589958 0.0000000 0.0000000 0.0000000 0.0000000 0.0000000 0.0000000 0.0000000 0.0000000 0.0000000
2.2790761 0.0000000 0.0000000 0.0000000 0.0000000 0.0000000 0.0000000 0.0000000 0.0000000 0.0000000
2.2991564 0.0000000 0.0000000 0.0000000 0.0000000 0.0000000 0.0000000 0.0000000 0.0000000 0.0000000
2.3192368 0.0000000 0.0000000 0.0000000 0.0000000 0.0000000 0.0000000 0.0000000 0.0000000 0.0000000
2.3393171 0.0000000 0.0000000 0.0000000 0.0000000 0.0000000 0.0000000 0.0000000 0.0000000 0.0000000
2.3593974 0.0000000 0.0000000 0.0000000 0.0000000 0.0000000 0.0000000 0.0000000 0.0000000 0.0000000
2.3794777 0.0000000 0.0000000 0.0000000 0.0000000 0.0000000 0.0000000 0.0000000 0.0000000 0.0000000
2.3995581 0.0000000 0.0000000 0.0000000 0.0000000 0.0000000 0.0000000 0.0000000 0.0000000 0.0000000
2.4196384 0.0000000 0.0000000 0.0000000 0.0000000 0.0000000 0.0000000 0.0000000 0.0000000 0.0000000
2.4397187 0.0000000 0.0000000 0.0000000 0.0000000 0.0000000 0.0000000 0.0000000 0.0000000 0.0000000
2.4597991 0.0000000 0.0000000 0.0000000 0.0000000 0.0000000 0.0000000 0.0000000 0.0000000 0.0000000
2.4798794 0.0000000 0.0000000 0.0000000 0.0000000 0.0000000 0.0000000 0.0000000 0.0000000 0.0000000
2.4999597 0.0000000 0.0000000 0.0000000 0.0000000 0.0000000 0.0000000 0.0000000 0.0000000 0.0000000
2.5200400 0.0000000 0.0000000 0.0000000 0.0000000 0.0000000 0.0000000 0.0000000 0.0000000 0.0000000
2.5401204 0.0000000 0.0000000 0.0000000 0.0000000 0.0000000 0.0000000 0.0000000 0.0000000 0.0000000
2.5602007 0.0000000 0.0000000 0.0000000 0.0000000 0.0000000 0.0000000 0.0000000 0.0000000 0.0000000
2.5802810 0.0000000 0.0000000 0.0000000 0.0000000 0.0000000 0.0000000 0.0000000 0.0000000 0.0000000
2.6003613 0.0000000 0.0000000 0.0000000 0.0000000 0.0000000 0.0000000 0.0000000 0.0000000 0.0000000
2.6204417 -nan inf inf inf inf inf inf inf inf
2.6405220 0.0000000 0.0000000 0.0000000 0.0000000 0.0000000 0.0000000 0.0000000 0.0000000 0.0000000
2.6606023 0.0000000 0.0000000 0.0000000 0.0000000 0.0000000 0.0000000 0.0000000 0.0000000 0.0000000
