-------- p=5.000 a=2.000 mu=-2.200 N=10000000 time=2017-02-22 01:09:51 --------
5.000 2.000 m-2.200 10000000 2017-02-22 01:09:51
0.0100000 0.8632940 0.0013135 0.0000000 0.0000000 0.0000000 0.0000000 0.0000000 0.0000000 0.8646075
0.0300803 0.6426335 0.0052167 0.0000586 0.0000000 0.0000000 0.0000000 0.0000000 0.0000000 0.6479088
0.0501606 0.4783745 0.0083578 0.0000742 0.0000000 0.0000000 0.0000000 0.0000000 0.0000000 0.4868065
0.0702410 0.3561006 0.0106107 0.0001834 0.0000000 0.0000000 0.0000000 0.0000000 0.0000000 0.3668947
0.0903213 0.2650802 0.0115588 0.0002222 0.0000014 0.0000000 0.0000000 0.0000000 0.0000000 0.2768626
0.1104016 0.1973249 0.0117720 0.0003756 0.0000254 0.0000000 0.0000000 0.0000000 0.0000000 0.2094980
0.1304819 0.1468881 0.0114673 0.0004420 0.0000063 0.0000000 0.0000000 0.0000000 0.0000000 0.1588037
0.1505622 0.1093431 0.0106990 0.0005031 0.0000180 0.0000000 0.0000000 0.0000000 0.0000000 0.1205631
0.1706426 0.0813946 0.0097367 0.0005913 0.0000174 0.0000001 0.0000000 0.0000000 0.0000000 0.0917401
0.1907229 0.0605899 0.0086994 0.0006465 0.0000266 0.0000001 0.0000000 0.0000000 0.0000000 0.0699626
0.2108032 0.0451030 0.0075738 0.0006562 0.0000501 0.0000001 0.0000000 0.0000000 0.0000000 0.0533831
0.2308835 0.0335745 0.0065353 0.0006341 0.0000472 0.0000010 0.0000000 0.0000000 0.0000000 0.0407920
0.2509638 0.0249928 0.0055790 0.0006497 0.0000497 0.0000010 0.0000000 0.0000000 0.0000000 0.0312721
0.2710442 0.0186045 0.0047346 0.0006199 0.0000600 0.0000036 0.0000000 0.0000000 0.0000000 0.0240227
0.2911245 0.0138492 0.0039898 0.0005848 0.0000584 0.0000076 0.0000002 0.0000000 0.0000000 0.0184899
0.3112048 0.0103093 0.0033293 0.0005623 0.0000663 0.0000062 0.0000001 0.0000000 0.0000000 0.0142735
0.3312851 0.0076742 0.0027784 0.0004887 0.0000640 0.0000048 0.0000006 0.0000000 0.0000000 0.0110107
0.3513654 0.0057127 0.0023159 0.0004740 0.0000671 0.0000068 0.0000005 0.0000000 0.0000000 0.0085770
0.3714458 0.0042525 0.0019289 0.0004414 0.0000573 0.0000059 0.0000003 0.0000000 0.0000000 0.0066863
0.3915261 0.0031655 0.0016026 0.0004001 0.0000626 0.0000073 0.0000019 0.0000000 0.0000000 0.0052400
0.4116064 0.0023564 0.0013225 0.0003498 0.0000628 0.0000092 0.0000015 0.0000000 0.0000000 0.0041022
0.4316867 0.0017541 0.0010961 0.0003259 0.0000607 0.0000082 0.0000004 0.0000000 0.0000000 0.0032455
0.4517670 0.0013058 0.0009101 0.0002906 0.0000602 0.0000082 0.0000011 0.0000000 0.0000000 0.0025760
0.4718474 0.0009720 0.0007577 0.0002584 0.0000574 0.0000106 0.0000008 0.0000003 0.0000000 0.0020572
0.4919277 0.0007236 0.0006351 0.0002397 0.0000576 0.0000082 0.0000012 0.0000004 0.0000001 0.0016658
0.5120080 0.0005386 0.0005273 0.0002085 0.0000514 0.0000094 0.0000015 0.0000001 0.0000000 0.0013368
0.5320883 0.0004009 0.0004406 0.0001880 0.0000525 0.0000113 0.0000010 0.0000001 0.0000000 0.0010945
0.5521687 0.0002985 0.0003684 0.0001701 0.0000488 0.0000108 0.0000017 0.0000002 0.0000001 0.0008986
0.5722489 0.0002222 0.0003060 0.0001509 0.0000468 0.0000102 0.0000018 0.0000001 0.0000000 0.0007380
0.5923293 0.0001654 0.0002594 0.0001372 0.0000433 0.0000098 0.0000020 0.0000004 0.0000000 0.0006174
0.6124096 0.0001231 0.0002202 0.0001269 0.0000431 0.0000111 0.0000021 0.0000005 0.0000000 0.0005270
0.6324899 0.0000916 0.0001881 0.0001118 0.0000408 0.0000094 0.0000023 0.0000003 0.0000000 0.0004443
0.6525702 0.0000682 0.0001585 0.0001025 0.0000372 0.0000100 0.0000019 0.0000004 0.0000001 0.0003789
0.6726506 0.0000508 0.0001367 0.0000920 0.0000353 0.0000097 0.0000021 0.0000003 0.0000000 0.0003268
0.6927309 0.0000378 0.0001154 0.0000828 0.0000338 0.0000106 0.0000029 0.0000005 0.0000001 0.0002840
0.7128112 0.0000281 0.0000999 0.0000760 0.0000327 0.0000094 0.0000022 0.0000004 0.0000002 0.0002490
0.7328916 0.0000209 0.0000883 0.0000697 0.0000318 0.0000092 0.0000024 0.0000005 0.0000000 0.0002229
0.7529718 0.0000156 0.0000757 0.0000638 0.0000292 0.0000095 0.0000026 0.0000005 0.0000001 0.0001970
0.7730522 0.0000116 0.0000644 0.0000570 0.0000279 0.0000098 0.0000024 0.0000004 0.0000001 0.0001736
0.7931325 0.0000086 0.0000575 0.0000536 0.0000274 0.0000096 0.0000026 0.0000005 0.0000001 0.0001601
0.8132128 0.0000064 0.0000494 0.0000484 0.0000252 0.0000092 0.0000024 0.0000006 0.0000001 0.0001417
0.8332931 0.0000048 0.0000438 0.0000428 0.0000233 0.0000084 0.0000027 0.0000007 0.0000001 0.0001265
0.8533735 0.0000036 0.0000387 0.0000411 0.0000235 0.0000091 0.0000027 0.0000008 0.0000001 0.0001195
0.8734538 0.0000027 0.0000339 0.0000372 0.0000215 0.0000085 0.0000025 0.0000006 0.0000001 0.0001070
0.8935341 0.0000020 0.0000301 0.0000343 0.0000212 0.0000090 0.0000030 0.0000009 0.0000002 0.0001006
0.9136144 0.0000015 0.0000263 0.0000311 0.0000196 0.0000091 0.0000032 0.0000007 0.0000002 0.0000917
0.9336947 0.0000011 0.0000236 0.0000282 0.0000184 0.0000079 0.0000027 0.0000008 0.0000001 0.0000829
0.9537750 0.0000008 0.0000205 0.0000263 0.0000177 0.0000083 0.0000030 0.0000011 0.0000004 0.0000779
0.9738554 0.0000006 0.0000184 0.0000243 0.0000168 0.0000078 0.0000027 0.0000009 0.0000002 0.0000718
0.9939357 0.0000005 0.0000164 0.0000223 0.0000160 0.0000077 0.0000032 0.0000010 0.0000002 0.0000673
1.0140160 0.0000003 0.0000145 0.0000201 0.0000151 0.0000074 0.0000026 0.0000008 0.0000001 0.0000611
1.0340964 0.0000003 0.0000136 0.0000191 0.0000138 0.0000072 0.0000028 0.0000009 0.0000002 0.0000578
1.0541767 0.0000002 0.0000115 0.0000171 0.0000129 0.0000067 0.0000025 0.0000008 0.0000003 0.0000520
1.0742570 0.0000001 0.0000114 0.0000171 0.0000133 0.0000072 0.0000031 0.0000010 0.0000003 0.0000535
1.0943373 0.0000001 0.0000092 0.0000141 0.0000116 0.0000063 0.0000026 0.0000010 0.0000002 0.0000450
1.1144177 0.0000001 0.0000084 0.0000132 0.0000108 0.0000059 0.0000028 0.0000011 0.0000003 0.0000426
1.1344979 0.0000001 0.0000077 0.0000124 0.0000108 0.0000066 0.0000031 0.0000011 0.0000003 0.0000421
1.1545782 0.0000000 0.0000066 0.0000109 0.0000092 0.0000055 0.0000025 0.0000010 0.0000004 0.0000360
1.1746585 0.0000000 0.0000055 0.0000094 0.0000083 0.0000053 0.0000025 0.0000008 0.0000003 0.0000322
1.1947389 0.0000000 0.0000053 0.0000093 0.0000084 0.0000053 0.0000025 0.0000009 0.0000002 0.0000318
1.2148192 0.0000000 0.0000051 0.0000089 0.0000081 0.0000051 0.0000025 0.0000010 0.0000003 0.0000311
1.2348995 0.0000000 0.0000045 0.0000080 0.0000075 0.0000047 0.0000025 0.0000011 0.0000004 0.0000286
1.2549798 0.0000000 0.0000041 0.0000077 0.0000078 0.0000052 0.0000026 0.0000010 0.0000004 0.0000288
1.2750602 0.0000000 0.0000041 0.0000077 0.0000074 0.0000048 0.0000024 0.0000011 0.0000003 0.0000279
1.2951405 0.0000000 0.0000035 0.0000069 0.0000069 0.0000046 0.0000024 0.0000012 0.0000005 0.0000260
1.3152208 0.0000000 0.0000028 0.0000056 0.0000056 0.0000040 0.0000021 0.0000009 0.0000002 0.0000212
1.3353012 0.0000000 0.0000023 0.0000046 0.0000049 0.0000034 0.0000019 0.0000008 0.0000003 0.0000183
1.3553815 0.0000000 0.0000017 0.0000035 0.0000038 0.0000027 0.0000015 0.0000007 0.0000003 0.0000140
1.3754618 0.0000000 0.0000022 0.0000045 0.0000049 0.0000038 0.0000022 0.0000011 0.0000004 0.0000191
1.3955421 0.0000000 0.0000015 0.0000032 0.0000037 0.0000028 0.0000017 0.0000007 0.0000003 0.0000139
1.4156225 0.0000000 0.0000011 0.0000024 0.0000027 0.0000021 0.0000012 0.0000006 0.0000003 0.0000105
1.4357028 0.0000000 0.0000017 0.0000037 0.0000043 0.0000033 0.0000021 0.0000011 0.0000005 0.0000167
1.4557831 0.0000000 0.0000010 0.0000023 0.0000026 0.0000021 0.0000013 0.0000006 0.0000003 0.0000103
1.4758633 0.0000000 0.0000022 0.0000050 0.0000060 0.0000047 0.0000028 0.0000014 0.0000006 0.0000228
1.4959437 0.0000000 0.0000008 0.0000018 0.0000022 0.0000018 0.0000011 0.0000005 0.0000002 0.0000085
1.5160240 0.0000000 0.0000005 0.0000012 0.0000015 0.0000013 0.0000009 0.0000005 0.0000002 0.0000061
1.5361043 0.0000000 0.0000004 0.0000010 0.0000012 0.0000010 0.0000007 0.0000003 0.0000001 0.0000048
1.5561846 0.0000000 0.0000003 0.0000008 0.0000010 0.0000009 0.0000006 0.0000003 0.0000002 0.0000042
1.5762650 0.0000000 0.0000005 0.0000013 0.0000016 0.0000014 0.0000009 0.0000005 0.0000002 0.0000065
1.5963453 0.0000000 0.0000004 0.0000010 0.0000014 0.0000013 0.0000008 0.0000004 0.0000002 0.0000055
1.6164256 0.0000000 0.0000002 0.0000006 0.0000008 0.0000007 0.0000005 0.0000003 0.0000001 0.0000031
1.6365060 0.0000000 0.0000002 0.0000005 0.0000006 0.0000006 0.0000004 0.0000002 0.0000001 0.0000026
1.6565863 0.0000000 0.0000021 0.0000056 0.0000076 0.0000075 0.0000056 0.0000033 0.0000014 0.0000332
1.6766666 0.0000000 0.0000002 0.0000004 0.0000006 0.0000005 0.0000004 0.0000002 0.0000001 0.0000024
1.6967469 0.0000000 0.0000002 0.0000004 0.0000006 0.0000005 0.0000004 0.0000003 0.0000001 0.0000025
1.7168273 0.0000000 0.0000002 0.0000006 0.0000008 0.0000008 0.0000005 0.0000003 0.0000002 0.0000033
1.7369076 0.0000000 0.0000001 0.0000003 0.0000004 0.0000004 0.0000003 0.0000002 0.0000001 0.0000018
1.7569879 0.0000000 0.0000001 0.0000002 0.0000002 0.0000002 0.0000002 0.0000001 0.0000001 0.0000010
1.7770681 0.0000000 0.0000000 0.0000001 0.0000002 0.0000002 0.0000001 0.0000001 0.0000000 0.0000008
1.7971485 0.0000000 0.0000000 0.0000001 0.0000001 0.0000001 0.0000001 0.0000000 0.0000000 0.0000003
1.8172288 0.0000000 0.0000000 0.0000001 0.0000002 0.0000002 0.0000002 0.0000001 0.0000001 0.0000009
1.8373091 0.0000000 0.0000001 0.0000002 0.0000003 0.0000003 0.0000002 0.0000001 0.0000001 0.0000012
1.8573895 0.0000000 0.0000000 0.0000000 0.0000001 0.0000001 0.0000000 0.0000000 0.0000000 0.0000002
1.8774698 0.0000000 0.0000000 0.0000001 0.0000001 0.0000001 0.0000001 0.0000001 0.0000000 0.0000006
1.8975501 nan inf inf inf inf inf inf inf inf
1.9176304 nan inf inf inf inf inf inf inf inf
1.9377108 0.0000000 0.0000000 0.0000000 0.0000000 0.0000000 0.0000000 0.0000000 0.0000000 0.0000001
1.9577911 0.0000000 0.0000000 0.0000001 0.0000001 0.0000001 0.0000001 0.0000001 0.0000001 0.0000006
1.9778714 0.0000000 0.0000000 0.0000000 0.0000000 0.0000000 0.0000000 0.0000000 0.0000000 0.0000000
1.9979517 0.0000000 0.0000000 0.0000000 0.0000000 0.0000000 0.0000000 0.0000000 0.0000000 0.0000000
2.0180321 0.0000000 0.0000000 0.0000000 0.0000000 0.0000000 0.0000000 0.0000000 0.0000000 0.0000001
2.0381124 0.0000000 0.0000000 0.0000000 0.0000000 0.0000000 0.0000000 0.0000000 0.0000000 0.0000000
2.0581927 0.0000000 0.0000000 0.0000000 0.0000000 0.0000000 0.0000000 0.0000000 0.0000000 0.0000000
2.0782731 nan inf inf inf inf inf inf inf inf
2.0983534 0.0000000 0.0000000 0.0000000 0.0000000 0.0000000 0.0000000 0.0000000 0.0000000 0.0000000
2.1184337 nan inf inf inf inf inf inf inf inf
2.1385140 0.0000000 0.0000000 0.0000000 0.0000000 0.0000000 0.0000000 0.0000000 0.0000000 0.0000000
2.1585944 0.0000000 0.0000000 0.0000000 0.0000000 0.0000000 0.0000000 0.0000000 0.0000000 0.0000000
2.1786747 nan inf inf inf inf inf inf inf inf
2.1987550 nan inf inf inf inf inf inf inf inf
2.2188354 0.0000000 0.0000000 0.0000000 0.0000000 0.0000000 0.0000000 0.0000000 0.0000000 0.0000000
2.2389157 0.0000000 0.0000000 0.0000000 0.0000000 0.0000000 0.0000000 0.0000000 0.0000000 0.0000000
2.2589958 0.0000000 0.0000000 0.0000000 0.0000000 0.0000000 0.0000000 0.0000000 0.0000000 0.0000000
2.2790761 0.0000000 0.0000000 0.0000000 0.0000000 0.0000000 0.0000000 0.0000000 0.0000000 0.0000000
2.2991564 nan inf inf inf inf inf inf inf inf
2.3192368 nan inf inf inf inf inf inf inf inf
2.3393171 nan inf inf inf inf inf inf inf inf
2.3593974 nan inf inf inf inf inf inf inf inf
2.3794777 nan inf inf inf inf inf inf inf inf
2.3995581 0.0000000 0.0000000 0.0000000 0.0000000 0.0000000 0.0000000 0.0000000 0.0000000 0.0000000
2.4196384 nan inf inf inf inf inf inf inf inf
2.4397187 0.0000000 0.0000000 0.0000000 0.0000000 0.0000000 0.0000000 0.0000000 0.0000000 0.0000000
2.4597991 nan inf inf inf inf inf inf inf inf
2.4798794 0.0000000 0.0000000 0.0000000 0.0000000 0.0000000 0.0000000 0.0000000 0.0000000 0.0000000
2.4999597 0.0000000 0.0000000 0.0000000 0.0000000 0.0000000 0.0000000 0.0000000 0.0000000 0.0000000
2.5200400 0.0000000 0.0000000 0.0000000 0.0000000 0.0000000 0.0000000 0.0000000 0.0000000 0.0000000
2.5401204 0.0000000 0.0000000 0.0000000 0.0000000 0.0000000 0.0000000 0.0000000 0.0000000 0.0000000
2.5602007 0.0000000 0.0000000 0.0000000 0.0000000 0.0000000 0.0000000 0.0000000 0.0000000 0.0000000
2.5802810 0.0000000 0.0000000 0.0000000 0.0000000 0.0000000 0.0000000 0.0000000 0.0000000 0.0000000
2.6003613 0.0000000 0.0000000 0.0000000 0.0000000 0.0000000 0.0000000 0.0000000 0.0000000 0.0000000
2.6204417 nan inf inf inf inf inf inf inf inf
2.6405220 0.0000000 0.0000000 0.0000000 0.0000000 0.0000000 0.0000000 0.0000000 0.0000000 0.0000000
2.6606023 nan inf inf inf inf inf inf inf inf
2.6806827 nan inf inf inf inf inf inf inf inf
2.7007630 nan inf inf inf inf inf inf inf inf
2.7208433 nan inf inf inf inf inf inf inf inf
2.7409236 nan inf inf inf inf inf inf inf inf
2.7610040 nan inf inf inf inf inf inf inf inf
2.7810843 nan inf inf inf inf inf inf inf inf
2.8011646 nan inf inf inf inf inf inf inf inf
2.8212450 nan inf inf inf inf inf inf inf inf
2.8413253 nan inf inf inf inf inf inf inf inf
2.8614056 nan inf inf inf inf inf inf inf inf
2.8814859 nan inf inf inf inf inf inf inf inf
2.9015663 nan inf inf inf inf inf inf inf inf
2.9216464 nan inf inf inf inf inf inf inf inf
2.9417267 nan inf inf inf inf inf inf inf inf
2.9618070 nan inf inf inf inf inf inf inf inf
2.9818873 nan inf inf inf inf inf inf inf inf
3.0019677 nan inf inf inf inf inf inf inf inf
3.0220480 nan inf inf inf inf inf inf inf inf
3.0421283 nan inf inf inf inf inf inf inf inf
3.0622087 nan inf inf inf inf inf inf inf inf
3.0822890 nan inf inf inf inf inf inf inf inf
3.1023693 nan inf inf inf inf inf inf inf inf
3.1224496 nan inf inf inf inf inf inf inf inf
3.1425300 nan inf inf inf inf inf inf inf inf
3.1626103 nan inf inf inf inf inf inf inf inf
3.1826906 nan inf inf inf inf inf inf inf inf
3.2027709 nan inf inf inf inf inf inf inf inf
3.2228513 0.0000000 0.0000000 0.0000000 0.0000000 0.0000000 0.0000000 0.0000000 0.0000000 0.0000000
3.2429316 nan inf inf inf inf inf inf inf inf
3.2630119 nan inf inf inf inf inf inf inf inf
3.2830923 nan inf inf inf inf inf inf inf inf
3.3031726 nan inf inf inf inf inf inf inf inf
3.3232529 nan inf inf inf inf inf inf inf inf
3.3433332 0.0000000 0.0000000 0.0000000 0.0000000 0.0000000 0.0000000 0.0000000 0.0000000 0.0000000
3.3634136 nan inf inf inf inf inf inf inf inf
3.3834939 nan inf inf inf inf inf inf inf inf
3.4035742 nan inf inf inf inf inf inf inf inf
3.4236546 nan inf inf inf inf inf inf inf inf
3.4437349 nan inf inf inf inf inf inf inf inf
3.4638152 nan inf inf inf inf inf inf inf inf
3.4838955 nan inf inf inf inf inf inf inf inf
3.5039759 nan inf inf inf inf inf inf inf inf
3.5240562 nan inf inf inf inf inf inf inf inf
3.5441363 nan inf inf inf inf inf inf inf inf
3.5642166 nan inf inf inf inf inf inf inf inf
3.5842969 nan inf inf inf inf inf inf inf inf
3.6043773 nan inf inf inf inf inf inf inf inf
3.6244576 nan inf inf inf inf inf inf inf inf
3.6445379 nan inf inf inf inf inf inf inf inf
3.6646183 nan inf inf inf inf inf inf inf inf
3.6846986 nan inf inf inf inf inf inf inf inf
3.7047789 nan inf inf inf inf inf inf inf inf
3.7248592 nan inf inf inf inf inf inf inf inf
3.7449396 nan inf inf inf inf inf inf inf inf
3.7650199 nan inf inf inf inf inf inf inf inf
3.7851002 nan inf inf inf inf inf inf inf inf
3.8051805 nan inf inf inf inf inf inf inf inf
3.8252609 nan inf inf inf inf inf inf inf inf
3.8453412 nan inf inf inf inf inf inf inf inf
3.8654215 nan inf inf inf inf inf inf inf inf
3.8855019 nan inf inf inf inf inf inf inf inf
3.9055822 nan inf inf inf inf inf inf inf inf
3.9256625 nan inf inf inf inf inf inf inf inf
3.9457428 nan inf inf inf inf inf inf inf inf
3.9658232 nan inf inf inf inf inf inf inf inf
3.9859035 nan inf inf inf inf inf inf inf inf
4.0059838 nan inf inf inf inf inf inf inf inf
4.0260644 nan inf inf inf inf inf inf inf inf
4.0461445 nan inf inf inf inf inf inf inf inf
4.0662251 nan inf inf inf inf inf inf inf inf
4.0863051 nan inf inf inf inf inf inf inf inf
4.1063857 nan inf inf inf inf inf inf inf inf
4.1264658 nan inf inf inf inf inf inf inf inf
4.1465464 nan inf inf inf inf inf inf inf inf
4.1666265 nan inf inf inf inf inf inf inf inf
4.1867070 nan inf inf inf inf inf inf inf inf
4.2067871 nan inf inf inf inf inf inf inf inf
4.2268677 nan inf inf inf inf inf inf inf inf
4.2469478 nan inf inf inf inf inf inf inf inf
4.2670283 nan inf inf inf inf inf inf inf inf
4.2871084 nan inf inf inf inf inf inf inf inf
4.3071890 0.0000000 0.0000000 0.0000000 0.0000000 0.0000000 0.0000000 0.0000000 0.0000000 0.0000000
4.3272691 nan inf inf inf inf inf inf inf inf
4.3473496 nan inf inf inf inf inf inf inf inf
4.3674297 nan inf inf inf inf inf inf inf inf
4.3875103 nan inf inf inf inf inf inf inf inf
4.4075904 nan inf inf inf inf inf inf inf inf
4.4276710 nan inf inf inf inf inf inf inf inf
4.4477510 nan inf inf inf inf inf inf inf inf
4.4678316 nan inf inf inf inf inf inf inf inf
4.4879117 nan inf inf inf inf inf inf inf inf
4.5079918 nan inf inf inf inf inf inf inf inf
4.5280724 nan inf inf inf inf inf inf inf inf
4.5481524 nan inf inf inf inf inf inf inf inf
4.5682330 nan inf inf inf inf inf inf inf inf
4.5883131 nan inf inf inf inf inf inf inf inf
4.6083937 nan inf inf inf inf inf inf inf inf