-------- p=5.000 a=2.000 mu=-2.200 N=20000000 time=2017-02-23 07:05:08 --------
0.0100000 0.8632940 0.0013211 0.0000000 0.0000000 0.0000000 0.0000000 0.0000000 0.0000000 0.8646151
0.0300803 0.6426335 0.0050842 0.0000174 0.0000000 0.0000000 0.0000000 0.0000000 0.0000000 0.6477351
0.0501606 0.4783745 0.0083659 0.0001330 0.0000000 0.0000000 0.0000000 0.0000000 0.0000000 0.4868735
0.0702410 0.3561006 0.0104886 0.0001893 0.0000008 0.0000000 0.0000000 0.0000000 0.0000000 0.3667793
0.0903213 0.2650802 0.0114773 0.0002864 0.0000003 0.0000000 0.0000000 0.0000000 0.0000000 0.2768442
0.1104016 0.1973249 0.0117760 0.0003956 0.0000071 0.0000000 0.0000000 0.0000000 0.0000000 0.2095037
0.1304819 0.1468881 0.0114059 0.0004565 0.0000169 0.0000000 0.0000000 0.0000000 0.0000000 0.1587674
0.1505622 0.1093431 0.0106814 0.0005076 0.0000151 0.0000000 0.0000000 0.0000000 0.0000000 0.1205472
0.1706426 0.0813946 0.0097345 0.0005882 0.0000308 0.0000001 0.0000000 0.0000000 0.0000000 0.0917482
0.1907229 0.0605899 0.0086389 0.0006276 0.0000430 0.0000003 0.0000000 0.0000000 0.0000000 0.0698996
0.2108032 0.0451030 0.0075538 0.0006567 0.0000426 0.0000020 0.0000000 0.0000000 0.0000000 0.0533580
0.2308835 0.0335745 0.0065279 0.0006548 0.0000553 0.0000044 0.0000000 0.0000000 0.0000000 0.0408170
0.2509638 0.0249928 0.0055823 0.0006365 0.0000562 0.0000023 0.0000000 0.0000000 0.0000000 0.0312701
0.2710442 0.0186045 0.0047326 0.0006088 0.0000484 0.0000053 0.0000000 0.0000000 0.0000000 0.0239997
0.2911245 0.0138492 0.0039769 0.0005833 0.0000583 0.0000040 0.0000000 0.0000000 0.0000000 0.0184718
0.3112048 0.0103093 0.0033273 0.0005389 0.0000533 0.0000053 0.0000001 0.0000000 0.0000000 0.0142343
0.3312851 0.0076742 0.0027807 0.0005133 0.0000629 0.0000067 0.0000003 0.0000000 0.0000000 0.0110380
0.3513654 0.0057127 0.0023140 0.0004450 0.0000572 0.0000059 0.0000009 0.0000000 0.0000000 0.0085355
0.3714458 0.0042525 0.0019254 0.0004322 0.0000625 0.0000068 0.0000001 0.0000000 0.0000000 0.0066793
0.3915261 0.0031655 0.0015921 0.0003887 0.0000627 0.0000075 0.0000003 0.0000000 0.0000000 0.0052168
0.4116064 0.0023564 0.0013218 0.0003510 0.0000616 0.0000077 0.0000009 0.0000000 0.0000000 0.0040994
0.4316867 0.0017541 0.0010974 0.0003264 0.0000626 0.0000080 0.0000006 0.0000000 0.0000000 0.0032492
0.4517670 0.0013058 0.0009138 0.0002833 0.0000577 0.0000095 0.0000009 0.0000001 0.0000000 0.0025711
0.4718474 0.0009720 0.0007579 0.0002607 0.0000571 0.0000095 0.0000006 0.0000001 0.0000000 0.0020580
0.4919277 0.0007236 0.0006315 0.0002323 0.0000547 0.0000103 0.0000012 0.0000003 0.0000000 0.0016538
0.5120080 0.0005386 0.0005246 0.0002091 0.0000534 0.0000099 0.0000009 0.0000000 0.0000000 0.0013366
0.5320883 0.0004009 0.0004410 0.0001896 0.0000532 0.0000107 0.0000016 0.0000003 0.0000000 0.0010973
0.5521687 0.0002985 0.0003676 0.0001714 0.0000489 0.0000102 0.0000020 0.0000003 0.0000000 0.0008989
0.5722489 0.0002222 0.0003110 0.0001526 0.0000463 0.0000096 0.0000018 0.0000003 0.0000000 0.0007437
0.5923293 0.0001654 0.0002614 0.0001385 0.0000440 0.0000099 0.0000014 0.0000002 0.0000000 0.0006207
0.6124096 0.0001231 0.0002212 0.0001261 0.0000444 0.0000104 0.0000022 0.0000005 0.0000003 0.0005282
0.6324899 0.0000916 0.0001864 0.0001120 0.0000413 0.0000104 0.0000020 0.0000003 0.0000000 0.0004440
0.6525702 0.0000682 0.0001601 0.0001030 0.0000390 0.0000108 0.0000021 0.0000002 0.0000000 0.0003835
0.6726506 0.0000508 0.0001366 0.0000928 0.0000373 0.0000106 0.0000025 0.0000005 0.0000000 0.0003311
0.6927309 0.0000378 0.0001154 0.0000839 0.0000351 0.0000105 0.0000023 0.0000003 0.0000000 0.0002853
0.7128112 0.0000281 0.0001013 0.0000771 0.0000335 0.0000101 0.0000021 0.0000004 0.0000002 0.0002528
0.7328916 0.0000209 0.0000860 0.0000688 0.0000313 0.0000102 0.0000025 0.0000006 0.0000000 0.0002203
0.7529718 0.0000156 0.0000752 0.0000632 0.0000302 0.0000097 0.0000022 0.0000004 0.0000001 0.0001965
0.7730522 0.0000116 0.0000646 0.0000572 0.0000282 0.0000102 0.0000027 0.0000005 0.0000002 0.0001752
0.7931325 0.0000086 0.0000568 0.0000527 0.0000270 0.0000097 0.0000028 0.0000006 0.0000002 0.0001584
0.8132128 0.0000064 0.0000497 0.0000478 0.0000256 0.0000095 0.0000028 0.0000008 0.0000001 0.0001427
0.8332931 0.0000048 0.0000440 0.0000444 0.0000243 0.0000092 0.0000026 0.0000006 0.0000002 0.0001301
0.8533735 0.0000036 0.0000380 0.0000400 0.0000224 0.0000082 0.0000025 0.0000006 0.0000001 0.0001154
0.8734538 0.0000027 0.0000338 0.0000372 0.0000222 0.0000091 0.0000028 0.0000007 0.0000001 0.0001087
0.8935341 0.0000020 0.0000296 0.0000340 0.0000205 0.0000083 0.0000027 0.0000007 0.0000002 0.0000979
0.9136144 0.0000015 0.0000267 0.0000313 0.0000199 0.0000086 0.0000028 0.0000008 0.0000002 0.0000918
0.9336947 0.0000011 0.0000233 0.0000283 0.0000181 0.0000078 0.0000027 0.0000008 0.0000002 0.0000824
0.9537750 0.0000008 0.0000208 0.0000261 0.0000174 0.0000079 0.0000029 0.0000008 0.0000002 0.0000768
0.9738554 0.0000006 0.0000191 0.0000248 0.0000170 0.0000083 0.0000030 0.0000009 0.0000002 0.0000738
0.9939357 0.0000005 0.0000165 0.0000220 0.0000155 0.0000075 0.0000030 0.0000010 0.0000002 0.0000661
1.0140160 0.0000003 0.0000145 0.0000203 0.0000146 0.0000074 0.0000028 0.0000008 0.0000002 0.0000611
1.0340964 0.0000003 0.0000136 0.0000192 0.0000144 0.0000074 0.0000029 0.0000009 0.0000003 0.0000590
1.0541767 0.0000002 0.0000118 0.0000174 0.0000134 0.0000071 0.0000029 0.0000010 0.0000003 0.0000541
1.0742570 0.0000001 0.0000111 0.0000165 0.0000130 0.0000069 0.0000030 0.0000010 0.0000003 0.0000519
1.0943373 0.0000001 0.0000094 0.0000145 0.0000115 0.0000064 0.0000028 0.0000010 0.0000004 0.0000461
1.1144177 0.0000001 0.0000087 0.0000137 0.0000116 0.0000064 0.0000029 0.0000010 0.0000003 0.0000447
1.1344979 0.0000001 0.0000079 0.0000128 0.0000108 0.0000063 0.0000027 0.0000010 0.0000003 0.0000419
1.1545782 0.0000000 0.0000069 0.0000116 0.0000099 0.0000058 0.0000027 0.0000010 0.0000003 0.0000383
1.1746585 0.0000000 0.0000064 0.0000109 0.0000097 0.0000058 0.0000028 0.0000010 0.0000004 0.0000369
1.1947389 0.0000000 0.0000052 0.0000089 0.0000081 0.0000051 0.0000024 0.0000009 0.0000003 0.0000310
1.2148192 0.0000000 0.0000052 0.0000090 0.0000081 0.0000050 0.0000024 0.0000010 0.0000004 0.0000312
1.2348995 0.0000000 0.0000048 0.0000088 0.0000085 0.0000057 0.0000027 0.0000010 0.0000003 0.0000319
1.2549798 0.0000000 0.0000041 0.0000075 0.0000071 0.0000046 0.0000025 0.0000011 0.0000004 0.0000273
1.2750602 0.0000000 0.0000035 0.0000064 0.0000062 0.0000040 0.0000021 0.0000009 0.0000003 0.0000234
1.2951405 0.0000000 0.0000032 0.0000061 0.0000061 0.0000042 0.0000022 0.0000010 0.0000003 0.0000231
1.3152208 0.0000000 0.0000025 0.0000049 0.0000050 0.0000035 0.0000019 0.0000009 0.0000004 0.0000192
1.3353012 0.0000000 0.0000025 0.0000050 0.0000052 0.0000037 0.0000020 0.0000008 0.0000003 0.0000195
1.3553815 0.0000000 0.0000027 0.0000054 0.0000057 0.0000042 0.0000022 0.0000009 0.0000003 0.0000215
1.3754618 0.0000000 0.0000025 0.0000052 0.0000056 0.0000041 0.0000023 0.0000010 0.0000004 0.0000211
1.3955421 0.0000000 0.0000016 0.0000035 0.0000039 0.0000030 0.0000018 0.0000009 0.0000003 0.0000151
1.4156225 0.0000000 0.0000016 0.0000034 0.0000038 0.0000028 0.0000017 0.0000008 0.0000003 0.0000143
1.4357028 0.0000000 0.0000013 0.0000028 0.0000032 0.0000025 0.0000015 0.0000007 0.0000003 0.0000123
1.4557831 0.0000000 0.0000012 0.0000028 0.0000032 0.0000026 0.0000015 0.0000007 0.0000003 0.0000124
1.4758633 0.0000000 0.0000015 0.0000035 0.0000041 0.0000033 0.0000020 0.0000010 0.0000004 0.0000157
1.4959437 0.0000000 0.0000008 0.0000018 0.0000021 0.0000017 0.0000011 0.0000006 0.0000003 0.0000082
1.5160240 0.0000000 0.0000012 0.0000028 0.0000034 0.0000028 0.0000018 0.0000010 0.0000004 0.0000134
1.5361043 0.0000000 0.0000006 0.0000013 0.0000017 0.0000015 0.0000009 0.0000005 0.0000002 0.0000068
1.5561846 0.0000000 0.0000003 0.0000008 0.0000010 0.0000009 0.0000006 0.0000003 0.0000001 0.0000039
1.5762650 0.0000000 0.0000002 0.0000006 0.0000008 0.0000007 0.0000005 0.0000002 0.0000001 0.0000031
1.5963453 0.0000000 0.0000003 0.0000007 0.0000008 0.0000007 0.0000005 0.0000003 0.0000001 0.0000034
1.6164256 0.0000000 0.0000002 0.0000005 0.0000007 0.0000006 0.0000005 0.0000002 0.0000001 0.0000029
1.6365060 0.0000000 0.0000004 0.0000011 0.0000014 0.0000013 0.0000008 0.0000005 0.0000002 0.0000058
1.6565863 0.0000000 0.0000001 0.0000004 0.0000005 0.0000005 0.0000003 0.0000002 0.0000001 0.0000021
1.6766666 0.0000000 0.0000001 0.0000004 0.0000005 0.0000005 0.0000004 0.0000002 0.0000001 0.0000023
1.6967469 0.0000000 0.0000004 0.0000010 0.0000014 0.0000013 0.0000009 0.0000005 0.0000003 0.0000058
1.7168273 0.0000000 0.0000001 0.0000004 0.0000006 0.0000005 0.0000004 0.0000002 0.0000001 0.0000024
1.7369076 0.0000000 0.0000000 0.0000001 0.0000002 0.0000002 0.0000001 0.0000001 0.0000000 0.0000007
1.7569879 0.0000000 0.0000002 0.0000005 0.0000007 0.0000007 0.0000006 0.0000003 0.0000002 0.0000031
1.7770681 0.0000000 0.0000001 0.0000001 0.0000002 0.0000002 0.0000002 0.0000001 0.0000000 0.0000009
1.7971485 0.0000000 0.0000000 0.0000001 0.0000002 0.0000002 0.0000001 0.0000001 0.0000000 0.0000008
1.8172288 0.0000000 0.0000000 0.0000000 0.0000001 0.0000001 0.0000001 0.0000000 0.0000000 0.0000003
1.8373091 0.0000000 0.0000001 0.0000002 0.0000003 0.0000003 0.0000002 0.0000002 0.0000001 0.0000013
1.8573895 0.0000000 0.0000000 0.0000001 0.0000001 0.0000001 0.0000001 0.0000001 0.0000000 0.0000005
1.8774698 0.0000000 0.0000000 0.0000000 0.0000000 0.0000000 0.0000000 0.0000000 0.0000000 0.0000001
1.8975501 0.0000000 0.0000000 0.0000001 0.0000002 0.0000003 0.0000002 0.0000001 0.0000001 0.0000011
1.9176304 0.0000000 0.0000000 0.0000000 0.0000000 0.0000000 0.0000000 0.0000000 0.0000000 0.0000001
1.9377108 0.0000000 0.0000000 0.0000000 0.0000000 0.0000000 0.0000000 0.0000000 0.0000000 0.0000001
1.9577911 0.0000000 0.0000000 0.0000000 0.0000000 0.0000000 0.0000000 0.0000000 0.0000000 0.0000001
1.9778714 0.0000000 0.0000000 0.0000000 0.0000000 0.0000000 0.0000000 0.0000000 0.0000000 0.0000001
1.9979517 0.0000000 0.0000000 0.0000000 0.0000000 0.0000000 0.0000000 0.0000000 0.0000000 0.0000000
2.0180321 0.0000000 0.0000000 0.0000000 0.0000001 0.0000001 0.0000001 0.0000001 0.0000000 0.0000004
2.0381124 0.0000000 0.0000000 0.0000000 0.0000000 0.0000000 0.0000000 0.0000000 0.0000000 0.0000002
2.0581927 0.0000000 0.0000000 0.0000000 0.0000000 0.0000000 0.0000000 0.0000000 0.0000000 0.0000000
2.0782731 0.0000000 0.0000000 0.0000000 0.0000000 0.0000000 0.0000000 0.0000000 0.0000000 0.0000000
2.0983534 0.0000000 0.0000000 0.0000000 0.0000000 0.0000000 0.0000000 0.0000000 0.0000000 0.0000000
2.1184337 0.0000000 0.0000000 0.0000000 0.0000000 0.0000000 0.0000000 0.0000000 0.0000000 0.0000000
2.1385140 0.0000000 0.0000000 0.0000000 0.0000000 0.0000000 0.0000000 0.0000000 0.0000000 0.0000001
2.1585944 0.0000000 0.0000000 0.0000000 0.0000000 0.0000000 0.0000000 0.0000000 0.0000000 0.0000000
2.1786747 -nan inf inf inf inf inf inf inf inf
2.1987550 0.0000000 0.0000000 0.0000000 0.0000000 0.0000000 0.0000000 0.0000000 0.0000000 0.0000000
2.2188354 0.0000000 0.0000000 0.0000000 0.0000000 0.0000000 0.0000000 0.0000000 0.0000000 0.0000000
2.2389157 0.0000000 0.0000000 0.0000000 0.0000000 0.0000000 0.0000000 0.0000000 0.0000000 0.0000000
2.2589958 0.0000000 0.0000000 0.0000000 0.0000000 0.0000000 0.0000000 0.0000000 0.0000000 0.0000000
2.2790761 -nan inf inf inf inf inf inf inf inf
2.2991564 -nan inf inf inf inf inf inf inf inf
2.3192368 0.0000000 0.0000000 0.0000000 0.0000000 0.0000000 0.0000000 0.0000000 0.0000000 0.0000000
2.3393171 -nan inf inf inf inf inf inf inf inf
2.3593974 0.0000000 0.0000000 0.0000000 0.0000000 0.0000000 0.0000000 0.0000000 0.0000000 0.0000000
2.3794777 0.0000000 0.0000000 0.0000000 0.0000000 0.0000000 0.0000000 0.0000000 0.0000000 0.0000000
2.3995581 0.0000000 0.0000000 0.0000000 0.0000000 0.0000000 0.0000000 0.0000000 0.0000000 0.0000000
2.4196384 0.0000000 0.0000000 0.0000000 0.0000000 0.0000000 0.0000000 0.0000000 0.0000000 0.0000000
2.4397187 -nan inf inf inf inf inf inf inf inf
2.4597991 0.0000000 0.0000000 0.0000000 0.0000000 0.0000000 0.0000000 0.0000000 0.0000000 0.0000000
2.4798794 -nan inf inf inf inf inf inf inf inf
2.4999597 0.0000000 0.0000000 0.0000000 0.0000000 0.0000000 0.0000000 0.0000000 0.0000000 0.0000000
2.5200400 -nan inf inf inf inf inf inf inf inf
2.5401204 -nan inf inf inf inf inf inf inf inf
2.5602007 -nan inf inf inf inf inf inf inf inf
2.5802810 0.0000000 0.0000000 0.0000000 0.0000000 0.0000000 0.0000000 0.0000000 0.0000000 0.0000000
2.6003613 0.0000000 0.0000000 0.0000000 0.0000000 0.0000000 0.0000000 0.0000000 0.0000000 0.0000000
2.6204417 -nan inf inf inf inf inf inf inf inf
2.6405220 -nan inf inf inf inf inf inf inf inf
2.6606023 -nan inf inf inf inf inf inf inf inf
2.6806827 -nan inf inf inf inf inf inf inf inf
2.7007630 -nan inf inf inf inf inf inf inf inf
2.7208433 0.0000000 0.0000000 0.0000000 0.0000000 0.0000000 0.0000000 0.0000000 0.0000000 0.0000000
2.7409236 0.0000000 0.0000000 0.0000000 0.0000000 0.0000000 0.0000000 0.0000000 0.0000000 0.0000000
2.7610040 0.0000000 0.0000000 0.0000000 0.0000000 0.0000000 0.0000000 0.0000000 0.0000000 0.0000000
2.7810843 -nan inf inf inf inf inf inf inf inf
2.8011646 -nan inf inf inf inf inf inf inf inf
2.8212450 -nan inf inf inf inf inf inf inf inf
2.8413253 -nan inf inf inf inf inf inf inf inf
2.8614056 -nan inf inf inf inf inf inf inf inf
2.8814859 -nan inf inf inf inf inf inf inf inf
2.9015663 -nan inf inf inf inf inf inf inf inf
2.9216464 -nan inf inf inf inf inf inf inf inf
2.9417267 -nan inf inf inf inf inf inf inf inf
2.9618070 -nan inf inf inf inf inf inf inf inf
2.9818873 -nan inf inf inf inf inf inf inf inf
3.0019677 -nan inf inf inf inf inf inf inf inf
3.0220480 -nan inf inf inf inf inf inf inf inf
3.0421283 -nan inf inf inf inf inf inf inf inf
3.0622087 0.0000000 0.0000000 0.0000000 0.0000000 0.0000000 0.0000000 0.0000000 0.0000000 0.0000000
3.0822890 -nan inf inf inf inf inf inf inf inf
3.1023693 -nan inf inf inf inf inf inf inf inf
3.1224496 -nan inf inf inf inf inf inf inf inf
3.1425300 0.0000000 0.0000000 0.0000000 0.0000000 0.0000000 0.0000000 0.0000000 0.0000000 0.0000000
3.1626103 -nan inf inf inf inf inf inf inf inf
3.1826906 -nan inf inf inf inf inf inf inf inf
3.2027709 -nan inf inf inf inf inf inf inf inf
3.2228513 -nan inf inf inf inf inf inf inf inf
3.2429316 -nan inf inf inf inf inf inf inf inf
3.2630119 -nan inf inf inf inf inf inf inf inf
3.2830923 -nan inf inf inf inf inf inf inf inf
3.3031726 -nan inf inf inf inf inf inf inf inf
3.3232529 -nan inf inf inf inf inf inf inf inf
3.3433332 -nan inf inf inf inf inf inf inf inf
3.3634136 -nan inf inf inf inf inf inf inf inf
3.3834939 -nan inf inf inf inf inf inf inf inf
3.4035742 -nan inf inf inf inf inf inf inf inf
3.4236546 -nan inf inf inf inf inf inf inf inf
3.4437349 -nan inf inf inf inf inf inf inf inf
3.4638152 -nan inf inf inf inf inf inf inf inf
3.4838955 -nan inf inf inf inf inf inf inf inf
3.5039759 -nan inf inf inf inf inf inf inf inf
3.5240562 -nan inf inf inf inf inf inf inf inf
3.5441363 -nan inf inf inf inf inf inf inf inf
3.5642166 -nan inf inf inf inf inf inf inf inf
3.5842969 -nan inf inf inf inf inf inf inf inf
3.6043773 -nan inf inf inf inf inf inf inf inf
3.6244576 -nan inf inf inf inf inf inf inf inf
3.6445379 -nan inf inf inf inf inf inf inf inf
3.6646183 -nan inf inf inf inf inf inf inf inf
3.6846986 -nan inf inf inf inf inf inf inf inf
3.7047789 -nan inf inf inf inf inf inf inf inf
3.7248592 -nan inf inf inf inf inf inf inf inf
3.7449396 -nan inf inf inf inf inf inf inf inf
3.7650199 -nan inf inf inf inf inf inf inf inf
3.7851002 -nan inf inf inf inf inf inf inf inf
3.8051805 -nan inf inf inf inf inf inf inf inf
3.8252609 -nan inf inf inf inf inf inf inf inf
3.8453412 -nan inf inf inf inf inf inf inf inf
3.8654215 -nan inf inf inf inf inf inf inf inf
3.8855019 -nan inf inf inf inf inf inf inf inf
3.9055822 -nan inf inf inf inf inf inf inf inf
3.9256625 -nan inf inf inf inf inf inf inf inf
3.9457428 -nan inf inf inf inf inf inf inf inf
3.9658232 -nan inf inf inf inf inf inf inf inf
3.9859035 -nan inf inf inf inf inf inf inf inf
4.0059838 -nan inf inf inf inf inf inf inf inf
4.0260644 -nan inf inf inf inf inf inf inf inf
4.0461445 -nan inf inf inf inf inf inf inf inf
4.0662251 -nan inf inf inf inf inf inf inf inf
4.0863051 -nan inf inf inf inf inf inf inf inf
4.1063857 -nan inf inf inf inf inf inf inf inf
4.1264658 -nan inf inf inf inf inf inf inf inf
4.1465464 -nan inf inf inf inf inf inf inf inf
4.1666265 -nan inf inf inf inf inf inf inf inf
4.1867070 -nan inf inf inf inf inf inf inf inf
4.2067871 -nan inf inf inf inf inf inf inf inf
4.2268677 -nan inf inf inf inf inf inf inf inf
4.2469478 -nan inf inf inf inf inf inf inf inf
4.2670283 -nan inf inf inf inf inf inf inf inf
4.2871084 -nan inf inf inf inf inf inf inf inf
4.3071890 -nan inf inf inf inf inf inf inf inf
4.3272691 -nan inf inf inf inf inf inf inf inf
4.3473496 -nan inf inf inf inf inf inf inf inf
4.3674297 -nan inf inf inf inf inf inf inf inf
4.3875103 -nan inf inf inf inf inf inf inf inf
4.4075904 -nan inf inf inf inf inf inf inf inf
4.4276710 -nan inf inf inf inf inf inf inf inf
4.4477510 -nan inf inf inf inf inf inf inf inf
4.4678316 -nan inf inf inf inf inf inf inf inf
4.4879117 -nan inf inf inf inf inf inf inf inf
4.5079918 -nan inf inf inf inf inf inf inf inf
4.5280724 -nan inf inf inf inf inf inf inf inf
4.5481524 -nan inf inf inf inf inf inf inf inf
4.5682330 -nan inf inf inf inf inf inf inf inf
4.5883131 -nan inf inf inf inf inf inf inf inf
4.6083937 -nan inf inf inf inf inf inf inf inf
4.6284738 -nan inf inf inf inf inf inf inf inf
4.6485543 -nan inf inf inf inf inf inf inf inf
4.6686344 -nan inf inf inf inf inf inf inf inf
4.6887150 -nan inf inf inf inf inf inf inf inf
4.7087951 0.0000000 0.0000000 0.0000000 0.0000000 0.0000000 0.0000000 0.0000000 0.0000000 0.0000000
4.7288756 -nan inf inf inf inf inf inf inf inf
4.7489557 -nan inf inf inf inf inf inf inf inf
4.7690363 -nan inf inf inf inf inf inf inf inf
4.7891164 -nan inf inf inf inf inf inf inf inf
4.8091969 -nan inf inf inf inf inf inf inf inf
4.8292770 -nan inf inf inf inf inf inf inf inf
4.8493576 -nan inf inf inf inf inf inf inf inf
4.8694377 -nan inf inf inf inf inf inf inf inf
4.8895183 -nan inf inf inf inf inf inf inf inf
4.9095984 -nan inf inf inf inf inf inf inf inf
4.9296789 -nan inf inf inf inf inf inf inf inf
4.9497590 -nan inf inf inf inf inf inf inf inf
4.9698396 -nan inf inf inf inf inf inf inf inf
